@relation .a/eda_smooth_ml/eda_smooth_ml
@attribute Sound real [46.22267342, 79.2527832]
@attribute Dust real [0.02916129, 0.39787096]
@attribute TempEN real [10.521, 26.891]
@attribute RH real [17.24, 60.8856]
@attribute Light real [287.76, 32280.1]
@attribute EDA_label {LOW, NORM, HIGH}
@inputs Sound, Dust, TempEN, RH, Light
@outputs EDA_label
@data
62.20085436, 0.052365591, 20.031, 31.2636, 1561.78, NORM
58.60728861, 0.076516127, 18.9754, 33.096, 2610.32, NORM
59.21052628, 0.048387096, 18.4802, 33.926, 2774.32, NORM
58.23684235, 0.047638711, 18.452, 34.0414, 2684.42, NORM
56.73684158, 0.043354839, 18.1952, 34.3846, 4054.6, NORM
57.13157921, 0.041096775, 17.001, 37.0376, 3244.18, NORM
60.99999924, 0.045935483, 17.082, 37.2666, 2848.38, NORM
59.30566826, 0.056645162, 16.4582, 38.5004, 1621.68, NORM
68.13095169, 0.125612906, 14.1556, 45.5346, 1419.88, NORM
62.32051315, 0.062, 14.6442, 41.6656, 3948.98, NORM
56.6491244, 0.04595699, 14.3232, 43.564, 1263.78, NORM
57.28070246, 0.076731187, 14.3044, 43.5114, 1233.78, NORM
57.15789566, 0.037419355, 14.1076, 43.2294, 2211.38, NORM
60.36504822, 0.046903226, 13.1994, 45.4912, 1446.68, NORM
61.6093118, 0.042989246, 12.8424, 45.8274, 1602.78, NORM
59.51484566, 0.059935485, 12.8182, 46.2412, 2277.64, NORM
60.67235362, 0.043612904, 12.8374, 46.0386, 3502.74, NORM
60.9262825, 0.042516129, 13.1026, 45.7476, 3412.9, NORM
64.0842509, 0.038064516, 13.161, 45.6424, 3062.84, NORM
63.41025581, 0.04451613, 12.9968, 45.8778, 2622.92, NORM
59.68151194, 0.0472, 13.0112, 46.228, 1653.2, NORM
62.16734161, 0.060946236, 12.823, 46.3416, 2506.24, NORM
58.62550545, 0.04948387, 12.6108, 46.7372, 1719.44, NORM
60.85897446, 0.046967741, 12.63, 46.3914, 784.46, NORM
59.21052704, 0.039999999, 12.654, 47.9692, 1099.78, NORM
60.59649124, 0.056279567, 12.6732, 47.1666, 1225.92, NORM
53.0625, 0.045161291, 18.98, 30.3026, 588.9, LOW
55.06359609, 0.046064516, 18.9274, 30.4308, 814.4, HIGH
62.43589783, 0.055161288, 18.647, 30.7854, 650.42, LOW
61.23032036, 0.039827956, 18.3568, 31.3636, 614.14, HIGH
60.93589821, 0.036903226, 18.195, 31.7194, 686.68, LOW
60.57040024, 0.075892473, 17.296, 32.989, 592.04, LOW
60.2896993, 0.054580647, 17.258, 32.8932, 601.52, LOW
52.1875, 0.05905376, 16.9198, 33.9308, 669.32, HIGH
60.28205109, 0.051999999, 16.2296, 35.143, 376.08, LOW
59.68960851, 0.04967742, 16.0388, 36.5324, 421.76, HIGH
62.38461494, 0.053290322, 15.7384, 36.8644, 748.18, LOW
61.01282082, 0.047741936, 15.6426, 37.1454, 812.82, LOW
61.28205185, 0.035806453, 15.4044, 37.643, 688.24, HIGH
61.21794739, 0.038000001, 15.414, 37.5282, 645.68, HIGH
53.75219371, 0.043853762, 14.9456, 37.8918, 647.26, HIGH
61.62759399, 0.039268818, 14.3186, 39.4394, 442.28, HIGH
57.4433197, 0.036774194, 14.3092, 39.515, 387.1, LOW
61.18803457, 0.06223656, 13.449, 41.8838, 707.18, LOW
62.30769348, 0.114967742, 13.161, 43.256, 612.58, HIGH
62.43101336, 0.054408602, 13.1946, 43.2288, 659.86, LOW
65.77930527, 0.075612901, 13.1222, 43.2516, 664.62, LOW
55.4842099, 0.054903226, 13.1024, 43.2054, 689.82, LOW
63.19780159, 0.041483871, 12.944, 43.733, 707.16, LOW
63.29975662, 0.081053763, 12.92, 43.5794, 295.6, LOW
63.51474869, 0.03268817, 12.823, 44.2704, 732.4, HIGH
62.87179413, 0.045677418, 12.823, 44.6014, 500.64, LOW
61.03846054, 0.04116129, 12.8518, 44.267, 767.08, HIGH
63.6611721, 0.039806452, 17.1962, 37.6212, 2403.76, NORM
62.58119583, 0.092279568, 17.1438, 37.318, 2451.06, NORM
59.7726059, 0.124903221, 15.8004, 40.2592, 3398.68, LOW
62.39316152, 0.04064516, 15.6952, 41.1416, 2741.18, LOW
54.025, 0.033225808, 13.3914, 47.3148, 4168.14, NORM
59.94556859, 0.035010754, 12.799, 48.8402, 2419.54, NORM
60.75393524, 0.038408601, 12.606, 49.8114, 4352.62, NORM
59.52091789, 0.033290324, 12.6012, 49.0602, 4116.1, NORM
57.35087687, 0.042950537, 12.4274, 49.7812, 2908.34, NORM
54.77302704, 0.033806451, 12.0058, 50.7344, 3788.16, NORM
66.55128326, 0.121483872, 12.001, 50.7092, 4809.88, NORM
64.05735626, 0.035161291, 11.7686, 52.097, 2898.86, NORM
59.87719421, 0.032064515, 11.734, 52.1894, 2663.92, NORM
61.6512822, 0.042580646, 11.5938, 53.4608, 2654.46, NORM
61.37179489, 0.047741936, 11.555, 53.9684, 2690.72, NORM
60.41295624, 0.03548387, 11.263, 53.189, 2733.28, NORM
59.53981018, 0.031741935, 11.0972, 54.6482, 2879.94, NORM
62.28204981, 0.030150537, 10.9022, 55.2192, 1960.72, NORM
57.21710587, 0.030167741, 10.873, 54.9148, 2913.06, NORM
54.73026276, 0.043741936, 10.858, 55.291, 2599.26, NORM
65.67948837, 0.032903225, 10.7802, 55.4824, 2656.02, LOW
57.57211494, 0.031096774, 10.6774, 56.6084, 3882.76, NORM
63.31623891, 0.035612903, 10.761, 55.869, 2304.4, LOW
65.14102478, 0.062709675, 10.687, 56.753, 2077.38, LOW
63.34757996, 0.032430108, 10.653, 57.0214, 2242.94, NORM
66.37777863, 0.060129031, 10.6822, 56.9782, 2236.6, NORM
61.97368469, 0.03348387, 10.736, 56.5518, 2939.86, NORM
61.83333321, 0.03348387, 10.5894, 56.702, 4146.06, NORM
64.99084244, 0.052025805, 10.521, 56.9534, 2608.72, NORM
67.86935349, 0.049612903, 10.541, 57.0756, 2099.44, NORM
63.28205109, 0.056051611, 17.6098, 38.57, 3288.32, NORM
62.08974304, 0.037806451, 17.577, 38.4566, 3321.44, NORM
63.11538429, 0.045032257, 17.51, 38.482, 3367.16, NORM
55.52960548, 0.037524618, 16.7108, 39.7112, 4541.84, NORM
62.42307663, 0.088387096, 15.9768, 42.021, 4101.92, HIGH
61.16958898, 0.037935484, 14.6826, 44.966, 6635.74, NORM
60.4244751, 0.036129033, 14.6106, 45.1644, 5044.82, NORM
61.71727524, 0.036451613, 14.577, 45.4676, 5044.84, NORM
52.5, 0.037096775, 13.8004, 45.8532, 4108.24, NORM
52.44318182, 0.034322581, 13.618, 46.6474, 3110.14, NORM
61.32388865, 0.04, 12.9104, 47.8046, 6624.74, NORM
61.04858398, 0.034580646, 12.799, 47.889, 6607.38, NORM
60.02384135, 0.033935485, 12.683, 48.251, 6443.38, NORM
58.97368393, 0.034000001, 12.6588, 48.4452, 5574.58, NORM
58.93252335, 0.03335484, 12.606, 49.805, 2881.5, NORM
61.93589745, 0.069032259, 18.3426, 34.1296, 1596.46, NORM
54.76644707, 0.055096774, 17.8574, 33.9134, 2096.28, LOW
57.94421921, 0.094064516, 16.5154, 37.7388, 2600.86, NORM
57.91810099, 0.0712043, 15.342, 39.8572, 3012.4, LOW
54.29276352, 0.040580644, 14.936, 41.2412, 3111.72, NORM
53.12719294, 0.060903222, 14.5194, 41.7024, 2402.18, NORM
60.56410217, 0.063677418, 13.6804, 44.568, 4847.72, NORM
59.88866386, 0.061935484, 13.6372, 45.4144, 4760.98, NORM
61.20512772, 0.047096775, 13.7476, 44.921, 4833.52, NORM
61.39316228, 0.047526882, 13.834, 44.2098, 4492.96, NORM
61.79014854, 0.061354839, 13.497, 45.0906, 2458.96, LOW
59.94691747, 0.03776344, 13.4778, 45.3448, 2767.98, NORM
53.61513176, 0.044000001, 13.4586, 45.661, 2260.3, NORM
56.97705866, 0.057268817, 13.377, 45.607, 2030.06, LOW
59.11403503, 0.043741935, 13.4394, 45.3086, 4991.2, HIGH
58.00000076, 0.042967741, 13.4586, 45.1546, 3646.24, NORM
58.33751094, 0.039612904, 13.4298, 45.2264, 3925.34, NORM
56.69652405, 0.05380645, 13.401, 44.9976, 3460.18, NORM
57.86842041, 0.039225805, 13.3722, 44.756, 4541.82, NORM
55.15131531, 0.069741935, 13.353, 44.8478, 4472.44, NORM
56.86752167, 0.050989246, 13.329, 45.0258, 2758.52, HIGH
67.57142914, 0.06780645, 13.064, 45.2248, 1908.64, NORM
62.51282043, 0.038516129, 12.992, 45.6404, 2149.92, NORM
59.34143143, 0.044541934, 13.016, 45.843, 3064.42, NORM
58.11470871, 0.047698923, 13.0064, 46.2402, 3054.96, NORM
63.40293198, 0.036258064, 12.9968, 45.9836, 2638.7, NORM
58.55263176, 0.058903226, 13.016, 46.366, 2559.84, LOW
56.39473648, 0.036451614, 12.944, 45.547, 2682.84, LOW
56.82456258, 0.068774191, 12.871, 46.1672, 2220.84, NORM
55.63158035, 0.038451613, 12.871, 46.2106, 2115.22, NORM
61.93589745, 0.038645162, 12.881, 46.1622, 1921.26, NORM
61.37606761, 0.050967742, 12.8662, 46.1976, 1509.74, NORM
60.65519562, 0.059032258, 12.7702, 46.664, 2804.24, NORM
60.37854385, 0.063161291, 12.7126, 46.601, 3446.0, NORM
60.26990547, 0.109032258, 12.7126, 46.601, 3040.74, NORM
63.32661794, 0.081247313, 12.727, 46.6772, 2061.6, NORM
60.41295586, 0.054258063, 12.775, 46.429, 2350.16, NORM
56.3947361, 0.077419352, 12.775, 46.2792, 2534.62, NORM
63.88766734, 0.053591397, 12.485, 47.1676, 2359.62, NORM
61.11111018, 0.051698925, 12.413, 47.7584, 1664.28, NORM
62.73076897, 0.039225807, 15.9768, 39.6188, 2974.54, NORM
56.63157921, 0.036193549, 15.1894, 39.815, 4418.82, NORM
60.30229416, 0.056722583, 14.409, 42.1016, 1967.0, NORM
57.69230728, 0.03967742, 13.8532, 44.1934, 1337.86, NORM
55.4495608, 0.042193548, 13.6468, 45.04, 1416.7, NORM
52.875, 0.051419357, 13.5266, 45.3506, 2235.04, LOW
56.21052704, 0.043741938, 13.233, 45.5892, 4273.78, NORM
56.89473686, 0.037290322, 12.9148, 47.4084, 1687.9, NORM
60.11673393, 0.034387097, 12.7798, 46.2178, 3568.96, NORM
62.71367582, 0.032731183, 12.799, 46.1458, 3751.86, NORM
55.97368584, 0.040774191, 12.606, 47.028, 2239.76, NORM
60.33535728, 0.044838708, 12.509, 47.6474, 3390.8, NORM
59.43859711, 0.035268817, 12.2872, 48.8644, 3857.52, NORM
62.01282043, 0.048709676, 12.3352, 48.7232, 4079.82, NORM
58.05128148, 0.038537634, 12.2872, 48.532, 1941.78, NORM
55.81403605, 0.039075269, 12.3938, 47.7188, 2424.26, LOW
62.06808815, 0.033182795, 12.4466, 46.7654, 3387.64, NORM
58.42105357, 0.03092473, 12.4418, 46.7772, 3359.26, NORM
61.43589783, 0.039806454, 12.437, 46.913, 2673.38, NORM
60.36977005, 0.034107527, 12.437, 46.9812, 1359.92, NORM
60.90620995, 0.029496773, 12.316, 47.5294, 3406.56, NORM
60.86315857, 0.041978493, 12.3402, 47.211, 3185.82, NORM
62.48717957, 0.035419354, 12.437, 46.7394, 3242.58, NORM
60.70445366, 0.148903232, 12.171, 46.6258, 1560.18, NORM
63.04395472, 0.104967743, 15.5138, 59.8244, 32280.1, NORM
61.44444427, 0.071827955, 15.5906, 59.6808, 32280.1, NORM
56.94736837, 0.047526881, 16.3916, 58.3762, 32280.1, LOW
61.2435894, 0.063870965, 17.5052, 53.2852, 32280.1, LOW
61.76922989, 0.061548385, 17.5912, 53.3776, 32280.1, LOW
61.72649694, 0.056279569, 18.0618, 53.2038, 32280.1, LOW
60.89743576, 0.040838708, 18.2284, 51.616, 32280.1, LOW
60.57175039, 0.042279569, 18.2856, 49.1674, 12649.48, HIGH
61.87112274, 0.038903226, 17.9956, 51.802, 3889.04, LOW
61.93589706, 0.04716129, 17.3818, 53.4216, 3884.32, HIGH
60.82051201, 0.040387097, 17.3958, 53.6944, 3947.4, HIGH
52.775, 0.037204301, 17.3632, 54.1078, 3587.92, LOW
61.06747589, 0.046451613, 17.3104, 53.9402, 3132.24, LOW
60.71794815, 0.036258065, 16.9822, 55.302, 4838.26, LOW
62.92731781, 0.078516129, 16.8488, 56.7204, 3140.1, NORM
66.4056778, 0.037612903, 16.868, 55.5414, 4882.42, LOW
58.70107956, 0.037690323, 16.82, 56.5156, 3305.66, LOW
55.17543818, 0.038107527, 16.82, 56.2354, 3285.16, LOW
55.52236847, 0.037225807, 16.796, 55.9034, 3275.7, LOW
59.15519485, 0.041548386, 16.5248, 55.4418, 2704.92, LOW
60.68016167, 0.046838709, 16.2344, 55.1426, 32280.1, LOW
62.66666565, 0.038838709, 16.701, 53.3796, 4078.26, LOW
61.66666679, 0.041741935, 16.6866, 53.2976, 3609.98, LOW
61.84615479, 0.093612902, 16.677, 53.3392, 4502.4, LOW
63.69230804, 0.066838711, 16.677, 54.1496, 3192.16, LOW
69.96068649, 0.042387097, 16.506, 55.506, 4433.02, LOW
64.37912178, 0.048548387, 16.4822, 55.106, 8587.8, LOW
62.48155568, 0.049591396, 16.487, 55.4668, 3849.64, LOW
62.06837641, 0.036645162, 16.3966, 54.3232, 2137.3, LOW
60.15618413, 0.045247311, 16.3392, 54.2534, 2394.28, LOW
60.60323791, 0.058322582, 16.1578, 54.3556, 5585.66, LOW
63.68955994, 0.037741934, 16.5248, 54.023, 6880.18, LOW
64.07509193, 0.035612904, 16.5106, 54.0336, 6199.0, LOW
66.95238291, 0.040688173, 16.4966, 53.9516, 4451.96, LOW
63.43131866, 0.041677419, 16.6156, 53.7726, 5437.44, HIGH
57.63157959, 0.064580645, 16.8008, 53.879, 4936.04, LOW
59.81578979, 0.03967742, 16.9438, 52.8852, 29039.86, LOW
61.13967628, 0.041290323, 22.7146, 30.7194, 1348.92, NORM
60.14575043, 0.043483869, 21.6616, 33.023, 1337.88, LOW
62.875457, 0.053612901, 21.6808, 33.0314, 1337.88, LOW
54.52302704, 0.046064516, 20.6648, 34.7308, 2105.76, LOW
64.93681412, 0.039870966, 21.1988, 34.603, 2165.68, LOW
61.89136314, 0.041548387, 21.0746, 34.4658, 850.66, LOW
60.74358902, 0.05651613, 20.7978, 34.4466, 1714.72, LOW
58.31578979, 0.063612903, 20.984, 34.5896, 1774.64, LOW
60.41767845, 0.073032258, 20.96, 35.0486, 2468.38, LOW
60.01956863, 0.050322579, 20.841, 35.1958, 978.38, LOW
59.95681648, 0.044774192, 21.0272, 34.844, 2091.56, LOW
63.26617978, 0.042602151, 20.9078, 35.4852, 1653.22, LOW
63.19658025, 0.041118279, 20.984, 35.0908, 924.78, HIGH
58.86234856, 0.053032259, 20.936, 35.1192, 732.38, LOW
62.94018669, 0.095419355, 20.889, 34.8574, 1405.68, LOW
60.8888883, 0.057935484, 20.96, 35.9706, 1339.46, LOW
58.07894783, 0.038516128, 20.984, 36.0188, 1197.54, LOW
53.41666667, 0.040258064, 20.936, 36.3822, 1413.56, HIGH
60.72649511, 0.048817203, 20.9744, 36.2218, 1721.02, LOW
58.43184929, 0.038258064, 20.9888, 36.0326, 1680.02, LOW
58.89473801, 0.065290321, 21.103, 35.3198, 2317.04, LOW
57.61403427, 0.063827954, 21.2038, 34.6364, 2249.22, HIGH
56.10526428, 0.067225803, 21.2844, 34.895, 2219.3, LOW
65.83577372, 0.069225803, 21.3372, 32.5022, 1736.8, LOW
56.81579018, 0.047096774, 21.1558, 32.5322, 1527.08, LOW
57.36842041, 0.048193546, 21.0982, 33.3036, 1946.5, HIGH
66.89224828, 0.064043007, 21.413, 35.1586, 1806.16, LOW
63.66666718, 0.041677418, 21.366, 34.6388, 1602.76, LOW
58.04588318, 0.045096773, 21.2038, 34.1742, 4466.16, HIGH
59.63113022, 0.041290323, 21.2086, 34.0418, 4161.82, LOW
62.68970489, 0.051870967, 21.2228, 35.4168, 4193.36, LOW
60.90225512, 0.048172043, 21.3564, 35.9828, 2599.3, LOW
62.98474884, 0.058645159, 21.533, 35.7958, 2744.36, LOW
59.11403529, 0.052215052, 21.6328, 33.7636, 2545.66, HIGH
64.22436028, 0.062967743, 22.2068, 32.2734, 3773.98, LOW
62.61538506, 0.056903223, 22.3258, 32.3106, 3710.88, HIGH
65.08793386, 0.072580644, 22.3978, 32.1302, 3255.22, LOW
64.58830338, 0.084838707, 22.5274, 33.228, 3937.92, LOW
62.0384613, 0.04980645, 22.6618, 32.707, 2077.36, LOW
61.75641136, 0.045935483, 22.6906, 32.8898, 2107.32, LOW
63.05128301, 0.041333335, 22.6666, 32.374, 3352.96, LOW
56.15789604, 0.04116129, 17.2768, 42.0546, 1210.16, NORM
61.48717957, 0.043819356, 17.1914, 42.2362, 1112.4, NORM
58.56410179, 0.04111828, 16.2534, 44.1474, 1913.38, NORM
60.40823212, 0.069870969, 16.7012, 44.2642, 8865.3, NORM
54.25, 0.045419353, 17.2676, 44.0272, 8824.3, NORM
60.39743614, 0.043032257, 17.805, 42.1274, 1930.74, LOW
57.25776011, 0.042365591, 17.5008, 42.8776, 740.3, NORM
58.36707077, 0.040258063, 17.32, 42.2574, 897.96, NORM
57.73684235, 0.038838709, 17.32, 42.4932, 961.02, NORM
55.74257736, 0.039435482, 17.0724, 43.7184, 2318.64, NORM
57.10526199, 0.039870967, 16.9294, 44.2534, 3152.68, NORM
61.83333397, 0.055032259, 16.887, 44.432, 4907.66, NORM
60.32388585, 0.040215053, 16.7682, 44.9174, 1738.38, NORM
60.7379659, 0.045440858, 16.6492, 45.1364, 1352.08, NORM
52.9, 0.037225807, 16.4058, 47.8712, 1016.2, NORM
58.21403625, 0.042107527, 16.0292, 46.6208, 879.02, NORM
58.2975708, 0.039419354, 15.294, 48.3446, 7116.68, LOW
67.80952148, 0.039948386, 15.6336, 48.2142, 6917.98, NORM
58.8596494, 0.041892473, 16.5724, 46.1924, 7969.7, NORM
73.4392573, 0.060408601, 17.9146, 43.1362, 2911.48, NORM
72.54095154, 0.068043011, 18.0286, 43.1432, 2162.5, NORM
62.41025543, 0.041032256, 17.044, 43.4866, 1982.76, NORM
61.46086349, 0.043741936, 17.1344, 43.2176, 1519.22, NORM
60.62781982, 0.040387096, 16.3296, 45.6208, 4131.86, HIGH
64.53113581, 0.043707526, 16.3344, 44.991, 6027.1, NORM
64.01272507, 0.038645161, 16.2298, 45.3694, 5574.62, NORM
65.25812149, 0.042580646, 17.5532, 42.6222, 7063.06, NORM
59.92996864, 0.041870968, 18.0954, 42.2372, 4948.64, NORM
59.06680183, 0.04363871, 18.6848, 41.766, 5029.06, LOW
65.61904984, 0.043419356, 18.9704, 40.272, 4984.88, LOW
56.63157806, 0.045032259, 19.8932, 39.3038, 7094.6, LOW
55.47368469, 0.08851613, 20.0884, 30.0094, 1112.42, LOW
53.25, 0.11529032, 17.8052, 34.328, 2370.64, LOW
60.57692223, 0.127032257, 17.786, 34.1166, 1167.6, LOW
54.62019234, 0.097806452, 17.805, 34.485, 670.9, LOW
58.31106644, 0.108322581, 17.5196, 35.4508, 1462.42, LOW
56.49910037, 0.147806451, 16.806, 37.872, 1153.42, LOW
58.1725146, 0.15191398, 16.7154, 38.3664, 1120.3, HIGH
61.69230728, 0.148322581, 16.582, 38.275, 3300.94, LOW
66.02631543, 0.104967744, 16.5964, 37.9668, 2895.72, NORM
55.62243652, 0.11496774, 16.7012, 37.5962, 1967.02, LOW
56.26315842, 0.094064514, 16.963, 37.0858, 2966.68, LOW
60.4057579, 0.114279571, 16.4966, 37.3362, 1913.38, LOW
65.54548238, 0.107763435, 16.8106, 36.6036, 6236.86, LOW
59.38596471, 0.073935485, 16.9198, 38.4072, 3764.48, NORM
61.34187927, 0.124043006, 16.9294, 36.8102, 3518.52, LOW
57.61538493, 0.11677419, 16.8824, 36.8052, 4634.86, NORM
60.54116109, 0.137806449, 17.1484, 36.4426, 7193.92, LOW
58.38731461, 0.14696774, 17.4722, 35.9548, 6213.18, LOW
61.73846146, 0.106645161, 17.867, 35.237, 1166.0, LOW
62.5168705, 0.161225805, 17.9102, 35.2604, 5090.54, LOW
58.10526276, 0.107677417, 17.9476, 36.0278, 5260.84, HIGH
59.8281606, 0.102494621, 17.6004, 36.3318, 5347.54, LOW
61.43589783, 0.107548385, 19.3936, 33.5172, 17442.8, LOW
63.58794581, 0.050494624, 20.1548, 31.507, 10803.1, LOW
62.33333308, 0.052387095, 20.698, 31.98, 811.24, NORM
54.58771922, 0.047784944, 20.3696, 32.349, 1080.84, NORM
60.7179493, 0.047225804, 20.0838, 32.6286, 1057.22, NORM
60.75897446, 0.04980645, 19.6506, 33.7388, 897.94, NORM
60.38461571, 0.05096774, 19.6602, 33.6538, 1024.1, NORM
61.30904312, 0.043870969, 19.089, 34.3642, 4537.12, NORM
59.85380084, 0.071161287, 19.2364, 34.608, 10688.02, NORM
61.51709455, 0.063161289, 19.1844, 34.7542, 12531.22, NORM
61.05128098, 0.053161292, 19.0936, 34.7784, 11001.8, NORM
58.13157806, 0.167741933, 19.3176, 35.5804, 10185.02, NORM
53.50625, 0.046477418, 20.2076, 33.275, 611.0, NORM
65.99316228, 0.059182797, 19.9408, 33.6072, 1255.9, NORM
59.60526237, 0.044967742, 19.1414, 34.231, 2178.28, NORM
63.5904171, 0.044064517, 19.1938, 34.1572, 3373.46, NORM
60.23549194, 0.043096776, 19.246, 34.1686, 3311.96, NORM
60.14372533, 0.042941937, 19.4936, 34.3166, 3250.48, NORM
63.32991562, 0.047741935, 19.4936, 34.0204, 1782.54, NORM
63.62881571, 0.043913978, 19.3794, 34.1878, 1886.58, NORM
63.65018196, 0.05296774, 19.3176, 34.4254, 1974.86, NORM
62.73279279, 0.043634408, 18.7992, 34.0806, 907.44, NORM
57.44858459, 0.042967741, 18.9466, 34.83, 1080.84, NORM
60.27350413, 0.05539785, 18.3522, 37.6364, 1400.94, NORM
60.7774231, 0.04167742, 18.5378, 35.367, 6910.1, NORM
63.85073013, 0.045612903, 20.1406, 32.8388, 10935.56, NORM
66.15476151, 0.046387095, 20.2456, 32.5502, 7871.94, NORM
65.27106425, 0.177849461, 20.5694, 31.9754, 9265.78, NORM
63.90206184, 0.045935483, 21.1558, 30.9878, 6550.62, NORM
58.86215566, 0.04351828, 21.1126, 30.6502, 1282.7, LOW
60.93792114, 0.044516129, 20.5454, 31.767, 4235.96, NORM
64.66682065, 0.047337635, 20.3976, 32.2458, 4343.14, NORM
59.99229329, 0.043892474, 20.3928, 32.3048, 4989.64, NORM
66.05555776, 0.043440862, 20.3788, 32.3696, 4592.28, NORM
65.67582728, 0.079526882, 21.1798, 31.4696, 4798.84, NORM
65.43040504, 0.04780645, 21.7814, 30.1312, 8833.74, NORM
58.12280782, 0.044877419, 23.4872, 25.8806, 3017.1, NORM
64.18589859, 0.055935486, 20.055, 32.3608, 2227.16, NORM
62.07946154, 0.056430109, 19.8456, 32.4284, 8083.22, NORM
64.11172066, 0.062774192, 20.5934, 30.9992, 6725.62, NORM
64.61538315, 0.04780645, 21.7048, 30.6402, 7711.1, NORM
61.20512924, 0.044825807, 21.7144, 29.2804, 987.82, NORM
63.30769119, 0.044000001, 21.07, 29.6432, 1588.56, NORM
62.74359105, 0.044301076, 20.5074, 30.4118, 1298.46, NORM
63.33882713, 0.04348387, 20.2692, 30.898, 997.28, NORM
59.77192879, 0.044451614, 20.5312, 30.8672, 962.6, NORM
62.13630244, 0.045634408, 20.4696, 32.9548, 2556.7, NORM
56.71381607, 0.049290322, 20.5646, 31.0502, 3258.36, NORM
59.44174627, 0.045849461, 20.5122, 31.3186, 3244.16, NORM
66.9090121, 0.18144086, 21.0128, 30.4212, 3703.0, NORM
64.7423701, 0.046141934, 20.8602, 30.168, 6099.66, NORM
59.46018944, 0.047612903, 21.1654, 30.3472, 3564.24, NORM
64.10317586, 0.051913977, 21.2892, 31.146, 2602.44, NORM
64.10744832, 0.04540215, 21.2226, 30.8532, 1758.86, NORM
68.09828949, 0.058774195, 21.0652, 30.546, 1456.12, NORM
58.77193095, 0.044430108, 21.1846, 31.3702, 3942.68, NORM
64.14468842, 0.04516129, 21.0554, 30.4648, 4319.52, NORM
64.51667633, 0.044086022, 20.8222, 30.652, 4190.2, NORM
59.05263285, 0.043509679, 20.46, 32.0918, 4412.54, NORM
58.28947411, 0.044580646, 20.555, 31.8812, 4374.7, NORM
58.84817734, 0.048580646, 20.2552, 30.957, 6869.1, LOW
62.3412707, 0.245677416, 20.2456, 31.9066, 6208.44, LOW
67.04212494, 0.046129031, 20.6172, 31.1544, 8737.58, LOW
55.80701752, 0.044731183, 21.9818, 29.2014, 2283.92, LOW
59.65587006, 0.051870967, 21.6046, 30.5514, 4239.1, LOW
62.04700915, 0.043591399, 21.4562, 30.3118, 3841.76, LOW
60.66666527, 0.046048386, 21.2892, 30.5784, 2556.72, LOW
68.04762039, 0.044774194, 21.2086, 31.1988, 12649.5, LOW
65.54334412, 0.045806452, 21.4226, 30.5694, 4958.1, LOW
66.68528671, 0.105483873, 21.6904, 30.1304, 13031.08, LOW
62.99908371, 0.050064516, 22.7858, 29.5764, 9741.94, LOW
64.12698568, 0.081419351, 23.1648, 27.1816, 9265.76, HIGH
62.23076935, 0.054516128, 23.5114, 27.4052, 14092.22, LOW
66.22618942, 0.135274194, 20.479, 30.4364, 516.4, NORM
58.04335327, 0.172516127, 19.7886, 30.8834, 604.68, NORM
64.42246552, 0.04483871, 19.2988, 32.3266, 913.74, LOW
66.9218544, 0.044876344, 19.2892, 32.3522, 1801.44, LOW
67.15476151, 0.044258065, 19.1892, 32.5216, 850.66, NORM
54.27456131, 0.046193549, 19.389, 31.7448, 566.86, NORM
66.11110891, 0.043380647, 19.0512, 33.0176, 1020.94, NORM
66.30555344, 0.043225808, 18.8612, 33.6852, 948.4, LOW
64.47985229, 0.044516129, 18.9034, 33.946, 385.52, NORM
64.5927948, 0.04516129, 18.9034, 33.4982, 1055.66, NORM
62.9791139, 0.043161292, 18.889, 32.97, 1102.96, NORM
67.10317688, 0.044215054, 18.747, 33.3256, 1178.6, NORM
69.39047699, 0.043870969, 18.6942, 34.2024, 1161.26, NORM
60.82051239, 0.044258064, 18.6942, 33.729, 494.32, NORM
54.65224355, 0.043333335, 18.675, 33.7862, 484.88, NORM
61.31620801, 0.042064517, 18.5282, 33.7794, 525.84, NORM
68.48412577, 0.043387097, 18.5426, 33.9052, 634.64, LOW
78.38007736, 0.042812903, 18.58, 34.0072, 795.5, NORM
63.62820536, 0.043802152, 18.5944, 33.8312, 825.44, NORM
68.21428375, 0.069741936, 18.771, 33.6962, 1093.46, NORM
60.56477674, 0.041892473, 18.723, 33.758, 639.4, NORM
63.64578247, 0.043311829, 18.9942, 33.0976, 1300.02, NORM
57.60526314, 0.044064517, 18.961, 33.0222, 1317.38, NORM
66.61843796, 0.04612903, 13.4586, 47.9752, 1582.3, NORM
52.9375, 0.042580646, 13.6564, 47.9698, 962.64, NORM
61.8893383, 0.04064516, 13.5604, 48.2792, 3915.86, NORM
52.8125, 0.109161288, 13.1514, 48.9854, 571.58, NORM
58.13714561, 0.107432257, 13.1706, 49.2288, 852.24, NORM
64.98901087, 0.041376343, 13.281, 49.6072, 2282.34, NORM
62.74358966, 0.042881722, 13.305, 49.4752, 2249.22, NORM
63.55128365, 0.045032258, 13.281, 48.9286, 1345.76, NORM
64.30585937, 0.049161289, 13.209, 48.9686, 1120.26, NORM
61.47390887, 0.041612904, 13.2234, 49.4144, 519.54, NORM
65.596492, 0.043741936, 13.185, 49.9698, 2332.82, NORM
59.68893356, 0.044193548, 13.137, 50.5838, 954.74, NORM
59.90386302, 0.051569892, 13.127, 50.938, 1033.58, NORM
61.65384598, 0.136709673, 13.0208, 49.8306, 800.2, NORM
58.0526329, 0.044193547, 13.1704, 48.7476, 1082.42, NORM
65.55860596, 0.041290321, 13.3722, 49.5948, 1219.62, NORM
62.12820511, 0.04232258, 13.3962, 49.3946, 1471.9, NORM
60.66329346, 0.044967741, 13.5268, 48.504, 1069.82, NORM
64.41575317, 0.041935485, 13.473, 48.7748, 1003.6, NORM
54.60175451, 0.042236558, 13.502, 48.6616, 549.48, NORM
62.37606735, 0.073204302, 13.7188, 49.2528, 1284.26, NORM
61.22051178, 0.042903225, 13.8244, 48.834, 4612.76, NORM
63.6678889, 0.041225806, 13.882, 48.0114, 4123.98, NORM
62.65384661, 0.072000001, 13.9972, 47.6228, 2687.58, NORM
61.9948703, 0.04064516, 14.074, 47.371, 3904.84, HIGH
60.53441315, 0.041741936, 14.098, 47.3998, 3879.58, HIGH
65.54670334, 0.053741935, 14.266, 46.7608, 9546.44, LOW
50.30342115, 0.036107527, 12.684, 35.3214, 12735.42, LOW
58.07894707, 0.048709676, 17.0964, 41.1836, 15478.16, HIGH
60.2153833, 0.051741935, 17.5004, 40.0154, 16369.06, LOW
59.59244334, 0.046580644, 17.8004, 38.7968, 16285.48, LOW
54.73026276, 0.045445161, 17.7384, 39.5516, 2630.82, LOW
61.19838028, 0.135806454, 17.938, 39.2248, 3059.7, NORM
59.68735911, 0.045225807, 17.8052, 39.185, 3294.64, LOW
52.95, 0.043870969, 17.4342, 40.3102, 2854.7, NORM
58.42094065, 0.102365588, 17.5772, 40.1652, 2864.18, NORM
61.29532051, 0.053440859, 17.5724, 40.1324, 2501.52, NORM
56.73684349, 0.046838708, 17.4438, 40.382, 4079.86, NORM
58.00854746, 0.057806452, 17.4006, 41.2112, 4721.6, NORM
61.71794891, 0.060580644, 17.558, 40.4266, 4169.72, NORM
53.36666667, 0.044989247, 17.2816, 40.5888, 1955.94, NORM
63.66666565, 0.04419355, 17.3866, 40.4978, 4146.06, LOW
59.41430435, 0.044193549, 17.3724, 39.7376, 2192.44, LOW
52.78409091, 0.04696774, 16.9534, 41.7302, 1377.3, HIGH
53.2307017, 0.044258065, 16.668, 42.2018, 1506.6, NORM
61.27845357, 0.044516129, 16.6108, 41.8894, 2146.78, NORM
61.79670258, 0.045161291, 16.6252, 41.795, 3873.3, NORM
54.0, 0.044774194, 16.915, 40.8754, 2149.9, HIGH
68.51774445, 0.075268814, 16.749, 41.7198, 6963.72, LOW
60.63697815, 0.043870969, 16.2202, 42.888, 2009.56, LOW
62.73076935, 0.045999999, 16.2864, 42.985, 3583.18, HIGH
62.26153732, 0.049612902, 17.1678, 40.666, 5623.5, LOW
60.82051163, 0.053677419, 18.3806, 39.369, 11834.32, NORM
60.40170949, 0.159569894, 18.4756, 39.4502, 11876.88, NORM
60.87179489, 0.04967742, 18.7896, 38.5644, 11288.78, NORM
61.24358864, 0.051290323, 18.8892, 38.6072, 11301.36, NORM
63.72527542, 0.093870968, 19.5224, 37.346, 11085.34, NORM
56.43157959, 0.050408603, 18.7562, 36.8772, 1552.32, NORM
53.05625, 0.045505376, 18.0858, 40.684, 3436.52, NORM
55.98827667, 0.047376344, 18.5234, 39.0802, 3622.58, NORM
64.35691452, 0.049999998, 17.9052, 39.7116, 4833.54, NORM
61.88151047, 0.05503226, 17.434, 41.0546, 2358.04, NORM
55.36842194, 0.047161291, 17.8382, 40.8942, 2886.24, NORM
54.74013138, 0.045741935, 17.9764, 40.2412, 3017.12, NORM
56.63157883, 0.046645161, 18.0286, 40.163, 4319.5, NORM
61.3504275, 0.047053761, 18.0858, 39.4278, 4124.0, NORM
58.02631569, 0.048903227, 17.772, 40.4758, 1717.86, LOW
57.85560099, 0.046666667, 17.748, 40.4218, 899.54, NORM
57.68421097, 0.090516127, 17.391, 42.5652, 1747.84, NORM
57.89473648, 0.055225804, 17.4436, 41.594, 5388.5, NORM
58.68421097, 0.046451611, 17.629, 40.762, 1386.76, LOW
58.52923978, 0.043161292, 17.6338, 41.0066, 1523.96, LOW
65.78479843, 0.044645162, 17.7816, 40.6438, 5834.76, NORM
61.11538391, 0.049935484, 17.8238, 40.52, 1700.54, NORM
60.15384598, 0.045612903, 16.8964, 41.8642, 1815.64, LOW
58.63157959, 0.045135484, 17.5196, 41.231, 2706.48, LOW
68.51243312, 0.049462365, 17.6482, 41.1236, 2531.46, LOW
61.62969894, 0.049677418, 17.7336, 40.6514, 5614.02, LOW
63.43553131, 0.047709677, 17.8526, 40.5618, 3311.96, LOW
59.4331974, 0.046258063, 18.3758, 40.4328, 3862.24, LOW
66.53663254, 0.052064516, 18.7134, 39.3012, 7104.08, NORM
64.46336899, 0.045806451, 18.9226, 39.0902, 4283.26, LOW
56.5, 0.049483871, 24.0308, 32.2208, 1907.08, LOW
62.00000114, 0.065483869, 24.1512, 31.6816, 1791.98, LOW
60.56230265, 0.049849462, 22.8434, 33.0636, 4991.2, LOW
57.0315802, 0.045870967, 22.6762, 34.3514, 1574.36, LOW
59.48447952, 0.048980645, 22.6186, 34.2864, 2575.62, LOW
60.38709017, 0.055569894, 22.657, 34.5684, 9689.94, LOW
57.49999924, 0.04567742, 23.4192, 34.3214, 8608.3, HIGH
56.52631645, 0.049032258, 23.5208, 34.3242, 8933.08, LOW
58.08771922, 0.046451611, 23.6314, 34.4476, 8203.06, LOW
61.75427144, 0.052215053, 23.7322, 34.3906, 9975.34, LOW
62.86315903, 0.049290321, 23.8716, 32.8426, 2370.64, LOW
62.52811521, 0.052602149, 23.9684, 32.4698, 1180.22, LOW
56.44503492, 0.047913978, 24.0452, 32.4634, 1085.6, LOW
61.88461533, 0.048387095, 23.862, 32.0922, 1544.42, NORM
59.50265381, 0.048838709, 23.4578, 32.772, 2250.84, NORM
59.60526276, 0.047225806, 23.3856, 33.286, 1825.08, NORM
59.42105286, 0.04483871, 23.0256, 34.5836, 1424.6, LOW
59.99679527, 0.047354838, 22.681, 35.1472, 2537.76, LOW
64.86538315, 0.060451612, 23.3904, 35.1488, 3173.22, LOW
59.67858785, 0.052941934, 23.4774, 34.2734, 5306.54, LOW
57.98245646, 0.047096772, 23.1408, 34.7002, 4928.14, LOW
57.48223063, 0.047569893, 23.2224, 34.6816, 2170.4, LOW
57.55263214, 0.04457478, 22.2596, 35.9658, 1769.92, LOW
58.17251371, 0.043290324, 22.5754, 35.9308, 3862.24, LOW
59.36842079, 0.053580644, 22.3786, 35.1914, 7703.22, LOW
64.2902916, 0.04483871, 22.6618, 35.3108, 8031.2, LOW
66.02380943, 0.104877418, 23.737, 33.6984, 9653.66, LOW
64.43956146, 0.044709676, 23.5738, 33.2294, 1937.02, LOW
60.47143606, 0.045677419, 23.1888, 33.9672, 2514.14, LOW
56.42105255, 0.04443871, 23.4288, 34.156, 2585.08, LOW
62.86909523, 0.048838708, 22.9728, 34.2664, 3578.44, LOW
62.64102631, 0.050645161, 23.0352, 34.1458, 3565.82, LOW
66.16850052, 0.104129029, 24.2334, 31.9972, 10462.52, LOW
60.57557335, 0.053870966, 26.119, 29.1378, 1314.22, NORM
61.92307663, 0.049741936, 25.8218, 29.059, 1932.32, NORM
60.57624817, 0.047677417, 25.4528, 29.6194, 1754.16, NORM
59.07827225, 0.056774191, 25.3264, 29.6292, 1754.16, NORM
55.89423065, 0.049935484, 24.7982, 31.0982, 10517.7, NORM
60.15159683, 0.061720431, 25.157, 30.731, 3378.2, NORM
52.95454545, 0.076516128, 24.9632, 30.6268, 1315.78, NORM
56.125, 0.069032257, 24.8806, 30.8022, 1374.14, NORM
60.16599159, 0.055096773, 24.968, 30.6952, 1435.62, NORM
57.28070234, 0.054516127, 24.0836, 31.7966, 2520.44, NORM
57.07894821, 0.073999999, 24.4264, 31.2886, 1963.82, HIGH
59.80229378, 0.072129031, 24.339, 31.4424, 2170.4, NORM
62.68830452, 0.09451613, 24.1854, 32.5362, 4351.06, NORM
59.99055405, 0.050012901, 24.75, 32.1766, 4369.94, LOW
59.52294121, 0.053419353, 24.8998, 30.8984, 1858.18, LOW
60.24831276, 0.0576129, 24.6726, 31.2626, 4283.24, NORM
60.91452942, 0.120774192, 24.8226, 32.0086, 3075.46, LOW
57.14372368, 0.049612901, 24.702, 30.8542, 5062.18, LOW
55.70175425, 0.04752688, 24.4454, 32.264, 3307.24, LOW
56.40896647, 0.053849461, 25.0842, 30.1714, 9254.74, LOW
66.16269989, 0.099892473, 25.4428, 30.14, 6132.78, NORM
66.58333282, 0.051432257, 25.5496, 30.054, 6014.54, LOW
59.78947398, 0.048473117, 25.8706, 29.6604, 10878.8, LOW
64.15750961, 0.099741933, 26.241, 29.5276, 11020.72, HIGH
58.49662552, 0.091935482, 26.4898, 28.8, 11129.48, HIGH
60.31579056, 0.066709676, 26.6122, 28.6122, 11205.2, HIGH
61.18960953, 0.04846774, 25.0648, 30.6422, 2135.7, LOW
63.77067795, 0.06896774, 25.1568, 30.3596, 3545.32, LOW
66.23809204, 0.053419354, 25.38, 30.0264, 7193.94, LOW
65.11877085, 0.051440858, 25.9386, 29.1094, 7744.22, LOW
48.69303055, 0.043354839, 12.7416, 27.1792, 10198.44, LOW
58.18421059, 0.080387099, 16.701, 32.2516, 13901.44, NORM
53.59375, 0.054645161, 17.0296, 32.7148, 13888.82, NORM
64.16239319, 0.060688172, 17.6864, 31.9514, 16529.86, LOW
63.04395676, 0.10322581, 18.3758, 30.2248, 17203.12, NORM
63.18803355, 0.071526881, 18.6088, 29.1002, 15840.86, NORM
62.55433553, 0.129591397, 18.7422, 28.9508, 16689.12, NORM
63.84157562, 0.059548388, 18.7662, 28.726, 12830.82, NORM
63.56410141, 0.081161289, 18.8182, 28.7704, 7357.92, NORM
64.92124634, 0.054645158, 19.0608, 28.7298, 7802.58, NORM
55.26315727, 0.058774192, 19.436, 28.4128, 2835.8, NORM
56.15789413, 0.050903225, 19.5176, 28.4858, 2816.86, NORM
55.40721931, 0.066193547, 18.1334, 28.8544, 3608.4, NORM
58.52243525, 0.058038709, 17.7006, 31.867, 3501.18, NORM
61.17948761, 0.050064516, 17.819, 30.8798, 7048.88, NORM
65.29426015, 0.105892474, 18.0906, 28.7914, 5749.62, NORM
56.34006348, 0.055161288, 18.129, 30.5022, 3020.28, NORM
61.66666565, 0.059741935, 18.1568, 30.697, 5300.26, NORM
61.85897446, 0.079483871, 18.176, 30.3072, 4595.44, NORM
71.15952301, 0.059741935, 18.238, 29.9212, 3591.06, NORM
56.62730573, 0.048688172, 16.8012, 32.4642, 1793.56, NORM
74.22814535, 0.092774193, 17.5244, 30.6098, 4172.86, NORM
57.02631569, 0.045741935, 17.158, 31.5158, 1276.36, NORM
58.78947411, 0.062516128, 17.0962, 31.53, 1265.32, NORM
57.42105255, 0.059999999, 16.9536, 31.6494, 1266.9, NORM
61.71075249, 0.086946236, 16.6774, 32.243, 2521.98, NORM
63.19230881, 0.118193546, 16.9294, 32.088, 2837.38, NORM
60.292173, 0.074774192, 17.1486, 30.8816, 6913.26, NORM
63.39914627, 0.28148386, 16.3964, 32.4212, 17712.46, NORM
59.73909225, 0.078301072, 17.1438, 30.6296, 2902.0, NORM
61.91452967, 0.054516128, 17.2058, 30.3642, 4950.22, NORM
62.37606862, 0.056602153, 17.2298, 30.3794, 4518.18, NORM
65.08889084, 0.063612903, 17.2394, 30.0228, 3770.8, NORM
63.478022, 0.075677417, 17.0388, 30.4294, 2351.72, NORM
56.42105306, 0.084430107, 16.2106, 31.7018, 2146.74, NORM
67.18803329, 0.077354841, 16.2866, 32.0502, 2851.56, NORM
66.61904602, 0.124387093, 16.201, 32.364, 7383.1, NORM
62.48717957, 0.096387094, 16.201, 32.364, 7383.1, NORM
62.34628448, 0.182193534, 16.201, 32.364, 7383.1, NORM
62.83333244, 0.069612905, 16.201, 32.364, 7383.1, NORM
63.79487, 0.095806451, 23.2224, 21.4516, 1546.02, LOW
54.30921059, 0.058258064, 22.7002, 22.346, 1672.14, HIGH
62.41941414, 0.305376338, 22.0296, 22.1312, 4410.96, NORM
59.63022893, 0.058322579, 20.7268, 24.9602, 11348.68, LOW
59.91767883, 0.071741932, 20.722, 25.3122, 13023.18, HIGH
57.34210587, 0.120193549, 20.6218, 25.068, 12608.5, HIGH
57.71471069, 0.058709678, 20.5168, 24.8164, 14897.94, LOW
58.92982559, 0.108559143, 17.2012, 28.6458, 927.92, LOW
58.76248169, 0.085892474, 16.8632, 29.819, 883.74, HIGH
64.52655792, 0.051483869, 18.1382, 28.9616, 5369.62, NORM
61.60548757, 0.060559139, 18.7754, 26.3292, 2946.16, LOW
62.96394844, 0.079870965, 18.8084, 26.654, 2329.66, NORM
59.34592768, 0.090752687, 18.856, 26.6578, 3792.86, NORM
56.00764847, 0.103612901, 19.1462, 27.1634, 2124.68, HIGH
61.60256386, 0.062322581, 18.5994, 27.1076, 1377.3, NORM
61.79487305, 0.146451614, 18.233, 28.8096, 3171.64, LOW
59.55826599, 0.057677418, 19.3176, 27.0622, 2674.96, LOW
62.8369957, 0.058064514, 19.1942, 26.905, 1516.06, LOW
60.43792229, 0.051612902, 18.9228, 26.9984, 1489.24, LOW
62.78632558, 0.092946233, 18.571, 27.407, 6322.0, LOW
55.86842155, 0.066193549, 18.8086, 27.3986, 6804.48, HIGH
61.53296623, 0.108387097, 19.0416, 26.7458, 8720.24, NORM
58.02380931, 0.071569892, 19.1272, 27.0948, 9770.32, NORM
59.21052704, 0.060709677, 19.1558, 27.3852, 2042.68, NORM
62.05128263, 0.074967741, 18.7086, 27.9064, 3185.82, NORM
56.1228068, 0.112903226, 18.699, 27.6312, 3330.9, HIGH
61.04472733, 0.102129034, 18.5994, 27.7504, 5019.6, NORM
61.27597694, 0.071032256, 18.9656, 27.8462, 4415.7, NORM
76.3262942, 0.071182796, 19.1846, 27.4682, 4316.36, HIGH
64.30494347, 0.082838711, 19.8932, 26.4466, 5579.34, NORM
63.10805779, 0.073290319, 20.2504, 26.5546, 6337.74, LOW
62.99865074, 0.052258065, 21.2036, 25.3542, 5287.64, NORM
