@relation .a/eda_smooth_ml/eda_smooth_ml
@attribute Sound real [46.22267342, 79.2527832]
@attribute Dust real [0.02916129, 0.39787096]
@attribute TempEN real [10.521, 26.891]
@attribute RH real [17.24, 60.8856]
@attribute Light real [287.76, 32280.1]
@attribute EDA_label {LOW, NORM, HIGH}
@inputs Sound, Dust, TempEN, RH, Light
@outputs EDA_label
@data
46.78002625, 0.147096771, 16.4108, 24.187, 1625.64, LOW
56.97368469, 0.078645163, 18.4092, 33.9718, 2805.84, NORM
57.62753143, 0.042129032, 14.05, 44.343, 1412.0, NORM
64.79853363, 0.074709674, 13.9396, 45.5078, 1413.56, NORM
63.90598272, 0.043526881, 14.0932, 45.6958, 1836.12, NORM
62.0614048, 0.058645161, 14.6778, 42.9366, 3136.94, NORM
56.64035174, 0.039053763, 14.5626, 42.3284, 4057.74, NORM
56.50000076, 0.040129033, 14.5242, 42.1526, 3766.1, NORM
56.63157845, 0.060838712, 14.2228, 43.5644, 1225.94, NORM
55.97368317, 0.062193546, 14.0068, 43.3246, 1965.44, NORM
64.61813278, 0.072903225, 13.7956, 44.2116, 1935.46, NORM
60.61451721, 0.097161287, 13.858, 43.9552, 1703.7, NORM
59.8522274, 0.052258062, 13.8628, 43.7356, 1851.92, NORM
61.7948719, 0.043548386, 13.4298, 44.7694, 2529.92, NORM
57.31579068, 0.044946238, 12.7462, 46.754, 2290.22, NORM
61.2624855, 0.059483872, 12.896, 46.1454, 3103.82, NORM
62.96153717, 0.066967742, 13.1072, 45.7544, 2753.8, LOW
68.3615387, 0.054258065, 13.0112, 46.5328, 2665.5, NORM
62.30769348, 0.048, 13.0304, 46.529, 2766.42, NORM
60.33040975, 0.041015054, 12.9824, 46.15, 2097.86, NORM
61.34523811, 0.050451613, 12.654, 46.2952, 834.88, NORM
60.54151962, 0.08404301, 12.5628, 46.8552, 3382.92, NORM
62.48717804, 0.070967745, 12.5388, 47.3544, 992.58, NORM
59.31241493, 0.043032257, 12.654, 47.697, 1167.6, NORM
62.20512733, 0.053612902, 12.683, 46.6532, 975.22, NORM
62.0384613, 0.053290321, 19.579, 29.3332, 558.96, LOW
61.38056717, 0.050967742, 18.5426, 30.9822, 601.54, HIGH
60.09919128, 0.041290323, 18.176, 31.7906, 655.14, LOW
62.26495743, 0.035741936, 18.0146, 31.5054, 885.36, LOW
59.85829887, 0.105290325, 17.1724, 32.925, 681.94, HIGH
58.07759705, 0.041032258, 17.0156, 33.3696, 633.06, HIGH
61.61538544, 0.041032258, 15.7192, 36.8948, 762.36, HIGH
62.65384521, 0.038451613, 15.6664, 37.0382, 853.82, LOW
59.91272964, 0.071053764, 15.28, 38.3248, 341.4, LOW
56.8939785, 0.040361289, 15.0076, 37.731, 751.32, HIGH
65.49999847, 0.104258059, 14.2948, 39.5072, 560.54, LOW
62.29914449, 0.055311828, 14.0596, 40.482, 470.68, LOW
61.87561849, 0.08092473, 13.882, 40.6466, 595.22, HIGH
56.96491216, 0.067053765, 13.281, 42.8802, 451.72, LOW
62.57692299, 0.039741936, 13.127, 43.0636, 588.9, LOW
63.61477178, 0.042344086, 12.968, 43.6792, 614.14, LOW
62.10931129, 0.05896774, 12.9152, 43.4156, 656.72, LOW
57.13562737, 0.043354839, 12.871, 43.8372, 759.18, LOW
63.16666756, 0.055935485, 12.871, 43.6804, 577.88, HIGH
63.85897522, 0.073677421, 12.8662, 43.987, 625.18, LOW
61.68331032, 0.075118281, 12.871, 44.1692, 443.84, LOW
64.84249115, 0.044645161, 12.896, 43.9154, 445.4, LOW
55.52631607, 0.049032256, 16.2916, 39.3576, 3252.08, NORM
62.32051201, 0.082903223, 15.7144, 40.78, 2755.38, LOW
65.07021027, 0.240172035, 14.4762, 44.0042, 3791.3, NORM
59.89878464, 0.051741936, 12.582, 49.1748, 4281.66, NORM
58.18421059, 0.045354838, 12.389, 49.9108, 2633.98, NORM
60.94736786, 0.038645161, 12.389, 49.8618, 1918.1, NORM
62.44444555, 0.053892473, 11.8416, 51.9068, 3023.42, NORM
66.59096527, 0.031440859, 11.5112, 54.0704, 3419.2, NORM
53.45888176, 0.042387094, 11.404, 53.6206, 4008.88, NORM
56.17543818, 0.030193548, 10.9752, 55.0082, 4745.22, NORM
61.7692318, 0.038387097, 10.907, 55.244, 2224.0, NORM
55.39473648, 0.030503225, 10.858, 55.339, 2228.74, NORM
57.93859749, 0.049376343, 10.834, 55.497, 2466.8, LOW
59.57354965, 0.035096775, 10.761, 56.042, 2802.68, NORM
57.01754303, 0.030661289, 10.7312, 56.0312, 3633.64, LOW
61.5384613, 0.035354837, 10.761, 55.976, 3384.5, NORM
59.50877151, 0.040064516, 10.761, 55.9166, 3740.84, LOW
58.22807058, 0.031354838, 10.692, 56.2168, 2684.42, NORM
56.07017543, 0.033978495, 10.712, 56.661, 2916.22, NORM
58.83400803, 0.03683871, 10.702, 56.1164, 2261.84, LOW
60.29419607, 0.032946237, 10.6284, 56.5352, 3933.22, NORM
59.67071533, 0.034735484, 10.565, 56.8292, 1738.36, LOW
57.31578903, 0.038903225, 17.2202, 39.0386, 3170.04, NORM
62.04273554, 0.040688173, 14.8832, 44.714, 4276.94, LOW
64.42124557, 0.03651613, 15.1846, 44.8262, 4335.3, NORM
59.73625793, 0.047096773, 15.2608, 44.1926, 4218.6, NORM
60.40958138, 0.141548388, 14.9024, 44.326, 7086.7, NORM
56.71929906, 0.034589248, 13.8148, 46.3294, 4660.12, NORM
57.62483215, 0.062399999, 13.714, 47.3748, 3190.58, NORM
52.50568182, 0.035612904, 13.6324, 46.7176, 3099.12, NORM
60.84142952, 0.03567742, 12.9056, 48.0326, 6801.32, NORM
61.30769234, 0.032258063, 12.8182, 47.8604, 7138.76, NORM
59.97908363, 0.032541936, 12.6204, 49.1738, 4042.0, NORM
56.71435038, 0.035741935, 12.606, 49.6702, 3504.32, NORM
58.68758469, 0.03348387, 12.606, 49.6824, 3575.28, NORM
55.65263153, 0.037367741, 17.4626, 34.42, 2048.98, HIGH
60.50000038, 0.045806451, 16.401, 37.4622, 2906.76, NORM
57.46153819, 0.090193546, 16.0628, 37.6854, 3422.32, NORM
62.32928467, 0.046322581, 15.7768, 38.403, 3907.98, NORM
59.34210587, 0.057096773, 15.6764, 38.5082, 4130.3, NORM
58.15789528, 0.046645162, 15.1222, 40.2486, 2941.42, NORM
53.875, 0.062838708, 14.8688, 40.9472, 3225.26, NORM
56.26315842, 0.052903224, 14.8256, 40.9108, 2395.88, LOW
63.20512924, 0.074580647, 14.5722, 41.9048, 2228.74, NORM
54.98684158, 0.0667957, 14.026, 43.1316, 4567.08, NORM
59.58231964, 0.048967743, 13.8196, 44.3088, 4794.1, NORM
59.24561348, 0.053182794, 13.8244, 44.2214, 4822.48, LOW
57.5526329, 0.04916129, 13.8484, 44.1552, 4308.48, NORM
56.82456156, 0.038193549, 13.8004, 43.9172, 2129.4, LOW
61.62820549, 0.041741935, 13.594, 44.7078, 4327.4, NORM
61.97435913, 0.049548386, 13.5316, 44.9756, 3874.88, NORM
61.84345462, 0.053440859, 13.4922, 45.09, 2816.86, NORM
55.56140442, 0.036731183, 13.4442, 45.197, 3824.42, NORM
60.114711, 0.045075268, 13.3962, 44.7966, 3444.4, NORM
55.240131, 0.053870968, 13.3626, 45.2432, 3805.48, NORM
55.87499924, 0.034709678, 13.353, 45.1916, 2894.16, NORM
57.23684273, 0.042774193, 13.2378, 44.8774, 2996.64, LOW
61.97435799, 0.062064516, 13.1122, 44.9246, 3365.58, NORM
62.90598246, 0.107311829, 12.9824, 45.9072, 2328.08, NORM
57.88596484, 0.077376345, 12.968, 46.2412, 1985.94, HIGH
63.29059881, 0.058451611, 13.0112, 46.1908, 2849.96, NORM
59.80139414, 0.038473117, 12.8662, 46.1418, 2085.26, LOW
61.29352226, 0.05948387, 12.799, 46.587, 1443.52, HIGH
60.59986534, 0.098967738, 12.8134, 46.6384, 1412.0, LOW
56.38124161, 0.07845161, 12.7174, 46.5768, 3006.08, NORM
56.20526408, 0.048688171, 12.698, 46.3504, 3226.8, NORM
61.53846169, 0.040709677, 12.3888, 47.8358, 2149.9, NORM
61.79487152, 0.068709677, 12.413, 47.7274, 1158.12, NORM
58.05555547, 0.054172043, 12.2726, 47.9934, 1169.14, LOW
63.92307846, 0.044451612, 17.1578, 36.1446, 2268.14, LOW
63.12820625, 0.043612903, 17.1012, 36.23, 2763.26, LOW
58.71929906, 0.056817206, 16.8488, 36.6526, 2834.24, NORM
56.79166679, 0.037913978, 16.5582, 37.1998, 2406.92, NORM
59.23616689, 0.088903225, 15.9768, 38.855, 2775.86, NORM
59.09851507, 0.042589247, 14.457, 42.5944, 1967.0, NORM
59.53103905, 0.060903224, 14.3324, 42.9152, 1932.3, NORM
57.88866539, 0.114129035, 13.6804, 44.9376, 1397.78, NORM
57.13157883, 0.036774193, 13.257, 45.7482, 4368.4, NORM
57.07017644, 0.04404301, 13.0784, 46.4796, 3245.76, NORM
54.7710527, 0.03367742, 12.799, 46.9786, 3780.26, NORM
54.71381569, 0.035290323, 12.7462, 46.7664, 3646.24, NORM
57.35492706, 0.063225808, 12.7942, 46.1266, 3021.86, NORM
63.16003291, 0.035053764, 12.799, 46.4692, 1870.82, NORM
61.46153946, 0.040903225, 12.678, 46.323, 2574.06, NORM
62.71794764, 0.045892471, 12.2822, 48.4512, 2458.92, NORM
61.48717957, 0.054838711, 12.413, 47.7088, 2080.52, NORM
60.42307663, 0.042129032, 12.4178, 47.5366, 2479.44, NORM
57.08070119, 0.03836559, 12.384, 47.699, 2520.44, LOW
60.70107918, 0.033612905, 12.384, 47.538, 2438.44, NORM
57.0519558, 0.073225808, 12.413, 47.4432, 3956.86, NORM
58.94736811, 0.046107527, 12.437, 46.9254, 1214.88, NORM
59.56275152, 0.056430106, 12.4418, 47.0252, 3395.54, NORM
65.76434937, 0.073548384, 12.3592, 47.8074, 1683.2, NORM
60.05735512, 0.098645157, 12.4466, 47.2056, 3482.26, NORM
63.64957275, 0.043053763, 12.389, 46.4978, 2752.22, NORM
61.11782633, 0.077204299, 12.379, 46.6454, 2247.66, NORM
64.00732638, 0.032430108, 12.292, 45.684, 3893.78, NORM
64.38339488, 0.033548386, 12.171, 46.445, 1503.44, NORM
60.64867401, 0.072559136, 17.3296, 53.5924, 28264.1, LOW
59.52091904, 0.110580645, 17.4294, 53.1078, 32280.1, LOW
63.17948685, 0.040709676, 18.3804, 49.3364, 5976.7, HIGH
54.0, 0.050752685, 17.7672, 51.9004, 3244.18, LOW
58.30526291, 0.039225807, 17.6576, 52.7082, 3269.4, LOW
63.24786173, 0.053720429, 17.4578, 53.2412, 3885.9, LOW
60.79082413, 0.037032259, 17.1106, 54.7944, 6112.26, LOW
56.07017644, 0.03711828, 16.8296, 56.9604, 2542.5, LOW
60.73414243, 0.051677418, 16.844, 56.4764, 4327.4, LOW
61.00000076, 0.040387097, 16.8344, 56.2436, 3182.68, LOW
60.70287819, 0.121204299, 16.7634, 56.3608, 5101.58, NORM
63.01317546, 0.069118281, 16.7914, 56.3954, 6284.14, LOW
55.76585709, 0.038344086, 16.582, 55.359, 1714.72, LOW
58.54504073, 0.03939785, 16.558, 55.343, 1750.98, LOW
63.75282125, 0.040172044, 16.1818, 56.6922, 3879.6, LOW
64.10256577, 0.04516129, 15.9388, 56.2242, 2518.88, LOW
59.8830424, 0.044438708, 16.1104, 56.0254, 5066.88, LOW
58.26315816, 0.039741934, 16.177, 56.2848, 5259.26, LOW
64.88154246, 0.03595699, 16.7202, 53.53, 3433.38, LOW
61.82905986, 0.058967741, 16.6442, 53.9974, 3907.96, LOW
64.6007309, 0.048602149, 16.534, 55.437, 5516.28, LOW
60.41655375, 0.042580644, 16.4822, 55.4296, 3810.2, NORM
63.47863185, 0.035698925, 16.272, 54.501, 4368.4, LOW
63.68376261, 0.036731183, 16.9582, 52.77, 4923.4, LOW
59.87719269, 0.038709676, 16.8964, 52.7118, 8324.46, NORM
62.83333359, 0.048580645, 17.106, 52.7414, 2580.34, LOW
62.90598175, 0.046838709, 23.328, 29.6684, 2468.42, LOW
63.75640869, 0.060838708, 22.9488, 30.0676, 1091.92, NORM
54.60526276, 0.047870966, 22.7002, 31.1334, 1307.92, LOW
66.05586243, 0.042258062, 21.9438, 32.6164, 2861.04, LOW
66.03541082, 0.043698925, 21.0272, 34.6266, 3133.8, LOW
67.56410141, 0.058129032, 21.1702, 34.5938, 3207.9, LOW
60.3903038, 0.039612902, 21.127, 34.431, 1210.14, LOW
59.50783234, 0.04335484, 21.0558, 34.3912, 953.14, NORM
60.20782661, 0.042516128, 21.0416, 34.4096, 781.28, LOW
55.18092041, 0.043612904, 20.9552, 34.4212, 738.68, HIGH
52.93503294, 0.047956988, 21.0224, 34.4542, 730.8, HIGH
61.86813126, 0.041870969, 21.0462, 34.364, 940.52, HIGH
57.92982457, 0.03892473, 20.9456, 34.163, 1602.76, LOW
61.41497917, 0.042709676, 20.8506, 35.5324, 1282.68, LOW
58.70400492, 0.039913979, 20.9408, 35.4092, 1273.2, HIGH
54.625, 0.044838708, 20.9696, 36.359, 1476.62, LOW
57.57631546, 0.051935482, 20.9984, 36.926, 1662.68, LOW
59.94736862, 0.054, 21.056, 36.2228, 1210.16, LOW
61.70085373, 0.079569891, 21.056, 35.6378, 1533.42, LOW
60.32118607, 0.050322582, 21.0746, 35.297, 2364.34, LOW
58.69815547, 0.046451611, 21.199, 35.2168, 2282.34, HIGH
57.99955037, 0.049075269, 21.1894, 34.7276, 2253.96, HIGH
62.15384521, 0.041225807, 21.3276, 34.741, 1289.0, HIGH
70.11236114, 0.041225805, 21.366, 35.51, 1763.6, LOW
53.98026352, 0.049677417, 21.1654, 34.1966, 4667.96, LOW
69.01721725, 0.040129033, 21.175, 35.2012, 3025.0, LOW
64.53571281, 0.048903226, 21.175, 36.1492, 4100.34, LOW
70.2687851, 0.045548387, 22.202, 32.5128, 5006.98, LOW
70.29811859, 0.065118277, 22.3546, 32.2198, 3395.54, LOW
68.47142944, 0.055741933, 22.5178, 32.761, 3225.26, LOW
70.00841141, 0.044645159, 22.3356, 33.011, 3282.02, LOW
63.10073242, 0.073677419, 22.4506, 32.9884, 3031.32, HIGH
61.33063583, 0.097419352, 22.7242, 32.6794, 2105.78, LOW
62.79487152, 0.068903227, 22.4218, 31.4242, 1388.34, LOW
59.96828613, 0.041935483, 17.1486, 42.3842, 1129.74, NORM
60.01416931, 0.054354835, 16.5062, 44.1206, 1352.06, NORM
58.87674255, 0.043999998, 16.1722, 44.3904, 8447.44, NORM
61.47435913, 0.063161292, 16.263, 44.9446, 8928.36, NORM
59.23009453, 0.054387094, 16.7298, 44.6346, 9164.86, NORM
60.79303958, 0.04255914, 17.71, 42.7486, 1599.62, LOW
59.36234779, 0.041935484, 17.5864, 42.2686, 1066.68, NORM
53.4375, 0.04116129, 17.677, 42.196, 614.16, NORM
53.375, 0.039870966, 17.7194, 41.8942, 612.58, NORM
59.87584267, 0.048451612, 17.4816, 41.969, 1087.16, NORM
58.76045799, 0.039870967, 17.0772, 43.7952, 954.72, NORM
58.052631, 0.039290322, 16.7966, 45.943, 1768.32, NORM
56.3421051, 0.041419355, 16.987, 44.0446, 3129.06, NORM
61.86289001, 0.043440859, 16.8726, 43.5934, 4377.86, NORM
60.38349063, 0.055827957, 16.682, 44.4834, 4313.18, NORM
61.48717842, 0.041548386, 16.7538, 45.7804, 4075.12, NORM
58.9433197, 0.038451613, 16.8632, 44.8024, 4092.46, NORM
58.76833127, 0.039462365, 16.7106, 44.86, 1773.06, NORM
60.25595996, 0.039903225, 16.8104, 44.4734, 1033.58, NORM
61.76068242, 0.042322581, 16.6396, 45.5772, 1113.96, NORM
55.36842155, 0.061096772, 16.4058, 47.3204, 1014.64, NORM
56.17763252, 0.039815666, 15.9246, 46.8332, 6467.04, NORM
59.54251022, 0.039432257, 15.8528, 46.9368, 7143.48, NORM
61.9871788, 0.038451612, 15.39, 48.494, 7678.0, NORM
55.34868469, 0.040412902, 16.034, 47.942, 8007.56, NORM
64.95054855, 0.041999999, 16.6726, 45.7324, 7741.06, NORM
63.51282043, 0.042400001, 16.8392, 45.5324, 7127.68, NORM
64.0757019, 0.041548385, 17.2676, 44.6742, 6892.78, NORM
62.64102631, 0.045612903, 18.1666, 42.0084, 1334.7, LOW
62.73076897, 0.039612902, 17.1008, 43.2196, 1930.74, NORM
62.29374695, 0.048989245, 16.6868, 43.6092, 1508.14, NORM
60.36797155, 0.040430106, 16.277, 44.8008, 1104.52, NORM
60.36167374, 0.040064514, 15.972, 46.9956, 2730.14, LOW
57.9113252, 0.040619354, 16.2154, 46.6752, 2835.78, NORM
66.6772789, 0.040795699, 16.1722, 46.5258, 2815.28, LOW
64.0512825, 0.076129032, 16.3868, 45.3254, 3111.7, NORM
61.81196645, 0.048064516, 16.6298, 45.1722, 6047.64, NORM
64.06410217, 0.040154838, 17.4482, 43.3812, 6525.4, NORM
67.75000229, 0.046000001, 17.4484, 43.2158, 6567.98, NORM
66.66666565, 0.043354838, 17.5388, 43.0672, 6544.3, NORM
67.00661367, 0.043032257, 17.7008, 42.2692, 6793.44, NORM
65.2283254, 0.043397849, 18.1902, 42.2866, 6005.08, LOW
60.09716721, 0.045264516, 18.5804, 42.0042, 4939.18, LOW
63.49999962, 0.049419354, 19.208, 40.2786, 8103.72, NORM
59.42105255, 0.102129032, 20.6648, 29.2148, 1577.54, LOW
58.94736786, 0.107870968, 20.3026, 29.4462, 1795.14, LOW
57.96491089, 0.058881719, 20.1838, 29.8642, 1511.32, LOW
55.42388799, 0.128301076, 19.9598, 29.9654, 1391.48, LOW
54.3210527, 0.098967744, 19.9168, 29.9616, 1273.24, LOW
56.94736811, 0.127311824, 18.9798, 31.7488, 1460.88, LOW
60.83333282, 0.121548388, 18.3614, 32.7766, 3078.62, LOW
62.40171, 0.101161288, 17.71, 33.86, 7428.84, HIGH
53.5, 0.107870967, 18.1284, 33.236, 2408.5, NORM
53.41666667, 0.064989247, 18.2, 33.3936, 2419.52, LOW
53.75175405, 0.135096774, 17.2912, 35.6242, 740.3, HIGH
64.14835205, 0.117741935, 17.5864, 35.255, 2578.78, LOW
60.59417953, 0.133058059, 17.4864, 35.5912, 1268.5, NORM
65.65384712, 0.160645162, 17.5768, 35.9584, 6156.44, LOW
58.39473724, 0.134967743, 17.1818, 36.7514, 1057.22, LOW
59.32128525, 0.163225803, 16.4584, 38.6292, 3367.14, LOW
56.50877177, 0.096559135, 16.8776, 37.2454, 2539.36, LOW
62.26495666, 0.107741935, 16.8106, 37.1158, 1166.0, LOW
57.00657883, 0.11380645, 16.7634, 37.4214, 5680.26, LOW
60.77327843, 0.146258063, 16.7962, 37.6448, 5522.62, LOW
56.62390362, 0.080860216, 16.9198, 38.2588, 3731.38, LOW
57.44399414, 0.111612905, 16.939, 37.0446, 4103.5, NORM
63.61538353, 0.152967736, 16.8104, 36.6946, 5358.56, LOW
67.73381856, 0.210881713, 17.3248, 35.6926, 3609.98, LOW
65.78444366, 0.118967738, 17.3056, 35.632, 6585.32, LOW
61.34419301, 0.099483874, 17.6578, 35.5036, 5590.36, LOW
59.99373398, 0.104258067, 17.962, 35.8398, 5306.58, LOW
56.91228129, 0.070301073, 17.867, 35.8956, 5107.88, HIGH
65.8598896, 0.093741935, 17.5724, 36.4594, 3318.28, LOW
63.46153679, 0.092129031, 18.3094, 34.769, 11276.12, LOW
62.76923167, 0.097419355, 19.6462, 32.4964, 14027.56, LOW
65.29853516, 0.072129033, 19.6836, 32.6258, 14456.46, HIGH
64.51648178, 0.095096773, 19.7268, 32.9336, 13160.36, LOW
63.70156326, 0.187677417, 19.96, 32.4586, 13617.62, LOW
55.21077957, 0.061741934, 20.1978, 31.0916, 12879.7, LOW
66.13003591, 0.073333333, 20.436, 31.7842, 16187.72, LOW
59.52704706, 0.064344085, 19.898, 33.1344, 5880.5, NORM
62.06837718, 0.063139786, 19.0228, 34.7192, 9683.62, NORM
60.34358978, 0.0544086, 19.541, 35.261, 10498.8, NORM
52.8125, 0.050580646, 20.1264, 33.763, 8803.78, NORM
54.88486786, 0.047677417, 20.3218, 33.3448, 8792.74, NORM
63.86950582, 0.048279567, 20.5502, 33.0282, 9767.2, NORM
55.59539413, 0.045032258, 20.2218, 32.9524, 615.74, NORM
52.96875, 0.045135484, 20.2506, 33.2462, 612.58, NORM
61.68375982, 0.044068818, 19.8788, 32.643, 1631.14, NORM
63.11268539, 0.045741935, 19.3126, 33.081, 3975.78, LOW
58.79001389, 0.044129033, 19.3174, 33.879, 3387.64, NORM
61.86774673, 0.046709678, 19.1126, 36.097, 6060.26, NORM
60.75371056, 0.042709678, 19.2316, 35.1522, 4562.34, NORM
60.58299637, 0.044258065, 19.3986, 34.6366, 3381.34, NORM
60.08596535, 0.048064516, 19.5412, 34.3346, 1755.72, NORM
60.12955475, 0.041870968, 19.4696, 33.9326, 1760.44, NORM
62.02879003, 0.051311827, 19.0654, 33.9476, 1049.32, NORM
60.63900223, 0.093999999, 18.4044, 35.753, 975.22, NORM
61.48717918, 0.07064516, 18.6658, 34.8686, 6906.94, NORM
64.55555394, 0.043655915, 19.5602, 33.2554, 8078.48, NORM
63.11355133, 0.047741936, 19.9216, 32.9778, 8450.62, NORM
63.7042099, 0.04483871, 20.0312, 32.6436, 8059.56, NORM
66.20237961, 0.046451611, 21.084, 30.9348, 2812.14, NORM
67.33333054, 0.044258065, 20.6456, 31.9554, 4267.48, NORM
62.39743614, 0.048967742, 20.2978, 32.144, 1695.8, NORM
58.36842155, 0.044361291, 20.5982, 32.8276, 3091.22, NORM
60.08367081, 0.046864514, 20.6932, 32.7168, 3083.34, NORM
67.88400497, 0.0448, 21.7954, 31.0828, 5733.86, NORM
62.52856344, 0.048344085, 22.0534, 30.4756, 5584.06, NORM
62.41025696, 0.046516128, 22.1828, 30.252, 5593.54, NORM
66.98168564, 0.044593548, 22.4266, 29.6076, 5530.44, NORM
63.69230652, 0.047741935, 21.9246, 29.9086, 8710.76, NORM
64.59340719, 0.046451612, 21.633, 30.2662, 7012.6, LOW
61.6538456, 0.04552258, 23.0976, 26.5182, 1186.5, NORM
60.93589783, 0.043483872, 21.3516, 29.7804, 1386.76, NORM
55.3947361, 0.044580645, 21.1606, 30.2466, 1378.86, NORM
62.41025543, 0.04483871, 19.7364, 32.3324, 1098.2, NORM
64.10256551, 0.083784944, 20.5454, 31.541, 6610.54, NORM
63.14957352, 0.159462366, 20.5838, 31.684, 6637.34, NORM
58.77953262, 0.054580644, 21.5138, 31.2452, 7148.18, NORM
57.01754303, 0.045505376, 21.6376, 29.5564, 473.84, NORM
61.21390038, 0.044258065, 20.6836, 30.1464, 4297.46, LOW
58.84345449, 0.048206451, 20.9176, 30.66, 3621.02, NORM
60.8090416, 0.056580645, 21.418, 30.6894, 2088.42, NORM
58.02226791, 0.045806451, 21.2892, 30.6652, 4019.92, NORM
64.59649277, 0.044, 20.6552, 30.6846, 4224.92, NORM
58.86842181, 0.044877419, 20.3836, 32.2244, 5404.32, NORM
57.68421051, 0.044103227, 20.5262, 31.8518, 3762.92, NORM
60.37516899, 0.043612903, 20.555, 32.0072, 3895.36, NORM
60.95726458, 0.045397849, 19.8314, 32.0624, 7364.22, LOW
60.12820435, 0.044387097, 19.7458, 32.4656, 6954.26, LOW
59.24493904, 0.044645162, 19.9788, 32.4604, 7184.46, LOW
67.58425064, 0.045419354, 20.5168, 31.5652, 8045.36, LOW
60.43859698, 0.049126882, 20.5074, 31.1852, 7450.92, LOW
62.45421219, 0.050322579, 22.0772, 29.8138, 4838.28, HIGH
68.17857285, 0.048064516, 21.8336, 29.223, 6607.38, LOW
67.39285507, 0.045870967, 22.0726, 29.4172, 3904.82, HIGH
58.70962728, 0.044322581, 22.0964, 28.9956, 3723.48, LOW
60.88596497, 0.04516129, 21.9102, 29.5918, 1866.1, HIGH
60.87179489, 0.043548388, 21.4178, 30.3286, 5658.18, LOW
62.25641047, 0.047010751, 21.1798, 30.556, 2477.86, LOW
66.53968074, 0.050150536, 22.3402, 29.6948, 12263.2, LOW
66.41849747, 0.046903224, 23.1792, 28.962, 7152.92, NORM
63.38461533, 0.048064515, 23.3472, 28.3606, 5543.06, LOW
61.77289314, 0.047354837, 22.9248, 28.0432, 9817.66, LOW
67.4444458, 0.055397849, 21.8672, 27.6296, 817.54, NORM
67.17674026, 0.229096774, 20.3978, 30.1758, 456.46, NORM
58.10526314, 0.041419355, 20.336, 30.9706, 465.94, NORM
70.68941956, 0.068817204, 20.274, 30.9052, 868.0, NORM
66.98809586, 0.046451611, 20.3026, 30.7544, 503.78, NORM
67.19047546, 0.043741937, 20.2834, 30.7732, 565.28, NORM
63.86446762, 0.070387095, 20.2978, 30.6074, 1077.72, NORM
63.28205147, 0.044580646, 20.126, 30.7662, 533.72, LOW
65.83882751, 0.044129033, 19.1414, 32.55, 1446.68, NORM
56.22149048, 0.045075269, 19.3794, 31.7974, 563.7, NORM
69.81523743, 0.043548388, 19.1558, 32.2014, 1229.06, NORM
66.11904602, 0.054967743, 18.8798, 33.582, 979.94, LOW
75.51111069, 0.04348387, 18.9178, 33.743, 1281.12, NORM
55.69298197, 0.043698926, 18.8228, 33.7082, 555.82, HIGH
58.82995949, 0.043677419, 18.794, 33.2976, 401.28, HIGH
67.42063649, 0.062559142, 18.747, 33.543, 1036.72, NORM
66.17765808, 0.043961291, 18.699, 34.1104, 631.52, NORM
55.50000038, 0.04367742, 18.6798, 34.0298, 481.74, NORM
69.81269836, 0.042812904, 18.5708, 33.6256, 1082.44, NORM
55.34210587, 0.042096773, 18.533, 33.7864, 514.82, NORM
67.29365133, 0.043655915, 18.5378, 33.8982, 606.24, NORM
68.73809814, 0.044903226, 18.557, 34.2022, 443.86, NORM
68.14285736, 0.044774195, 18.5708, 34.2562, 342.92, NORM
78.12242381, 0.043333335, 18.7086, 33.5656, 1082.44, NORM
68.63492126, 0.042666666, 18.7326, 33.6996, 926.36, NORM
66.60714035, 0.044064517, 18.723, 33.6328, 855.4, NORM
60.55285645, 0.042150539, 18.7422, 33.7596, 453.3, NORM
66.90079346, 0.043634409, 19.0034, 33.1116, 1572.82, NORM
67.13095245, 0.043019355, 19.008, 33.1318, 1054.06, NORM
63.51281967, 0.053677418, 18.9988, 33.0458, 987.82, NORM
62.84102493, 0.042645162, 18.9988, 32.9864, 965.76, NORM
64.18595917, 0.042451613, 19.008, 32.994, 1095.06, NORM
46.62179565, 0.033909678, 11.264, 37.175, 1193.6, LOW
60.68218689, 0.08219355, 13.7092, 47.5176, 1438.78, NORM
55.47368469, 0.083053765, 13.6564, 47.6598, 1539.7, NORM
60.24426524, 0.063698925, 13.565, 47.7156, 1557.04, NORM
56.38398458, 0.041462364, 13.738, 48.0234, 1244.86, NORM
58.36054955, 0.093780648, 13.6132, 48.8058, 1367.82, NORM
59.52968979, 0.042322579, 13.377, 48.7996, 2298.14, LOW
62.35897369, 0.045290322, 13.5268, 48.1262, 3200.02, NORM
60.9871788, 0.042903225, 13.5316, 48.133, 2257.12, NORM
63.03418872, 0.041935484, 13.522, 48.448, 2298.12, NORM
55.94551239, 0.049032259, 13.4346, 48.275, 2767.98, NORM
54.90789413, 0.040335483, 13.522, 48.262, 570.02, LOW
62.42032967, 0.042387097, 13.2714, 49.8338, 3468.04, NORM
69.42032928, 0.043096776, 13.2138, 48.9078, 1091.88, NORM
59.57759705, 0.044193549, 13.257, 48.7838, 1175.46, NORM
53.58333333, 0.052490325, 13.257, 49.308, 592.08, LOW
60.97435913, 0.050516127, 13.04, 50.03, 888.5, NORM
59.561822, 0.042365592, 13.0496, 49.8714, 3241.04, NORM
62.59615555, 0.042, 13.3482, 49.678, 1834.54, NORM
61.41025658, 0.071870969, 13.522, 48.7508, 1047.72, NORM
60.89316279, 0.041032257, 13.546, 48.4448, 1046.16, NORM
59.66194344, 0.046774194, 13.57, 48.33, 622.06, NORM
63.94261322, 0.040774194, 13.497, 48.8278, 1158.12, NORM
64.80769157, 0.090645161, 13.4682, 48.6016, 1240.12, NORM
68.48809586, 0.054516129, 13.4634, 48.6568, 1224.36, NORM
55.60657959, 0.041290321, 13.522, 48.6206, 549.48, NORM
64.17032967, 0.044129031, 13.5412, 48.9202, 3813.38, NORM
64.57386932, 0.056215054, 13.6468, 49.342, 1296.88, NORM
60.76518148, 0.041591397, 13.6756, 49.3456, 1224.36, NORM
62.85627632, 0.045354838, 13.8868, 47.7268, 4972.28, NORM
65.0384613, 0.043329033, 13.93, 47.7942, 2916.2, NORM
58.0, 0.049741936, 16.1388, 42.9992, 18204.38, LOW
57.95428619, 0.050537632, 16.3392, 42.4062, 16736.42, NORM
60.42465134, 0.051010752, 17.3152, 40.6568, 15504.98, LOW
59.10526352, 0.058193548, 17.9716, 38.6532, 17980.5, HIGH
62.50244179, 0.055483871, 17.8146, 38.7274, 3313.54, NORM
62.34359111, 0.061161288, 17.7672, 38.929, 3474.36, LOW
62.30769234, 0.046903224, 17.1532, 40.1448, 6519.08, NORM
58.73869858, 0.04696774, 17.3008, 41.1936, 5021.18, NORM
59.58771985, 0.043131185, 17.458, 40.9228, 4056.2, NORM
61.2699056, 0.044344087, 17.3486, 41.167, 1419.9, NORM
53.8125, 0.04335484, 17.1676, 40.4866, 2011.12, LOW
51.36363636, 0.045677419, 17.2488, 41.3096, 1995.4, LOW
57.15676956, 0.044043012, 17.344, 40.7304, 4133.46, LOW
55.36842041, 0.043741937, 16.8916, 40.2894, 2208.22, HIGH
61.63675194, 0.045999999, 16.9582, 42.2222, 1289.0, LOW
61.43589783, 0.052774192, 16.9104, 42.5548, 2310.72, HIGH
60.12618167, 0.04376344, 16.7488, 41.9624, 2003.26, NORM
60.88888855, 0.054580644, 16.9012, 41.7242, 2269.74, HIGH
61.62820549, 0.046645161, 16.8152, 41.836, 2028.52, HIGH
60.48313141, 0.043483871, 16.796, 41.5658, 2224.0, LOW
59.08367081, 0.044387096, 16.3824, 41.9208, 1932.3, NORM
62.50655212, 0.044602151, 16.344, 42.2666, 2925.68, LOW
61.12820511, 0.045634408, 16.3536, 42.1594, 2421.1, NORM
62.28924764, 0.043010752, 16.4486, 42.883, 3643.08, HIGH
64.47008514, 0.044129033, 16.5724, 41.9934, 6334.58, HIGH
64.73138021, 0.045926881, 17.2962, 40.7444, 13910.9, NORM
60.27193031, 0.049483872, 17.4486, 40.1768, 2399.04, LOW
57.62078285, 0.054774193, 19.4556, 36.6212, 1637.46, NORM
60.73182856, 0.050322579, 18.0762, 40.7408, 1385.18, NORM
53.55833333, 0.045806451, 18.1572, 40.5566, 3450.68, NORM
60.39676056, 0.056516127, 18.3048, 38.8762, 6638.92, NORM
55.17434235, 0.045367742, 17.5052, 41.5368, 2892.54, NORM
52.9, 0.045548387, 17.6054, 41.9192, 2892.54, NORM
55.76315804, 0.047870967, 17.8382, 39.988, 1812.48, NORM
56.22807032, 0.046107526, 17.8382, 40.078, 1788.84, NORM
52.06666667, 0.045580645, 17.2864, 42.1066, 875.88, LOW
62.3112915, 0.044172044, 17.2866, 41.9022, 5229.3, NORM
59.77339223, 0.045956989, 17.8814, 40.565, 1686.34, NORM
63.20242767, 0.046838708, 17.7432, 40.8196, 1836.12, NORM
65.78022105, 0.045892472, 17.729, 40.574, 4503.98, LOW
58.70917664, 0.049032257, 17.819, 40.4234, 1744.7, NORM
57.76315689, 0.094322577, 17.0392, 41.3436, 1814.04, LOW
58.36549708, 0.045032258, 16.6154, 42.724, 1867.68, NORM
59.82456131, 0.051225806, 17.0106, 43.279, 2402.18, NORM
64.2527476, 0.046580644, 17.225, 42.3488, 5853.68, NORM
56.99999924, 0.045935483, 17.4582, 41.2498, 2689.18, LOW
64.67032928, 0.046683871, 17.5772, 41.122, 2604.0, NORM
64.30512695, 0.045393548, 18.5896, 39.4818, 5410.62, LOW
58.06815071, 0.051870965, 19.5744, 38.2242, 4775.18, NORM
61.34615479, 0.04767742, 24.1464, 32.0702, 2220.86, LOW
53.58333333, 0.048043011, 24.1804, 32.3212, 1878.68, LOW
61.97435951, 0.048129031, 24.002, 31.5678, 2045.84, LOW
56.45919942, 0.050150537, 22.7338, 34.3306, 1475.06, HIGH
58.96131312, 0.048516128, 22.7434, 34.3314, 1758.88, LOW
58.69635773, 0.051526879, 22.8096, 34.2976, 1850.32, NORM
60.31848869, 0.047741933, 22.7952, 34.1236, 1973.3, LOW
58.5757988, 0.054107525, 22.8, 34.5954, 9242.14, LOW
64.55219803, 0.049677417, 23.6986, 33.9478, 5103.18, LOW
59.2348175, 0.050408601, 24.156, 31.6686, 1180.18, LOW
55.92105293, 0.045096774, 22.633, 35.5926, 3652.52, LOW
61.22267189, 0.046387095, 22.7668, 34.7912, 2183.0, HIGH
62.17948837, 0.044258065, 23.04, 35.0624, 2020.6, HIGH
60.54700877, 0.045462365, 22.1732, 36.7676, 3635.2, LOW
59.88394089, 0.04335484, 22.4842, 36.232, 1307.94, LOW
62.8782052, 0.049935482, 22.6234, 35.2278, 7375.26, LOW
63.63003654, 0.045419354, 22.6138, 35.174, 7498.22, LOW
61.13135503, 0.045548387, 22.7572, 35.0418, 7778.9, LOW
55.34210587, 0.043806453, 23.352, 34.3084, 2621.34, HIGH
61.14350052, 0.042623656, 23.0544, 33.6024, 3561.1, LOW
63.38034108, 0.062838709, 23.1984, 34.2876, 6668.88, LOW
65.40567932, 0.046516128, 23.3808, 33.559, 5724.4, LOW
58.5484553, 0.046021506, 23.7562, 32.9192, 5945.14, HIGH
65.0066658, 0.068107526, 23.833, 33.22, 6698.84, HIGH
63.15384598, 0.044954839, 23.8714, 32.9762, 6891.22, LOW
66.26679204, 0.046021505, 23.5642, 33.3088, 5863.14, LOW
53.5081459, 0.048774192, 20.8142, 23.6292, 5331.02, LOW
61.88461609, 0.049548385, 26.0704, 29.2562, 1440.34, NORM
60.68170497, 0.053763438, 24.8322, 30.3864, 3127.5, NORM
65.88095169, 0.049032257, 24.8902, 30.7152, 5937.26, NORM
65.72893791, 0.050580644, 24.7986, 30.7208, 6418.16, NORM
60.22942047, 0.062967743, 24.2238, 31.3116, 3069.14, NORM
62.12820435, 0.075806453, 24.0116, 31.8034, 6459.16, NORM
64.24541969, 0.049032257, 24.0404, 32.1212, 6952.68, NORM
53.16776314, 0.087612901, 24.6338, 31.239, 9497.56, NORM
58.57310079, 0.054408599, 25.1082, 30.8214, 2747.48, NORM
52.70833333, 0.062107525, 24.8758, 30.4914, 1268.5, NORM
59.71659953, 0.08047312, 24.8372, 30.7172, 1553.9, NORM
59.39068947, 0.051741934, 24.1366, 31.4854, 2514.14, NORM
57.40350749, 0.046881719, 24.388, 31.5944, 2025.36, LOW
56.64912389, 0.061075267, 24.3486, 31.5172, 1746.26, NORM
58.50607376, 0.070064516, 24.3342, 31.4622, 5893.12, NORM
62.87786713, 0.061741935, 24.3294, 31.4552, 6339.34, NORM
55.97368393, 0.050516129, 24.6822, 32.6006, 4371.52, LOW
61.63919296, 0.053698925, 24.7548, 31.3166, 4431.46, LOW
63.74358978, 0.080258064, 24.7984, 31.4888, 6333.02, NORM
59.72051315, 0.085483871, 24.808, 31.3618, 6195.84, NORM
57.23144455, 0.046693548, 24.8518, 31.0218, 2526.74, NORM
57.21052628, 0.053032257, 24.8662, 31.104, 2507.82, LOW
60.89203873, 0.055548386, 24.7984, 31.3072, 2416.36, LOW
62.33333282, 0.099956989, 24.7016, 30.908, 1602.76, NORM
57.21052666, 0.049096774, 24.7068, 30.7468, 4496.14, LOW
60.56949997, 0.049526882, 24.7404, 31.645, 3444.4, LOW
57.9210537, 0.049032256, 24.9194, 31.5396, 5459.5, LOW
63.93772914, 0.074752684, 25.04, 31.045, 6117.02, HIGH
65.8842511, 0.071096771, 24.7598, 30.4682, 6615.24, LOW
67.34022522, 0.06045161, 24.7162, 30.9366, 8262.96, LOW
58.14979706, 0.049462364, 25.05, 30.9308, 7548.68, LOW
66.8791214, 0.050516128, 25.4914, 30.6306, 6604.22, LOW
60.34233017, 0.064086021, 26.8766, 27.8348, 11017.56, LOW
63.78632355, 0.052086022, 26.891, 27.8902, 5566.72, LOW
62.82051277, 0.103935483, 26.49, 28.2618, 4256.44, LOW
62.57557411, 0.059419353, 26.3678, 28.3748, 3378.2, LOW
63.26495705, 0.074989246, 26.1482, 28.6234, 3487.0, LOW
59.57759781, 0.047655912, 26.353, 28.5984, 3966.34, NORM
63.65384445, 0.049741935, 26.314, 28.738, 5374.34, LOW
61.38461456, 0.054967743, 26.2896, 28.8386, 5426.4, NORM
61.53351339, 0.048602149, 24.5516, 31.3194, 2693.86, LOW
59.95614052, 0.049599998, 25.0064, 30.8734, 2148.34, LOW
65.92857285, 0.105032258, 25.1568, 30.4136, 4163.4, LOW
63.60073204, 0.053354835, 25.4528, 29.7212, 7485.64, LOW
65.65567627, 0.075225806, 25.8852, 29.411, 6266.78, LOW
62.19230766, 0.051999998, 26.085, 29.3322, 5040.08, LOW
65.32722855, 0.05236129, 15.9864, 34.006, 16588.24, HIGH
62.65114746, 0.095419355, 16.6394, 32.6466, 15175.44, NORM
55.2227562, 0.095161291, 17.4436, 31.7912, 13780.02, NORM
61.87820358, 0.058709677, 19.3506, 29.034, 12091.32, NORM
62.92307739, 0.067419353, 19.4984, 28.116, 6705.14, NORM
61.52564011, 0.134193551, 19.4552, 28.3004, 3890.62, NORM
58.47368469, 0.048709675, 19.4744, 28.3016, 2821.6, NORM
58.98088989, 0.047741934, 18.985, 28.2562, 2583.52, NORM
54.83881569, 0.048516129, 18.8326, 28.3372, 3564.26, NORM
56.15789459, 0.119870972, 17.2962, 31.4026, 3253.62, NORM
61.15384636, 0.054322578, 17.8382, 31.3774, 6419.74, NORM
61.52564201, 0.064774196, 17.8478, 31.1338, 6541.14, NORM
58.95726509, 0.04451613, 17.943, 30.4074, 5590.4, NORM
61.6324791, 0.049419353, 17.9908, 30.3182, 7507.68, NORM
63.95421333, 0.046258063, 18.0238, 30.162, 7638.58, NORM
61.1538456, 0.058387096, 18.1808, 29.4442, 5549.36, NORM
60.74224014, 0.078064512, 18.0378, 30.9382, 2589.8, NORM
64.02197838, 0.058516128, 18.2332, 29.688, 3023.42, NORM
55.84210587, 0.045612904, 17.7098, 29.7906, 1661.1, NORM
62.74358864, 0.059483868, 17.0344, 31.9988, 2783.76, NORM
64.38828049, 0.082903228, 16.2916, 30.682, 6873.86, NORM
56.42982559, 0.059483868, 17.1868, 30.5474, 2873.62, NORM
63.49908295, 0.114322579, 17.1962, 30.1248, 12198.56, NORM
61.73931516, 0.080172041, 17.0724, 30.1078, 2031.66, NORM
60.69230728, 0.169096773, 16.9822, 30.5236, 2898.86, NORM
60.4102562, 0.048903224, 15.3326, 32.7436, 2553.54, NORM
59.42510071, 0.061548388, 15.5952, 32.9638, 3283.58, NORM
55.1385969, 0.068838712, 15.915, 33.3266, 3209.48, NORM
61.94166641, 0.093118276, 16.201, 32.364, 7383.1, NORM
60.01147118, 0.123655916, 16.201, 32.364, 7383.1, NORM
49.1538475, 0.083612901, 18.9128, 17.24, 7439.12, LOW
64.75274506, 0.064645161, 23.352, 21.5972, 1377.28, LOW
52.99166667, 0.057075267, 22.7146, 22.0244, 1566.5, HIGH
60.28407593, 0.078645157, 22.4746, 22.0774, 2066.34, HIGH
60.37966715, 0.057591396, 22.178, 22.319, 2142.0, LOW
64.18986511, 0.169612899, 22.1108, 22.054, 10386.86, NORM
59.07017517, 0.117935482, 20.603, 24.7752, 7195.54, NORM
59.32726021, 0.064322579, 20.6884, 24.7946, 12348.32, LOW
55.89473686, 0.060483871, 17.572, 27.7496, 864.86, NORM
58.98447914, 0.077935483, 16.7012, 30.0964, 855.38, HIGH
59.88888995, 0.052322579, 18.4946, 27.7758, 1670.56, LOW
59.40260849, 0.065496774, 18.5474, 27.6126, 1582.26, LOW
58.20580254, 0.08012903, 18.547, 28.4146, 1555.48, LOW
57.34210434, 0.091483869, 18.6328, 28.3014, 1266.92, NORM
57.71052628, 0.068064516, 18.5616, 27.232, 3034.46, LOW
60.26180827, 0.054881717, 18.8704, 26.5918, 2578.78, NORM
60.29352188, 0.04916129, 18.6802, 29.2858, 3121.16, NORM
58.73684209, 0.068602152, 18.8038, 28.8958, 3520.1, LOW
61.71435165, 0.069032256, 19.108, 26.9188, 2482.6, HIGH
62.8461544, 0.051741933, 18.7326, 27.2184, 3091.22, NORM
60.61088676, 0.098645163, 18.5898, 28.2846, 3480.68, NORM
53.0, 0.071677421, 18.5282, 28.4934, 2544.08, LOW
53.77692307, 0.067161291, 19.2412, 27.1704, 2602.44, HIGH
59.97031021, 0.060258063, 19.0842, 26.9572, 3666.72, NORM
63.91523565, 0.046451612, 18.9988, 27.3398, 4559.18, NORM
61.60974541, 0.066129031, 19.1082, 27.053, 3715.6, NORM
60.46018778, 0.056602151, 18.6564, 26.9244, 1691.08, NORM
64.75323029, 0.045935483, 18.8988, 26.8488, 8231.44, HIGH
66.3709259, 0.06868817, 19.0464, 26.8468, 10221.3, NORM
62.14102516, 0.095354837, 19.6554, 25.7144, 9084.46, NORM
65.39655304, 0.051161289, 19.0084, 27.4544, 2618.2, NORM
60.03081538, 0.090817202, 18.9704, 27.4514, 2465.28, LOW
64.59981842, 0.05780645, 18.5568, 28.1284, 7227.04, NORM
61.30769119, 0.051096773, 18.428, 27.8306, 2362.76, NORM
61.06153885, 0.056851613, 18.414, 28.1504, 2253.98, NORM
61.6666659, 0.105892472, 18.3664, 28.1464, 4196.52, LOW
63.87179718, 0.067548388, 18.4472, 27.7518, 5574.62, NORM
70.39841232, 0.1216129, 18.4092, 27.9226, 6824.96, NORM
58.47300949, 0.071032255, 18.5994, 28.0316, 4459.84, NORM
67.72759857, 0.063161288, 18.8656, 27.9188, 4516.58, NORM
65.27777812, 0.073784943, 19.579, 26.7392, 7086.7, NORM
62.53643646, 0.05348387, 21.5424, 25.0254, 5357.02, LOW
