@relation .a/eda_smooth_ml/eda_smooth_ml
@attribute Sound real [46.22267342, 79.2527832]
@attribute Dust real [0.02916129, 0.39787096]
@attribute TempEN real [10.521, 26.891]
@attribute RH real [17.24, 60.8856]
@attribute Light real [287.76, 32280.1]
@attribute EDA_label {LOW, NORM, HIGH}
@inputs Sound, Dust, TempEN, RH, Light
@outputs EDA_label
@data
59.48583031, 0.061548386, 20.3836, 30.7214, 1563.36, NORM
54.3125, 0.050129031, 19.8554, 31.4342, 1525.52, NORM
63.46356201, 0.042580644, 18.9562, 33.1538, 2381.68, NORM
57.52631645, 0.048967742, 18.1808, 34.3112, 3933.2, NORM
56.57669881, 0.053032258, 17.6672, 35.6872, 3417.64, NORM
61.24786377, 0.049548385, 16.82, 37.5762, 2731.72, NORM
60.62415771, 0.043677418, 14.649, 42.5662, 3554.8, NORM
56.16140315, 0.043698925, 14.5626, 42.2208, 4057.78, NORM
60.1626194, 0.097806449, 14.3754, 42.5978, 1361.52, NORM
54.73355255, 0.044967741, 14.1892, 43.3272, 2782.2, NORM
53.66666667, 0.074838708, 14.17, 43.331, 2720.68, NORM
58.16734161, 0.042967741, 13.512, 44.4852, 2301.24, NORM
62.89743538, 0.036408602, 13.4874, 44.933, 2203.5, NORM
61.5897438, 0.059483869, 13.2186, 45.1, 1646.92, NORM
60.93589706, 0.063806455, 13.185, 45.296, 1746.28, NORM
60.93589783, 0.04148387, 13.1466, 45.2912, 1686.36, NORM
62.85897484, 0.052193548, 12.7942, 46.2506, 2209.82, NORM
59.34817734, 0.076064519, 12.8278, 46.0624, 2905.16, NORM
61.66666679, 0.043999999, 12.8086, 46.3898, 3630.46, NORM
65.20879211, 0.045956989, 12.9488, 45.8968, 2641.86, NORM
57.84085236, 0.049419354, 13.016, 45.843, 4407.8, NORM
54.86074511, 0.063419357, 13.1024, 45.8474, 3709.32, NORM
58.50472374, 0.041741934, 12.9488, 45.9464, 2309.16, NORM
57.94736938, 0.056258067, 12.944, 45.983, 2304.42, NORM
61.53126272, 0.039139784, 12.7414, 46.5674, 1880.26, NORM
59.45951347, 0.037870968, 12.6832, 46.5974, 1971.72, NORM
58.48583069, 0.039741934, 12.5772, 46.888, 1700.54, NORM
63.13675156, 0.071548385, 12.654, 46.4572, 1913.4, NORM
62.62820396, 0.041870968, 12.683, 46.709, 489.58, NORM
64.27777786, 0.05391398, 19.7078, 29.1498, 560.54, LOW
61.16666603, 0.059741935, 17.5102, 32.7258, 618.86, LOW
54.85526314, 0.051677419, 16.082, 36.1092, 451.74, LOW
60.20152969, 0.049118279, 15.5714, 37.3512, 729.24, LOW
61.5384613, 0.054193548, 15.3612, 37.6964, 338.22, HIGH
60.1201088, 0.066322579, 15.103, 37.5668, 379.2, LOW
61.79487305, 0.03916129, 14.3562, 39.4946, 565.28, LOW
52.875, 0.048258064, 13.81, 41.4504, 625.2, HIGH
60.52564087, 0.056258064, 13.7332, 42.1126, 516.38, LOW
61.74359055, 0.051187096, 13.5892, 41.4382, 536.88, NORM
62.04273631, 0.071182795, 13.137, 42.7876, 595.22, LOW
66.36263529, 0.067870967, 12.9728, 43.6736, 607.84, HIGH
63.30769081, 0.045741934, 12.8662, 43.7676, 675.62, LOW
62.60439606, 0.044516129, 12.847, 44.1854, 729.24, LOW
62.35897293, 0.04696774, 12.847, 44.129, 659.86, LOW
67.1428566, 0.046129033, 12.7894, 44.466, 678.8, LOW
59.6950058, 0.07632258, 12.847, 44.348, 804.94, LOW
60.08187129, 0.036559141, 12.8518, 44.2484, 499.04, HIGH
63.28205007, 0.055096773, 12.881, 44.0826, 456.48, LOW
63.86446991, 0.061870968, 12.896, 43.7522, 445.42, LOW
63.88827744, 0.037780646, 17.2154, 37.9208, 2454.22, NORM
53.875, 0.042193548, 17.0108, 37.0972, 2510.98, NORM
53.59375, 0.041075269, 16.5916, 38.4566, 2474.7, NORM
60.80769196, 0.035913979, 14.6826, 43.171, 3327.76, NORM
61.53846054, 0.035432259, 14.1028, 45.5716, 3288.34, NORM
61.8461525, 0.035483871, 14.0932, 45.2954, 3334.04, NORM
70.60285645, 0.046709676, 13.132, 47.238, 2113.64, NORM
59.07894897, 0.033612905, 13.0448, 47.2954, 2118.34, NORM
60.42779884, 0.035935485, 12.5484, 50.0738, 4855.62, NORM
58.68420944, 0.034258064, 12.5628, 48.9628, 4349.46, NORM
57.42105255, 0.033393547, 12.485, 50.0592, 4828.8, NORM
58.80431798, 0.031681719, 12.461, 49.89, 3863.84, NORM
58.73684158, 0.063716127, 12.413, 49.9266, 3304.08, NORM
61.3200634, 0.100731183, 12.316, 50.459, 2542.52, NORM
57.47166061, 0.03232258, 12.025, 50.627, 4127.18, NORM
61.46298447, 0.032774195, 11.8752, 51.79, 2512.54, NORM
63.15384674, 0.114064518, 11.856, 51.988, 2985.58, NORM
64.99023336, 0.034124731, 11.807, 52.0298, 3004.48, NORM
60.70175476, 0.035225806, 11.492, 53.8866, 3805.5, NORM
59.3502018, 0.031096774, 11.346, 53.001, 4024.68, NORM
58.47908351, 0.035913977, 11.3114, 53.1114, 3805.52, NORM
59.61403465, 0.03148387, 11.273, 53.227, 2446.34, NORM
58.93724594, 0.043225805, 10.907, 55.25, 2566.16, NORM
55.21491292, 0.030967741, 10.81, 55.7028, 3313.54, NORM
57.13157997, 0.033870968, 10.81, 55.762, 3360.86, NORM
64.17765732, 0.03348387, 10.7168, 56.4652, 4433.02, NORM
67.49419861, 0.031677418, 10.761, 55.958, 3059.68, NORM
58.9210537, 0.034129032, 10.702, 56.2958, 3023.4, NORM
62.30769386, 0.045935482, 10.6872, 56.622, 2331.22, HIGH
62.7606837, 0.103956987, 10.6284, 56.857, 1921.26, NORM
61.84615402, 0.073999998, 10.6236, 56.9872, 1930.74, NORM
61.74359055, 0.035806452, 10.648, 57.1102, 2108.88, NORM
62.42600098, 0.036215054, 10.6822, 56.8056, 1896.06, LOW
61.98043365, 0.033354838, 10.697, 56.5874, 2008.0, LOW
57.6578949, 0.03762309, 16.9248, 39.297, 4040.44, NORM
65.55624771, 0.039870967, 15.9722, 41.715, 6621.58, HIGH
63.15384445, 0.040258063, 15.6096, 42.1188, 3286.74, HIGH
63.51587385, 0.039612902, 15.017, 44.8686, 4040.42, LOW
62.51608429, 0.042967742, 15.1126, 44.2126, 4094.04, NORM
60.01282005, 0.035870968, 14.8448, 44.3002, 5402.74, NORM
56.83333359, 0.03767742, 13.7764, 47.5136, 3537.44, NORM
60.49864998, 0.037548387, 13.3386, 46.8484, 3291.46, NORM
60.05769119, 0.034064516, 13.016, 47.1862, 6891.2, NORM
59.35695038, 0.03535484, 12.9102, 47.6248, 7143.48, NORM
60.26180801, 0.035096774, 12.876, 48.035, 7258.58, NORM
62.8205129, 0.03363441, 12.8568, 47.5622, 6211.64, NORM
60.88056793, 0.034387096, 12.823, 47.892, 6873.86, NORM
57.94736824, 0.033161292, 12.7462, 47.8886, 6194.28, NORM
59.7246961, 0.031827955, 12.7462, 47.839, 6700.4, NORM
61.6437252, 0.034451613, 12.606, 49.75, 3056.54, NORM
65.51025696, 0.041548387, 18.3664, 33.8626, 1766.76, NORM
55.87061564, 0.046150537, 15.3948, 39.5496, 3001.34, LOW
52.8125, 0.065419352, 14.4906, 41.7244, 2796.38, NORM
58.72874527, 0.041806451, 13.57, 45.206, 4907.64, NORM
58.39001465, 0.059139785, 13.834, 44.1788, 3346.66, LOW
58.61538442, 0.047569891, 13.882, 44.5548, 2011.14, NORM
60.19500656, 0.077741933, 13.6372, 45.064, 5054.28, NORM
61.21255226, 0.04980645, 13.5796, 44.9756, 4327.38, NORM
56.53913727, 0.039870967, 13.502, 44.96, 3113.28, LOW
59.40890656, 0.049677418, 13.473, 45.05, 2900.44, LOW
55.4070714, 0.090129034, 13.353, 45.079, 4059.32, NORM
56.53289452, 0.068709678, 13.3482, 45.0408, 2820.04, NORM
61.07435176, 0.046129032, 13.0928, 45.0222, 5027.44, NORM
63.37606964, 0.074795698, 13.0016, 46.4014, 3411.32, NORM
61.96198845, 0.060215051, 13.016, 46.4714, 3334.02, NORM
57.49662704, 0.051870966, 12.992, 45.927, 2772.72, NORM
55.84210587, 0.048903225, 12.9536, 45.5544, 2369.08, NORM
64.37362569, 0.060430109, 12.7174, 46.6698, 2987.12, LOW
63.15384636, 0.049419354, 12.7462, 46.5866, 2342.26, LOW
59.71390114, 0.076064516, 12.6348, 46.5108, 2760.1, NORM
61.52106285, 0.093483869, 12.5042, 47.1208, 2512.54, NORM
61.48717995, 0.094064515, 12.5436, 47.1194, 1557.04, NORM
58.68016205, 0.060258064, 12.5484, 47.213, 855.38, NORM
61.8675223, 0.06868817, 12.437, 47.6686, 942.1, NORM
61.93589783, 0.074129029, 12.413, 47.7088, 1350.5, NORM
57.52631493, 0.03851613, 12.3304, 48.0688, 1512.88, HIGH
54.97478078, 0.050795697, 16.3868, 37.745, 2673.4, NORM
56.34008102, 0.043974194, 15.8336, 39.6868, 3837.02, NORM
61.495725, 0.067913977, 16.01, 39.321, 2914.64, NORM
56.37171021, 0.043161289, 15.4186, 39.174, 3633.62, NORM
59.96018944, 0.038064516, 14.9456, 40.6182, 2924.08, NORM
55.92982381, 0.043698924, 13.618, 45.0864, 1341.02, NORM
58.31578865, 0.065870965, 13.209, 46.0666, 4461.4, NORM
58.2368412, 0.034064517, 12.8614, 47.0236, 2123.12, NORM
59.18623403, 0.039053763, 12.7798, 46.4668, 1921.26, NORM
59.62213287, 0.034064515, 12.751, 45.772, 2142.02, NORM
55.63157959, 0.03716129, 12.727, 46.018, 2066.32, NORM
58.41565552, 0.03948387, 12.509, 47.5978, 3239.46, NORM
56.84210548, 0.035354839, 12.5042, 47.6592, 3319.88, NORM
57.26158333, 0.036623656, 12.524, 47.55, 2537.8, NORM
60.0575798, 0.053720431, 12.524, 47.5376, 2758.5, NORM
58.23670685, 0.042064518, 12.3208, 48.6844, 1907.08, NORM
56.65789566, 0.036709678, 12.2824, 48.6052, 1926.0, NORM
61.17341385, 0.042580646, 12.384, 48.0266, 2077.4, NORM
56.93684082, 0.036903227, 12.389, 47.7492, 2170.42, NORM
61.41025581, 0.036709677, 12.437, 46.851, 3401.86, NORM
61.82051277, 0.069225807, 12.4514, 47.2682, 2041.1, NORM
60.98717957, 0.044903225, 12.3888, 47.186, 3036.06, NORM
59.6563207, 0.035440861, 12.369, 47.3386, 3762.9, NORM
61.3461525, 0.034129033, 12.413, 46.8914, 3412.88, NORM
61.96153908, 0.03148387, 12.379, 46.5648, 2668.66, NORM
64.82784042, 0.0576129, 12.34, 45.5842, 1430.92, NORM
60.76923116, 0.039311827, 12.2334, 45.714, 4064.04, NORM
65.2023819, 0.042451612, 12.1518, 46.4674, 1486.1, NORM
57.62145767, 0.02916129, 12.1516, 46.517, 2220.84, NORM
61.66666718, 0.06129032, 15.6666, 59.3814, 32280.1, LOW
57.0179657, 0.045741935, 15.748, 59.316, 32280.1, LOW
55.26315765, 0.055096774, 16.4916, 58.1686, 32280.1, LOW
58.60863647, 0.04251613, 17.0296, 55.7002, 32280.1, HIGH
63.01057256, 0.059204301, 17.2486, 54.3736, 32280.1, LOW
65.56501846, 0.048580645, 18.2614, 49.9648, 19182.0, LOW
55.26644783, 0.046258063, 18.033, 51.4782, 4209.16, HIGH
56.55060806, 0.038516129, 17.7148, 52.5492, 3206.32, LOW
59.59514046, 0.038903227, 17.0248, 54.5678, 5711.8, LOW
60.58479563, 0.038150537, 17.011, 54.6822, 4615.94, LOW
60.21862373, 0.038451613, 16.844, 55.6052, 2578.8, LOW
67.5429068, 0.058322582, 16.1058, 56.5894, 3414.44, NORM
66.431014, 0.051870967, 16.5772, 54.4842, 5241.92, LOW
62.31908785, 0.03772043, 16.725, 53.512, 4217.04, LOW
63.20512886, 0.067354839, 16.677, 54.156, 3168.48, LOW
62.28205109, 0.044258063, 16.5676, 54.7334, 3562.66, LOW
55.44736786, 0.058129033, 16.558, 55.172, 2954.06, LOW
61.65384636, 0.056387094, 16.487, 54.7398, 3277.28, LOW
59.64035034, 0.035870968, 16.392, 53.9, 2690.74, LOW
59.13157997, 0.055870969, 16.3632, 53.9812, 2566.14, LOW
60.46904994, 0.036473119, 16.2488, 54.3812, 4638.02, NORM
63.01880407, 0.036129033, 16.2536, 54.4428, 4868.24, LOW
63.38461494, 0.035483872, 16.2486, 54.4484, 5525.72, LOW
64.99572601, 0.062494622, 16.511, 54.0148, 8630.36, LOW
69.8174572, 0.036645162, 16.5248, 54.0354, 5251.34, NORM
62.85897484, 0.035935484, 16.582, 53.6878, 5224.56, LOW
66.60347977, 0.050451611, 16.9438, 52.5028, 7088.28, LOW
66.47740911, 0.039397849, 17.1204, 52.9346, 17147.98, LOW
64.0415151, 0.055268815, 17.1156, 52.792, 2388.0, LOW
48.46783562, 0.031419354, 18.7008, 23.653, 4055.42, LOW
52.8125, 0.061096776, 22.633, 31.3022, 995.7, LOW
52.890625, 0.065741934, 22.6378, 31.2892, 1323.68, LOW
54.52724342, 0.049083869, 22.6474, 31.2432, 1287.4, LOW
63.15750961, 0.053290322, 21.9342, 32.9282, 3532.72, LOW
63.37606735, 0.054064514, 21.6664, 33.2158, 1251.14, LOW
63.5769249, 0.087741937, 21.9006, 32.679, 8581.48, LOW
65.45512772, 0.078709677, 21.891, 32.5916, 5749.64, LOW
56.66666667, 0.056860213, 20.679, 34.1976, 2162.52, LOW
54.95394707, 0.045999998, 20.5454, 34.6534, 2164.1, LOW
54.3256588, 0.039268817, 21.1126, 34.311, 727.64, LOW
59.95883942, 0.040451611, 20.8842, 34.2762, 1538.12, LOW
59.39473686, 0.092774195, 20.9222, 34.2468, 1553.88, LOW
59.89113719, 0.043913979, 20.96, 34.521, 1648.5, LOW
58.34210587, 0.063806451, 20.8026, 35.521, 1312.64, LOW
63.48840078, 0.041419355, 20.8554, 35.6642, 1350.48, LOW
62.79776421, 0.059483871, 20.8506, 35.8482, 1028.82, HIGH
61.30325966, 0.039999999, 20.9222, 35.651, 1033.56, LOW
62.79487152, 0.064322579, 21.0652, 35.0392, 1099.78, LOW
59.77732684, 0.047548387, 20.9268, 35.9146, 1490.82, LOW
54.47807096, 0.042623657, 20.9408, 36.33, 1434.06, HIGH
55.55263214, 0.041096773, 21.1798, 35.36, 2269.76, LOW
60.56882706, 0.064838708, 21.2414, 35.2996, 2242.9, HIGH
64.42124583, 0.072516125, 21.318, 32.6668, 2572.48, LOW
57.3022934, 0.051311827, 21.0838, 33.223, 1598.06, LOW
62.55128059, 0.039548387, 21.3036, 35.062, 1194.4, HIGH
61.82051353, 0.041290322, 21.366, 34.2814, 1634.3, LOW
62.32051239, 0.061354836, 21.366, 34.4868, 1445.1, LOW
56.8148908, 0.041870968, 21.2038, 34.048, 2911.48, LOW
63.42307854, 0.053741934, 21.2796, 35.4554, 4792.52, LOW
62.39743576, 0.04148387, 22.2884, 32.1738, 3657.3, LOW
64.61538277, 0.058580645, 22.465, 32.3028, 1153.42, LOW
65.92478867, 0.068645158, 22.4986, 32.319, 1323.66, LOW
61.46153793, 0.078645159, 22.4218, 32.6058, 2151.48, LOW
67.50061213, 0.100967742, 22.5658, 33.0786, 2080.54, HIGH
61.87179337, 0.044301075, 22.3594, 31.4988, 1361.52, LOW
62.52564125, 0.089483869, 22.274, 31.0234, 1377.28, LOW
62.26923103, 0.077741934, 22.202, 30.9236, 1378.86, LOW
61.2825002, 0.041591398, 17.701, 42.3772, 913.72, LOW
61.48717918, 0.042516129, 17.8958, 41.6894, 1243.26, NORM
53.0, 0.043161289, 17.2864, 42.1448, 1186.5, NORM
58.493927, 0.039999999, 16.7538, 43.9156, 1229.08, NORM
60.98245697, 0.051870966, 16.606, 44.05, 1006.74, NORM
60.48582993, 0.059483872, 16.3488, 45.0182, 8852.64, NORM
61.2136762, 0.077548385, 16.5154, 45.1392, 7501.4, LOW
60.87336922, 0.058322578, 16.582, 44.857, 7846.72, LOW
53.16666667, 0.042365591, 17.629, 42.7204, 628.34, NORM
57.20917702, 0.040064514, 16.9726, 43.5354, 4048.3, NORM
61.26113243, 0.038193548, 16.663, 45.151, 2127.8, NORM
58.27935282, 0.041763441, 16.606, 45.472, 4504.0, NORM
57.38301277, 0.040580644, 16.7962, 44.5732, 1371.0, NORM
61.17948685, 0.04083871, 16.7298, 44.641, 1364.68, NORM
60.45749029, 0.039010752, 16.6774, 44.7674, 1311.06, NORM
57.11268539, 0.037367742, 16.058, 47.3382, 3531.12, LOW
59.42914963, 0.10596129, 16.0628, 47.095, 3029.72, LOW
57.7157901, 0.044193549, 16.0292, 46.6522, 926.34, NORM
55.54276314, 0.039668202, 15.915, 46.7818, 3830.74, NORM
62.86324666, 0.042924731, 15.3756, 47.5012, 7160.82, NORM
59.95119146, 0.039449461, 15.4188, 47.8314, 7086.7, NORM
54.53289452, 0.041935484, 16.2298, 47.4542, 7952.36, NORM
61.84615377, 0.042150537, 16.9534, 45.2686, 7520.32, NORM
62.95726433, 0.055569894, 17.0486, 45.1794, 7107.2, NORM
63.46153717, 0.049032258, 17.3628, 44.4636, 7461.98, NORM
66.74391378, 0.188258056, 17.8098, 43.2518, 6301.5, NORM
54.94736913, 0.040989248, 17.5816, 42.855, 1470.32, NORM
66.54803619, 0.040430106, 17.2868, 43.0314, 1632.72, NORM
58.16801605, 0.039354837, 17.344, 43.057, 1594.88, NORM
61.15384521, 0.039225805, 17.2914, 42.8854, 1506.6, NORM
74.17521439, 0.038993547, 16.2864, 44.9664, 4816.2, NORM
67.35158768, 0.040838708, 16.9822, 43.3392, 5662.9, NORM
67.13540726, 0.040967741, 17.082, 43.4464, 6399.24, NORM
68.38685608, 0.042365592, 17.729, 42.4128, 4934.46, NORM
63.62969933, 0.041741934, 18.0048, 42.2206, 4822.48, NORM
62.74359093, 0.042451612, 18.747, 41.3424, 5082.66, LOW
64.01439819, 0.050838709, 19.0082, 40.5858, 6358.26, NORM
58.89473648, 0.046451614, 19.7458, 39.2232, 7086.72, LOW
59.94421946, 0.105419354, 21.0748, 28.6374, 1219.6, LOW
62.51282234, 0.093677419, 19.427, 31.3238, 6962.14, LOW
57.41228078, 0.149397849, 18.9654, 31.443, 1473.46, LOW
59.47030983, 0.092645159, 18.8704, 31.885, 1922.84, LOW
63.42307739, 0.146838707, 17.5578, 34.2848, 6260.48, HIGH
60.88888957, 0.169634403, 17.263, 34.8844, 2058.46, HIGH
58.45613976, 0.079032258, 17.596, 34.6616, 2477.86, LOW
62.05982768, 0.191139781, 17.9666, 33.7728, 1424.58, HIGH
54.01315765, 0.119612904, 17.7148, 34.8688, 694.54, LOW
59.74403941, 0.123913979, 17.6146, 35.819, 2436.86, LOW
57.8421051, 0.114774191, 17.6242, 35.5266, 1301.6, LOW
58.75078634, 0.129720426, 16.963, 37.1248, 1140.78, LOW
67.36581319, 0.100860215, 16.7012, 37.9454, 1143.94, NORM
68.85256577, 0.088322579, 16.7538, 37.7958, 1419.88, LOW
66.43406754, 0.09722581, 16.7964, 36.745, 2230.32, LOW
58.55263138, 0.101935481, 16.963, 36.5152, 1336.32, LOW
58.69803009, 0.099548388, 16.7346, 37.3602, 4945.48, LOW
53.0, 0.070129031, 16.8056, 38.9046, 3917.46, NORM
56.70377808, 0.093703225, 16.9774, 37.3464, 3882.74, LOW
60.66666565, 0.082129034, 16.9774, 37.0938, 6970.04, NORM
60.08636894, 0.126064518, 17.6146, 35.7534, 6016.1, NORM
63.53296661, 0.133419352, 17.843, 35.3584, 1244.86, LOW
54.69298197, 0.10111828, 17.9006, 35.899, 5041.66, HIGH
60.01394475, 0.105204301, 17.5484, 36.5478, 4809.9, LOW
60.56140366, 0.079440862, 17.6194, 36.0862, 4913.98, LOW
59.90688171, 0.080774195, 17.6962, 35.8074, 5000.66, HIGH
59.1839859, 0.135096774, 18.723, 34.592, 17272.54, LOW
58.56860148, 0.098623653, 18.937, 34.238, 17110.12, LOW
57.82186228, 0.070967744, 20.079, 31.414, 5606.14, HIGH
68.23443146, 0.048774191, 21.0794, 31.5078, 4433.06, NORM
64.21795044, 0.046387095, 20.8934, 31.4518, 1489.22, NORM
59.07894707, 0.222064524, 19.9218, 33.0704, 1375.72, NORM
60.42375145, 0.045290322, 18.8942, 34.201, 1522.34, NORM
62.70085373, 0.06107527, 19.7602, 33.927, 11681.36, LOW
63.02564011, 0.046193547, 20.6408, 32.4332, 1493.96, NORM
58.02693494, 0.045397849, 20.2268, 32.5286, 716.64, NORM
55.3502018, 0.044387097, 20.279, 33.1756, 990.98, NORM
63.94871877, 0.055612903, 20.036, 33.4114, 1918.12, NORM
66.02973175, 0.045999999, 20.0312, 33.2456, 1692.64, NORM
62.93162359, 0.045247312, 19.7838, 32.8266, 1377.28, NORM
61.10683645, 0.046129031, 19.4792, 33.3602, 1454.56, NORM
64.08767242, 0.044322581, 19.2796, 33.3876, 1356.8, NORM
63.32523499, 0.044129033, 19.346, 33.1632, 4872.94, NORM
64.44139099, 0.042064516, 19.0178, 35.7802, 3434.96, NORM
62.94016978, 0.045264516, 19.2604, 35.1356, 3961.6, NORM
63.25519104, 0.045849462, 19.2796, 35.7536, 5248.2, NORM
64.43247894, 0.043974194, 19.1318, 34.5132, 1232.24, NORM
54.70175476, 0.042080645, 18.7562, 35.2572, 1106.1, NORM
60.26518173, 0.041741935, 18.4092, 36.6666, 1585.42, NORM
60.48538157, 0.044172041, 18.4188, 35.9108, 6534.86, NORM
63.4615387, 0.044129034, 19.3034, 33.8646, 9073.42, NORM
68.33125992, 0.049612904, 20.636, 31.9282, 9245.3, NORM
64.54944992, 0.045935483, 21.1366, 30.959, 1883.44, NORM
61.32051201, 0.043677419, 21.3228, 31.1422, 1531.84, NORM
65.97435989, 0.046709676, 21.2846, 30.7982, 1323.68, NORM
63.31296349, 0.04772043, 21.0604, 30.7658, 1359.94, NORM
62.27350489, 0.046451611, 20.951, 30.9632, 1607.5, NORM
66.42033005, 0.044322581, 20.8938, 31.225, 1410.42, NORM
65.15842552, 0.062645162, 20.8842, 32.2424, 5973.52, NORM
65.99450531, 0.046, 21.5806, 31.3644, 6323.56, NORM
69.11746292, 0.045741933, 22.513, 29.2716, 5724.4, NORM
63.43589668, 0.053999997, 22.0868, 29.8412, 8887.36, NORM
56.85919851, 0.044086022, 20.9508, 30.3958, 1397.8, NORM
58.68003235, 0.045354838, 20.8794, 30.6502, 1375.72, NORM
63.15384521, 0.043122582, 19.6694, 32.4654, 1377.3, NORM
60.13810196, 0.044215054, 19.7792, 32.6144, 1263.76, NORM
65.45357081, 0.051010751, 19.9742, 32.115, 11003.38, NORM
66.3928566, 0.117225808, 20.679, 30.8334, 8724.96, NORM
63.81135712, 0.062967743, 20.9412, 30.6688, 9685.2, NORM
63.96520233, 0.051225806, 21.5522, 30.8074, 12783.52, NORM
60.53306381, 0.046645162, 21.8048, 30.9026, 1927.6, NORM
59.41565564, 0.061741934, 21.9822, 31.88, 1845.6, NORM
62.15384483, 0.044709678, 21.2132, 29.8492, 1069.8, NORM
64.89377289, 0.044387097, 20.8266, 29.757, 5511.54, NORM
62.82051468, 0.044043012, 20.698, 30.074, 1758.86, NORM
61.25530281, 0.044322581, 20.5406, 31.4276, 2663.9, NORM
68.01482925, 0.059935483, 20.5742, 31.124, 4075.12, NORM
54.08552628, 0.045419353, 20.9744, 30.7518, 2859.42, NORM
58.43781637, 0.062322579, 21.0224, 30.4756, 3225.24, NORM
64.61721649, 0.044774194, 20.9176, 30.2258, 4816.18, NORM
62.89743462, 0.05003871, 21.1222, 30.4036, 1457.7, NORM
60.28520101, 0.046193547, 20.7792, 30.7684, 4280.08, NORM
63.42307625, 0.046774194, 20.4264, 31.936, 3498.02, NORM
63.38461418, 0.049225806, 20.4168, 31.47, 2890.98, NORM
55.98684235, 0.064903228, 19.8648, 31.5746, 7350.04, LOW
61.97098541, 0.054903226, 20.5502, 30.6824, 7799.4, LOW
68.03663101, 0.04832258, 21.4898, 31.0162, 9060.8, LOW
60.33288447, 0.045462365, 22.1204, 28.8628, 3937.94, LOW
57.0240387, 0.043870969, 21.8814, 29.7708, 1910.24, LOW
53.38461538, 0.045634408, 21.8574, 29.8964, 1896.06, LOW
61.7307682, 0.043655915, 21.461, 30.2518, 2618.2, HIGH
62.21390038, 0.044516129, 20.9124, 30.8332, 2700.2, LOW
58.94736824, 0.046258065, 20.8602, 30.9824, 2952.46, LOW
60.89724299, 0.053892471, 21.3612, 30.5976, 11326.6, LOW
61.64449539, 0.045393548, 21.4466, 30.3444, 5008.56, LOW
70.62275136, 0.048051613, 22.2068, 29.744, 12915.96, LOW
67.90109889, 0.252645152, 23.5304, 27.447, 5547.82, LOW
65.62820435, 0.047580643, 23.5402, 27.3122, 6840.72, LOW
66.77777913, 0.046838708, 23.0928, 27.5016, 4994.36, LOW
60.82996025, 0.059032258, 23.3568, 27.9218, 10396.32, LOW
54.85197372, 0.044722581, 20.2362, 30.8888, 470.68, NORM
57.52631632, 0.043148388, 20.2172, 30.9736, 469.1, NORM
58.65991821, 0.043741936, 20.5074, 30.7254, 486.42, NORM
65.61538162, 0.054516128, 20.5646, 30.4836, 492.74, NORM
65.81501846, 0.045677419, 20.1216, 30.7456, 1353.66, NORM
54.86184235, 0.043806453, 19.389, 31.7118, 544.74, NORM
65.27985504, 0.043806452, 19.1462, 32.3854, 1074.54, NORM
65.11208832, 0.045354838, 19.151, 32.465, 970.46, NORM
65.02655792, 0.312774203, 18.9226, 33.6978, 1025.68, NORM
68.8339447, 0.043290324, 18.8372, 33.6764, 2118.36, NORM
67.08302561, 0.045387096, 18.8706, 34.0872, 5571.44, NORM
61.85897522, 0.047354838, 18.9034, 33.6434, 1137.62, NORM
60.43454781, 0.042774195, 18.9082, 32.8594, 1054.06, NORM
70.99523926, 0.0412043, 18.937, 33.2182, 1079.28, NORM
68.83333282, 0.042903226, 18.747, 33.319, 1396.2, NORM
62.56410217, 0.043225808, 18.723, 33.6592, 771.82, NORM
64.70513, 0.042129031, 18.6894, 33.6892, 577.9, NORM
64.16025391, 0.045612903, 18.6328, 33.631, 606.28, NORM
64.60073395, 0.047354838, 18.6376, 33.454, 648.86, NORM
64.21794891, 0.045058062, 18.604, 33.8782, 380.8, NORM
62.63644562, 0.042500001, 18.5992, 33.7334, 677.24, NORM
67.85079193, 0.070322582, 18.557, 33.8674, 612.58, NORM
66.32381134, 0.042677421, 18.747, 33.747, 1008.32, NORM
60.87719193, 0.043419354, 18.747, 33.615, 726.06, NORM
68.55860672, 0.043122581, 18.747, 33.6876, 863.3, NORM
64.50488383, 0.04431828, 18.7422, 33.7136, 937.38, LOW
65.28424957, 0.044451613, 18.723, 33.6988, 771.84, NORM
65.20842621, 0.042580645, 18.723, 33.8036, 814.42, NORM
59.09189695, 0.042817204, 19.0034, 33.171, 1345.74, NORM
64.38827858, 0.042645163, 19.008, 33.047, 1006.78, NORM
69.17857056, 0.04251613, 13.8148, 47.3012, 1787.22, NORM
68.05830536, 0.04251613, 13.762, 47.4312, 1331.54, NORM
55.11403503, 0.04288172, 13.786, 47.769, 1329.98, NORM
53.75, 0.041290322, 13.8868, 47.5834, 1307.92, NORM
62.05128288, 0.041548387, 13.401, 48.8708, 8740.72, NORM
59.04948146, 0.138623661, 13.449, 49.0254, 2433.72, NORM
54.30128174, 0.046451612, 13.642, 48.0982, 1191.22, NORM
62.02361717, 0.042838712, 13.57, 48.2804, 2403.76, NORM
52.38636364, 0.044395698, 13.4684, 48.1374, 573.18, LOW
61.61538429, 0.061677418, 13.2282, 50.0434, 2772.72, NORM
61.86813164, 0.043935484, 13.1706, 48.951, 1066.66, NORM
59.73414383, 0.041677418, 13.2042, 48.795, 2069.5, NORM
60.38169149, 0.04064516, 13.2138, 49.321, 522.68, NORM
61.43589783, 0.045419354, 13.233, 49.4528, 629.9, NORM
52.89583333, 0.042778497, 13.257, 49.4376, 603.1, NORM
57.28947411, 0.042064515, 13.1706, 49.7892, 825.4, NORM
63.68223267, 0.040193548, 13.4154, 49.206, 1605.92, NORM
64.93131676, 0.045935483, 13.546, 48.4944, 1039.86, NORM
65.20598221, 0.050838711, 13.5796, 48.3064, 628.34, NORM
64.33516464, 0.04167742, 13.522, 48.386, 1173.92, NORM
60.42240257, 0.073032256, 13.4778, 48.7818, 1236.96, NORM
60.53643532, 0.043096775, 13.4778, 48.7942, 1098.18, NORM
55.40131531, 0.042322581, 13.5412, 48.5246, 536.9, NORM
67.96380997, 0.042709676, 13.5652, 49.1396, 2313.88, NORM
64.08882828, 0.043251615, 13.9156, 47.8606, 3676.2, NORM
67.82051392, 0.067053764, 14.0068, 47.6984, 3457.04, NORM
60.58367157, 0.04696774, 14.3324, 46.7192, 1180.2, HIGH
60.96761093, 0.046967741, 16.2106, 42.3912, 14014.98, HIGH
59.60526365, 0.055548385, 17.7864, 38.905, 16134.1, LOW
63.21679344, 0.053225804, 18.2568, 38.068, 9942.22, NORM
63.29743622, 0.06264516, 17.6722, 39.1576, 3315.12, LOW
58.11740926, 0.052559138, 17.9428, 39.4316, 2550.4, LOW
60.21120186, 0.04516129, 17.225, 41.057, 5211.94, NORM
64.18331273, 0.05432258, 17.3008, 40.9886, 1257.46, NORM
55.33012848, 0.044903226, 17.082, 40.6118, 1996.96, LOW
65.50457916, 0.06664516, 17.2344, 41.3014, 3658.86, NORM
62.25168762, 0.044344085, 17.039, 42.2378, 1620.12, NORM
52.225, 0.044301076, 16.8202, 41.8492, 1358.36, LOW
60.45388972, 0.080989246, 16.3774, 42.366, 3868.58, LOW
56.59986572, 0.044032259, 16.8822, 41.2426, 2124.66, HIGH
56.48976568, 0.06860215, 16.7058, 41.6576, 3258.38, HIGH
66.61403402, 0.04576344, 16.6914, 41.7008, 2990.32, HIGH
61.03846016, 0.046774194, 16.3488, 42.2798, 3646.24, NORM
61.69230728, 0.043225807, 16.4152, 42.3132, 7531.36, LOW
61.2435894, 0.046322579, 16.2816, 42.5646, 1695.8, HIGH
65.39285622, 0.044451613, 16.2106, 42.963, 2124.68, HIGH
57.41205597, 0.047526881, 16.249, 42.478, 1303.2, HIGH
59.90103493, 0.042064516, 16.3822, 42.6334, 3702.98, HIGH
59.71187706, 0.080451609, 16.5676, 42.6678, 4491.38, LOW
61.09284912, 0.043806453, 16.5628, 41.7752, 5338.1, HIGH
60.82618088, 0.045290323, 17.3488, 40.6412, 5112.62, LOW
59.88461533, 0.049987096, 17.1866, 40.7132, 6038.16, NORM
59.41745249, 0.058924732, 17.5006, 41.2928, 10747.92, NORM
55.18421021, 0.053290322, 18.0906, 39.3316, 10640.72, NORM
61.24178925, 0.052086022, 18.6422, 38.8858, 13131.98, NORM
61.92735074, 0.062279567, 19.2366, 37.4798, 12414.56, NORM
64.4908432, 0.056064514, 19.5268, 36.9156, 6465.46, NORM
60.4536335, 0.047354837, 19.5694, 36.5148, 4218.6, NORM
60.43734245, 0.048838708, 19.5982, 36.5178, 1925.98, NORM
56.44736938, 0.071741931, 18.181, 38.8888, 1563.32, HIGH
52.775, 0.046516128, 18.3474, 40.0238, 3436.52, NORM
52.8125, 0.04664516, 18.4092, 39.7658, 3452.3, NORM
59.79756966, 0.046516129, 18.5474, 39.0764, 5628.22, NORM
65.06904602, 0.049290321, 17.962, 39.7952, 4759.42, NORM
55.19298197, 0.043526881, 17.6196, 40.369, 1722.62, NORM
54.64473724, 0.047999999, 17.3584, 42.1598, 2791.64, NORM
57.26315842, 0.043741937, 17.106, 42.4052, 1465.6, NORM
57.86842041, 0.044903226, 17.5436, 40.8488, 1359.94, LOW
58.97840767, 0.077935482, 17.1964, 40.8808, 1796.72, LOW
61.83333321, 0.049999999, 16.6822, 43.4248, 2156.24, LOW
61.04318466, 0.046193548, 16.8442, 43.4502, 2159.38, NORM
60.33333359, 0.044387097, 17.3536, 41.5774, 2339.1, LOW
61.95175476, 0.044344087, 17.4054, 41.2756, 2867.34, LOW
64.42621104, 0.044086021, 17.6818, 41.1012, 3430.24, LOW
63.64346873, 0.047913976, 18.5186, 39.8616, 3775.52, LOW
61.59941533, 0.05096774, 18.5896, 39.7016, 4805.16, LOW
61.79731496, 0.11148387, 19.1846, 39.293, 5134.7, LOW
52.34871826, 0.046021503, 19.65, 25.254, 6716.98, LOW
62.55128288, 0.047935483, 22.5466, 34.399, 2301.3, LOW
54.375, 0.067741935, 24.0452, 32.376, 1137.64, LOW
54.125, 0.048, 24.0644, 32.2438, 1169.16, LOW
58.73481827, 0.045548386, 23.1648, 33.8454, 1716.32, NORM
61.76113319, 0.050709675, 22.7386, 34.901, 4645.88, LOW
57.4280248, 0.045634407, 22.7904, 35.1246, 5093.7, LOW
57.31578852, 0.050666665, 22.8672, 36.5266, 3696.66, LOW
57.2368412, 0.046193548, 22.9392, 37.463, 3737.68, LOW
61.29487267, 0.04335484, 23.208, 36.4548, 6648.4, LOW
63.57692413, 0.048516129, 23.2848, 35.6754, 6487.56, LOW
57.28947372, 0.04516129, 22.6616, 35.5224, 4989.64, LOW
60.96558723, 0.045419354, 23.3712, 34.2304, 2124.7, LOW
59.7456131, 0.044322581, 23.1648, 34.7824, 1296.9, LOW
60.844804, 0.07348387, 22.8384, 35.4072, 2140.46, LOW
62.11965752, 0.045324731, 22.0346, 36.9774, 3827.58, LOW
60.50769333, 0.048387098, 22.4698, 36.4018, 3668.32, LOW
60.74359093, 0.047935484, 22.465, 36.2958, 1687.92, LOW
59.63040914, 0.044223657, 22.393, 35.2718, 7561.3, LOW
65.14975128, 0.04516129, 22.6714, 35.1136, 7900.3, LOW
58.94736938, 0.046709676, 23.0736, 34.6344, 7961.82, HIGH
65.7673996, 0.044387097, 23.8666, 33.1026, 6747.72, HIGH
58.70580292, 0.045367742, 23.4672, 34.0466, 2607.14, LOW
59.38933792, 0.042903228, 23.5114, 33.944, 2797.94, LOW
60.94871902, 0.04683871, 22.9728, 34.3594, 2753.8, LOW
60.28452644, 0.064387096, 22.9776, 34.4198, 1620.14, LOW
60.02159348, 0.08924731, 22.9488, 34.2772, 1921.3, LOW
71.44651871, 0.049935485, 23.0304, 33.6334, 3591.04, LOW
61.27443581, 0.061870966, 22.9152, 34.0284, 6884.86, LOW
67.89987539, 0.043268819, 23.3424, 34.0882, 6550.64, LOW
58.86707077, 0.046129031, 23.521, 33.2318, 5677.1, LOW
66.08333588, 0.047225805, 23.689, 33.1868, 7884.56, LOW
68.6071434, 0.045612903, 23.737, 33.2446, 4609.64, LOW
60.73420766, 0.048602148, 23.8526, 33.2618, 5645.56, HIGH
59.69230843, 0.045903225, 24.32, 33.2174, 5636.1, LOW
62.70970535, 0.068322579, 24.4166, 32.161, 4194.96, LOW
63.92307549, 0.05864516, 26.0412, 29.3556, 2449.48, NORM
61.2865509, 0.0747957, 26.0994, 28.9186, 1284.24, NORM
62.71794891, 0.062580646, 25.968, 28.969, 1632.72, NORM
53.50833333, 0.053866667, 25.744, 29.345, 1694.22, LOW
53.95, 0.065703228, 25.6956, 29.2662, 1717.86, LOW
52.5, 0.052999997, 25.6178, 29.3414, 1709.96, LOW
58.91902873, 0.080817204, 24.3442, 30.9786, 2709.66, LOW
53.58771922, 0.050408601, 24.5518, 31.4608, 9555.92, NORM
60.6329277, 0.050193548, 24.987, 30.305, 1459.3, NORM
53.52272727, 0.049225805, 24.968, 30.6272, 1358.38, NORM
57.97301025, 0.082064512, 24.939, 30.7666, 1407.24, NORM
61.36630058, 0.077806453, 24.7064, 30.7334, 3274.12, NORM
58.93387222, 0.151483864, 24.2526, 31.065, 3274.14, NORM
59.86437187, 0.05032258, 24.156, 31.2452, 2864.16, NORM
65.16837692, 0.058219353, 24.219, 32.425, 1903.92, NORM
55.1589915, 0.047836556, 24.46, 32.3458, 4130.32, NORM
63.70329539, 0.069849461, 24.5516, 31.2858, 4336.86, NORM
55.69829597, 0.071935484, 24.813, 30.965, 2334.38, LOW
54.66351852, 0.052344084, 24.8614, 31.0226, 2460.54, LOW
60.35042725, 0.051139786, 24.6242, 30.7128, 1519.22, LOW
54.13815765, 0.048774193, 24.7308, 32.5778, 3220.52, LOW
56.17543793, 0.050408601, 25.0696, 31.0542, 4434.6, LOW
64.71756287, 0.070451611, 25.016, 30.3884, 8754.92, HIGH
61.70085449, 0.186064515, 26.3192, 28.5616, 3942.68, LOW
63.61538467, 0.066838711, 26.2264, 28.8066, 6503.32, LOW
63.06837552, 0.052193548, 25.8318, 29.053, 3639.94, HIGH
60.55128288, 0.194451613, 24.7838, 30.9556, 2665.5, LOW
60.08187167, 0.049290321, 25.2292, 30.1088, 4918.66, LOW
64.42490845, 0.054387095, 26.0216, 29.089, 5880.5, LOW
63.878545, 0.05877419, 25.9828, 29.0314, 8857.4, LOW
67.39021403, 0.050344085, 25.9142, 29.2366, 5642.42, LOW
72.13333282, 0.05967742, 25.9338, 29.4014, 4679.0, LOW
69.280159, 0.096580645, 25.9436, 29.3682, 4172.88, LOW
62.96581179, 0.055466665, 16.0724, 33.8642, 14920.02, LOW
62.76922989, 0.071677418, 18.9226, 28.9124, 13103.6, NORM
64.99943237, 0.07660215, 19.1176, 28.6542, 13661.78, NORM
61.3461544, 0.075677419, 19.3794, 28.4814, 7373.64, NORM
62.01281967, 0.116516129, 19.4362, 28.272, 3203.2, NORM
60.73684158, 0.067096772, 19.484, 28.3692, 3072.3, NORM
56.63157921, 0.066064513, 19.4408, 28.3728, 3133.8, NORM
55.85964966, 0.069161288, 19.4696, 28.5286, 2861.0, NORM
60.69995473, 0.056559141, 19.0608, 27.7266, 1702.1, NORM
55.12038854, 0.054709677, 17.3534, 30.3434, 3442.84, NORM
53.275, 0.054387096, 17.9908, 29.6814, 1782.54, NORM
60.0467837, 0.060129031, 16.8726, 32.2606, 1711.56, NORM
72.2168251, 0.099999998, 17.4532, 30.6962, 6624.74, NORM
67.93635432, 0.096860216, 17.5148, 30.3968, 1799.86, NORM
60.50764771, 0.069462365, 17.5388, 30.3856, 1815.64, NORM
60.7179493, 0.069870967, 17.534, 30.5444, 1897.64, NORM
61.01025635, 0.051741936, 17.5388, 30.8158, 1873.98, NORM
60.58232117, 0.140064516, 17.605, 30.3252, 1804.6, NORM
57.80701803, 0.055311827, 17.5196, 30.3114, 1293.72, NORM
61.9273496, 0.057225808, 16.844, 32.0544, 2137.28, NORM
62.87179489, 0.060709679, 15.8576, 31.1776, 6995.26, LOW
63.34188042, 0.05868817, 16.6726, 32.2688, 4147.62, NORM
62.49572728, 0.050580644, 16.7822, 31.9236, 4105.08, NORM
61.51281967, 0.067225805, 17.1626, 30.089, 4772.06, NORM
66.59157562, 0.077225805, 17.2442, 30.3014, 6585.3, NORM
57.54984818, 0.122451615, 16.12, 32.0486, 2312.3, NORM
63.09279582, 0.074709675, 15.8054, 32.741, 2140.44, NORM
58.57894707, 0.077741936, 15.3468, 33.2088, 3233.14, NORM
65.04578552, 0.05864516, 16.1962, 32.875, 5445.34, NORM
62.23433533, 0.174451613, 16.1818, 32.3492, 4696.36, NORM
61.26691742, 0.068193548, 16.201, 32.364, 7383.1, NORM
64.14835281, 0.067612904, 16.201, 32.364, 7383.1, NORM
61.70512772, 0.054193546, 16.201, 32.364, 7383.1, NORM
63.74358864, 0.098903224, 16.201, 32.364, 7383.1, NORM
60.37944221, 0.102086021, 16.201, 32.364, 7383.1, NORM
53.95, 0.06348387, 22.5274, 22.3968, 1650.06, LOW
53.47916667, 0.060731182, 22.705, 22.058, 1561.78, HIGH
59.62402145, 0.053096773, 20.4886, 25.1126, 12277.38, LOW
61.602565, 0.063741934, 20.7124, 24.681, 12107.1, HIGH
53.54166667, 0.135440854, 20.8888, 24.4154, 9144.36, HIGH
55.77083359, 0.068516127, 21.437, 24.2224, 8688.68, HIGH
62.85897598, 0.102709679, 21.4372, 23.9772, 14402.84, LOW
62.1794871, 0.070838712, 21.0554, 23.7878, 924.74, NORM
58.30769196, 0.072903224, 16.3868, 30.433, 844.36, LOW
54.78289528, 0.083483869, 16.3008, 30.67, 845.92, LOW
60.83333168, 0.094, 18.3904, 27.8744, 2615.06, NORM
59.49527664, 0.053483869, 18.2616, 27.9244, 2053.72, NORM
65.80512733, 0.058387095, 18.5804, 27.4814, 9112.84, HIGH
59.84385986, 0.078064515, 18.6564, 27.2928, 3157.46, HIGH
60.29037272, 0.071204302, 18.9036, 26.3118, 2931.96, LOW
59.61673431, 0.05316129, 18.623, 27.2636, 3390.82, NORM
60.38731461, 0.066903224, 18.6088, 28.8734, 3168.48, NORM
61.74603233, 0.082602147, 18.8894, 26.969, 2064.74, HIGH
54.41118393, 0.105225806, 19.0846, 27.2388, 2083.68, HIGH
54.67763176, 0.113419353, 19.1558, 27.325, 2075.82, HIGH
62.50000076, 0.053354839, 18.6992, 26.9342, 1255.88, LOW
54.11184235, 0.065741932, 18.3522, 28.7526, 2649.74, LOW
52.19166667, 0.069548389, 18.8656, 28.5336, 2594.52, HIGH
59.81488965, 0.063591397, 18.5424, 27.2708, 5837.92, LOW
60.6106617, 0.102838708, 19.0272, 26.9862, 8855.82, NORM
57.10526352, 0.06348387, 19.4032, 27.25, 9912.24, NORM
63.5427358, 0.076064515, 19.7032, 26.1022, 12165.42, NORM
63.87179642, 0.053870967, 19.7838, 25.8928, 6520.66, LOW
56.49122747, 0.057849461, 18.8798, 27.4644, 2001.66, HIGH
60.24156647, 0.052258063, 18.4138, 27.9432, 2908.32, NORM
64.18922943, 0.053729031, 18.4426, 28.1792, 2149.9, NORM
60.42915039, 0.065612901, 18.6328, 28.0544, 3064.42, LOW
62.69230843, 0.124258065, 18.5282, 27.7586, 7264.88, NORM
72.3830068, 0.125806447, 19.1128, 27.6034, 3452.3, LOW
62.7234436, 0.083741935, 19.3842, 27.262, 8392.26, LOW
62.89743576, 0.073741938, 19.408, 27.0826, 8720.22, NORM
57.19298299, 0.073935482, 20.822, 24.0774, 9084.44, NORM
