@relation .a/eda_smooth_ml/eda_smooth_ml
@attribute Sound real [46.22267342, 79.2527832]
@attribute Dust real [0.02916129, 0.39787096]
@attribute TempEN real [10.521, 26.891]
@attribute RH real [17.24, 60.8856]
@attribute Light real [287.76, 32280.1]
@attribute EDA_label {LOW, NORM, HIGH}
@inputs Sound, Dust, TempEN, RH, Light
@outputs EDA_label
@data
62.06837438, 0.05776344, 20.031, 31.0706, 1487.66, NORM
55.8026329, 0.050129031, 19.6506, 31.6486, 2085.24, LOW
59.49325333, 0.086387095, 19.0176, 32.9554, 2457.36, NORM
62.74359029, 0.046580644, 18.823, 33.2734, 2567.74, NORM
59.90283508, 0.050774194, 18.5756, 33.6652, 2640.28, NORM
59.21052628, 0.0636129, 17.0154, 37.2466, 3329.32, NORM
61.81367681, 0.075784944, 16.7488, 37.905, 2714.4, NORM
59.41430511, 0.053935482, 16.7012, 37.8678, 2728.58, LOW
59.10728683, 0.049419355, 15.9484, 38.8968, 1435.64, NORM
61.76833038, 0.045397849, 14.7828, 40.7844, 1459.3, NORM
59.14285736, 0.045290323, 13.9732, 45.362, 1423.02, NORM
56.29473724, 0.042193549, 14.5578, 42.1378, 3849.64, NORM
59.58771807, 0.18531183, 14.4426, 41.795, 2181.44, NORM
57.26315842, 0.039548388, 14.29, 43.4278, 1240.1, NORM
60.82051147, 0.084645158, 13.8484, 44.2808, 1758.86, NORM
62.66666718, 0.040645163, 13.4298, 44.7822, 2752.22, NORM
61.7299145, 0.046881721, 13.4106, 44.836, 1793.56, NORM
60.04723358, 0.042967743, 13.257, 45.1674, 1686.32, NORM
61.83333359, 0.040903224, 13.209, 45.1924, 1754.14, NORM
59.72334696, 0.056086024, 12.7318, 46.4794, 2307.58, NORM
58.55263138, 0.050387098, 12.7606, 46.6752, 2296.56, NORM
56.78947474, 0.060774192, 12.7558, 46.1466, 2756.96, NORM
60.52991333, 0.088172043, 12.7318, 46.4172, 2755.38, NORM
62.60256271, 0.042258064, 12.8086, 46.321, 4183.9, NORM
63.79487419, 0.037741935, 12.992, 45.7896, 2793.2, NORM
60.57692413, 0.041225806, 12.9488, 46.345, 2708.08, NORM
64.26800995, 0.038967743, 13.064, 46.31, 2788.5, NORM
63.21385345, 0.051161291, 13.016, 46.2538, 1616.94, NORM
64.41513926, 0.059612902, 12.654, 46.3944, 2279.18, NORM
64.61512858, 0.073462363, 12.6156, 46.5642, 2381.68, NORM
60.65776016, 0.049161291, 12.534, 46.9942, 1814.06, NORM
61.26923027, 0.076258059, 12.524, 47.241, 1544.42, NORM
60.52496643, 0.061290324, 12.524, 47.3276, 1490.82, NORM
63.83162308, 0.050774194, 12.5436, 47.2248, 1460.86, NORM
60.42442513, 0.040000001, 12.582, 47.2544, 1768.32, NORM
61.97705994, 0.039612903, 12.654, 47.8392, 1388.34, NORM
60.16621666, 0.082150536, 12.6636, 47.3204, 1241.68, NORM
62.92307549, 0.075419355, 19.4318, 29.3208, 546.32, LOW
62.11538391, 0.066387094, 18.0618, 31.4764, 855.38, LOW
52.80580357, 0.047741934, 16.8966, 33.8958, 797.04, LOW
62.48718033, 0.058903224, 16.5536, 34.5228, 352.38, LOW
54.79605255, 0.04148387, 16.082, 36.2194, 428.1, LOW
57.91784744, 0.037806451, 15.9486, 36.4328, 704.02, LOW
61.83760681, 0.039569892, 15.127, 38.007, 360.28, LOW
63.85714162, 0.037010753, 14.3278, 39.3958, 558.96, HIGH
61.84615402, 0.039225807, 14.026, 40.701, 563.7, LOW
61.25640945, 0.041290321, 13.9588, 40.8644, 525.88, NORM
62.87179375, 0.050258065, 13.9444, 40.7994, 530.6, LOW
61.01196503, 0.044580644, 13.5892, 42.0392, 529.0, LOW
60.93589783, 0.042000001, 13.5748, 42.012, 511.64, LOW
62.12820409, 0.09352688, 13.507, 41.7072, 573.14, LOW
59.76855736, 0.08851613, 13.449, 41.9536, 812.84, LOW
62.73076782, 0.066709676, 13.425, 42.2664, 505.34, LOW
60.94196968, 0.067290321, 13.281, 42.8488, 527.42, HIGH
61.9487175, 0.059612901, 13.117, 43.2952, 576.32, LOW
57.94534531, 0.040580645, 13.016, 43.3396, 801.8, LOW
62.35042725, 0.051397848, 12.9632, 43.7226, 692.98, LOW
63.26922951, 0.04735484, 12.92, 43.8244, 287.76, NORM
63.87087784, 0.094709675, 12.871, 43.6554, 626.76, HIGH
65.23900909, 0.059419355, 12.8518, 44.0918, 670.9, LOW
62.57692261, 0.036580643, 12.847, 44.4046, 369.76, LOW
56.34682846, 0.037354839, 17.058, 37.2512, 2487.34, NORM
55.53947296, 0.044774192, 16.9486, 36.9092, 2449.5, NORM
60.7564106, 0.063612904, 14.0884, 45.595, 3160.58, NORM
62.74358826, 0.038116128, 14.1172, 45.4048, 3017.12, NORM
54.89473673, 0.035698925, 13.6084, 46.1848, 3269.38, NORM
73.68871841, 0.072258066, 13.0976, 47.3082, 2116.82, NORM
61.54161148, 0.051870969, 12.9968, 47.8034, 2342.28, NORM
61.95726318, 0.038107526, 12.5964, 49.9884, 5273.44, NORM
56.90350965, 0.032795699, 12.5484, 49.1456, 3953.7, NORM
58.66666692, 0.036516129, 12.534, 49.2668, 4585.96, NORM
62.69408951, 0.032387096, 12.364, 49.9014, 1733.66, NORM
59.65722122, 0.034774194, 12.34, 50.0698, 2440.04, NORM
62.82051277, 0.055096775, 11.9818, 50.884, 2982.44, NORM
58.93072421, 0.037096774, 11.953, 50.959, 4576.52, NORM
63.46963425, 0.034021504, 11.9434, 51.007, 4237.5, NORM
65.48901138, 0.031870967, 11.919, 51.2962, 3516.96, NORM
60.45128281, 0.031096773, 11.589, 53.72, 2697.02, NORM
60.94358994, 0.033858063, 11.492, 53.6996, 3685.68, NORM
59.96086349, 0.033032258, 11.4576, 53.465, 3442.84, NORM
63.17948837, 0.032387096, 10.907, 55.172, 2104.18, NORM
59.56248377, 0.033591397, 10.8244, 55.5314, 2599.26, LOW
56.01000964, 0.048494622, 10.81, 55.631, 3086.5, NORM
61.65384598, 0.078451613, 10.7802, 56.2782, 3777.12, LOW
61.23076935, 0.043548385, 10.785, 56.237, 3482.26, HIGH
61.48717918, 0.057935486, 10.785, 55.651, 2575.62, LOW
56.44736824, 0.031690321, 10.751, 55.9094, 3393.96, HIGH
56.01762848, 0.032387096, 10.6726, 56.56, 3807.06, NORM
63.11538429, 0.056516128, 10.761, 55.9282, 3597.36, NORM
61.7606837, 0.034559139, 10.761, 55.881, 1894.48, LOW
59.83265991, 0.031956988, 10.761, 55.9402, 2022.18, LOW
69.08075119, 0.038086022, 10.663, 57.047, 2146.76, NORM
64.9623938, 0.059741936, 10.6678, 57.0598, 2280.76, NORM
60.82861099, 0.032903226, 10.692, 56.4912, 2350.16, LOW
62.98290532, 0.034408602, 10.6284, 57.0894, 2291.8, LOW
60.99145317, 0.048623655, 10.6332, 57.1022, 2269.74, LOW
60.16644122, 0.043526882, 10.658, 56.9808, 1878.68, LOW
60.84615479, 0.033612904, 10.58, 56.7958, 2080.54, LOW
64.26984202, 0.035415054, 10.5602, 56.7872, 2380.1, LOW
62.15384674, 0.043870968, 14.8832, 44.519, 6303.06, NORM
60.35087662, 0.037978494, 14.6778, 45.3358, 5760.66, NORM
59.93522301, 0.050709675, 14.481, 44.9918, 4622.24, LOW
60.49999886, 0.044129032, 14.2228, 44.6278, 4310.04, NORM
59.46626129, 0.040890323, 13.7812, 47.222, 3480.68, NORM
63.23931618, 0.033247312, 12.9248, 47.4902, 6733.52, NORM
60.48448029, 0.074838711, 18.1002, 33.9496, 1814.06, HIGH
56.34736949, 0.039019355, 17.0676, 35.0744, 2266.58, LOW
55.68421021, 0.051032258, 16.7346, 36.4012, 2780.62, NORM
62.44871826, 0.066064515, 16.4058, 37.6306, 2755.36, NORM
61.52564125, 0.043677419, 15.1702, 40.2346, 2575.62, NORM
55.34868546, 0.047612902, 14.936, 41.4954, 3056.54, NORM
58.34210676, 0.048623656, 14.5434, 41.908, 3105.42, NORM
52.8125, 0.063935483, 14.0788, 42.6644, 3094.38, NORM
59.17678757, 0.046580646, 13.7476, 44.2936, 5546.2, NORM
60.6963562, 0.050580644, 13.69, 45.327, 5152.04, NORM
59.54858195, 0.051290322, 13.858, 44.6146, 1885.0, NORM
57.10526352, 0.133935482, 13.858, 44.734, 2315.48, LOW
56.73684235, 0.039354839, 13.858, 44.5708, 2274.48, LOW
58.49999962, 0.039677418, 13.81, 44.4206, 2078.94, HIGH
53.89144707, 0.043677419, 13.473, 45.3006, 2329.64, NORM
56.33333435, 0.039354839, 13.425, 45.7754, 2097.86, NORM
62.71762746, 0.038107527, 13.425, 45.2444, 4172.86, NORM
58.13157883, 0.112000002, 13.3866, 45.2956, 3512.2, NORM
60.29284795, 0.040774194, 13.377, 45.476, 3597.36, NORM
56.04934273, 0.054903227, 13.353, 45.0856, 2744.32, NORM
61.63652725, 0.06989247, 13.329, 45.0196, 2944.6, LOW
59.53351313, 0.048903225, 13.0976, 45.098, 5301.84, NORM
61.07692261, 0.053032258, 13.0544, 45.4736, 2228.76, LOW
63.35897369, 0.042838711, 12.968, 45.8492, 2246.08, NORM
62.20342662, 0.05204301, 13.016, 45.7492, 2373.8, NORM
61.32726021, 0.053870968, 13.016, 45.7306, 2600.86, NORM
59.15519524, 0.040967741, 13.016, 45.7866, 2747.5, NORM
58.35357666, 0.04883871, 12.9824, 45.9942, 1716.3, LOW
58.05263023, 0.100516133, 12.9728, 46.2418, 1687.92, HIGH
57.23684158, 0.063548387, 12.9536, 46.4016, 2933.54, LOW
56.49473846, 0.034967742, 12.881, 46.156, 2026.9, NORM
63.20512924, 0.088838708, 12.8134, 46.2594, 1375.7, HIGH
64.8684377, 0.038967742, 12.703, 46.7052, 1973.32, LOW
61.77260361, 0.038645162, 12.775, 46.3542, 2353.32, NORM
55.26315816, 0.039569892, 12.7222, 46.2664, 2641.86, NORM
59.34547882, 0.060516128, 12.5386, 46.97, 3006.08, NORM
61.79487305, 0.048903224, 12.534, 47.2236, 1867.64, NORM
59.27260462, 0.046709676, 12.5484, 47.1138, 1653.22, NORM
67.8305851, 0.037870968, 12.519, 47.3084, 1345.76, LOW
63.53754463, 0.050864516, 15.8862, 39.7566, 3488.58, NORM
59.98582878, 0.05116129, 15.8622, 38.8364, 3043.9, NORM
59.04385986, 0.073806449, 15.724, 39.258, 2845.26, NORM
58.94197006, 0.039354838, 15.1078, 40.3874, 3827.56, NORM
59.17543894, 0.062167741, 14.3328, 42.8266, 1907.08, NORM
59.05667953, 0.046322581, 14.29, 42.9416, 3133.78, NORM
53.125, 0.036387097, 13.5892, 45.1704, 1993.8, NORM
54.43859609, 0.033806453, 13.257, 45.879, 4477.2, NORM
59.3117396, 0.033333335, 13.2762, 45.7692, 3983.66, NORM
59.44736824, 0.068924731, 13.257, 45.9352, 4757.82, NORM
59.59941495, 0.063333333, 12.896, 46.6304, 2345.44, NORM
54.75, 0.034774194, 12.8712, 46.9132, 3647.82, NORM
55.2815802, 0.033806451, 12.7028, 46.9408, 3736.12, NORM
54.22258784, 0.035354839, 12.7126, 47.0478, 3163.78, NORM
60.79217224, 0.08322581, 12.775, 46.4226, 2820.02, NORM
62.8461525, 0.054903223, 12.678, 46.354, 2473.12, NORM
56.71052704, 0.036709676, 12.6156, 46.9548, 2260.26, NORM
58.6504715, 0.036129031, 12.5964, 46.9958, 2186.16, NORM
57.44939232, 0.035741936, 12.5964, 46.8284, 3106.98, NORM
57.00000114, 0.042516128, 12.529, 47.563, 2785.32, NORM
57.1578949, 0.042193549, 12.4754, 47.5748, 2482.58, NORM
61.88888804, 0.068946238, 12.437, 47.4958, 4163.4, NORM
63.2222229, 0.06976344, 12.4466, 47.4102, 3628.88, NORM
60.81196493, 0.151870967, 12.4466, 47.3854, 3557.94, NORM
59.56949921, 0.043290322, 12.4274, 47.4202, 3493.3, NORM
59.87651863, 0.034903224, 12.437, 46.9316, 1211.72, NORM
61.47493858, 0.030967741, 12.3838, 47.3776, 4278.52, NORM
60.84345627, 0.029987095, 12.34, 47.4212, 3329.32, NORM
61.7692318, 0.057935482, 12.369, 46.7496, 1266.9, NORM
62.70939992, 0.033569892, 12.2676, 45.712, 3912.7, NORM
59.58502007, 0.031290321, 12.2382, 45.9388, 1629.56, NORM
65.05662568, 0.038795698, 12.147, 46.3986, 1536.56, NORM
62.4358963, 0.048172042, 12.1566, 46.4742, 1527.08, NORM
60.2692318, 0.03148387, 12.137, 46.5834, 2484.16, NORM
51.28205261, 0.035870968, 12.0728, 48.2486, 8992.22, HIGH
55.11184235, 0.079612902, 16.0102, 58.5878, 32280.1, HIGH
61.07692261, 0.06129032, 16.7488, 57.0272, 32280.1, LOW
61.73077011, 0.055677418, 17.677, 53.4264, 32280.1, LOW
53.05833333, 0.043483871, 17.344, 54.3996, 3613.12, HIGH
60.67948723, 0.038516128, 17.2912, 53.87, 4051.44, LOW
54.4703949, 0.036387097, 16.8296, 57.5796, 2574.04, LOW
58.03896713, 0.037548387, 16.915, 55.4876, 5405.92, LOW
62.897435, 0.043290322, 16.82, 56.3816, 2807.42, LOW
56.55482508, 0.036903226, 16.82, 56.0712, 3294.64, LOW
64.48284187, 0.039870968, 16.7634, 56.2998, 2173.54, LOW
61.99999924, 0.038709677, 16.796, 56.3412, 2017.46, LOW
55.74013138, 0.039225806, 16.701, 55.858, 1735.22, LOW
61.32422437, 0.053548385, 16.5436, 55.353, 1845.6, LOW
60.53846016, 0.065677418, 16.4774, 55.636, 3665.16, LOW
63.87179642, 0.041935485, 16.0484, 56.6902, 3223.68, NORM
58.83625793, 0.036851614, 16.0148, 56.0112, 4849.28, LOW
61.64102631, 0.038193548, 16.7106, 53.4916, 4273.8, LOW
65.17355766, 0.038548387, 16.4822, 55.46, 7996.5, LOW
62.16666565, 0.052967742, 16.3824, 53.9598, 2616.64, LOW
59.77597961, 0.04567742, 16.368, 53.9944, 2581.92, LOW
57.86842155, 0.040929032, 16.3248, 54.3068, 4779.94, LOW
63.39407781, 0.043935484, 16.487, 53.883, 7085.14, LOW
68.59187775, 0.040774194, 16.5388, 53.909, 4559.2, LOW
58.60526339, 0.041655913, 16.7394, 54.0972, 4866.62, LOW
60.58299484, 0.052258063, 16.8296, 53.7114, 4784.64, LOW
60.56410294, 0.041677418, 16.8964, 53.5796, 4883.98, LOW
60.10188942, 0.036387097, 17.0534, 52.956, 32280.1, LOW
62.87912013, 0.09587097, 17.13, 52.8496, 3614.72, LOW
60.86167297, 0.043225806, 21.7478, 33.0242, 1307.92, LOW
68.36233139, 0.056064514, 21.6904, 32.946, 1575.98, LOW
56.43960876, 0.099225803, 22.0104, 32.0428, 2279.16, LOW
56.95591583, 0.136602151, 21.1128, 33.3048, 2190.86, LOW
55.36043574, 0.043612903, 20.7556, 34.6532, 2250.82, LOW
62.59065971, 0.112129033, 21.0934, 34.4942, 2821.58, LOW
59.33063316, 0.049741934, 21.103, 34.5808, 950.0, LOW
63.40000259, 0.041849462, 21.0224, 34.3024, 3229.98, LOW
63.1373642, 0.040344085, 20.9314, 34.9538, 1648.5, LOW
61.98717918, 0.043096773, 20.7744, 35.459, 1273.24, LOW
60.67071609, 0.07729032, 20.9936, 36.65, 2030.06, LOW
59.16936569, 0.06032258, 21.0368, 35.7806, 1374.12, LOW
59.13967705, 0.049290322, 21.2604, 35.1306, 2228.76, LOW
57.99999924, 0.047806451, 21.2228, 32.4454, 1549.14, LOW
56.78947474, 0.043741934, 21.103, 32.6142, 1519.18, HIGH
55.97368393, 0.105548382, 21.0934, 33.3626, 1773.06, HIGH
63.37179375, 0.071845157, 21.2748, 34.7952, 1429.32, LOW
60.46153755, 0.040103225, 21.3992, 34.4766, 1624.84, LOW
57.75461146, 0.080903225, 21.3372, 35.0784, 1821.92, LOW
63.28205109, 0.041338708, 21.8766, 34.515, 6222.64, LOW
65.33211365, 0.050365591, 22.106, 33.0166, 9015.1, LOW
60.76495577, 0.042236559, 22.3402, 31.6108, 1451.42, LOW
62.28205185, 0.035322581, 22.4266, 31.6382, 1437.2, HIGH
64.82295354, 0.044946236, 17.6386, 43.3972, 1545.98, LOW
61.03643761, 0.042967744, 17.7008, 42.0708, 893.22, LOW
62.69230652, 0.041290321, 17.8098, 41.9424, 983.1, LOW
56.19298248, 0.043569891, 17.515, 41.1536, 1180.2, NORM
57.78947334, 0.041225805, 16.9108, 42.962, 1233.82, NORM
64.04395548, 0.042227958, 16.6678, 43.9434, 6492.28, NORM
57.87719294, 0.083655913, 16.3774, 44.358, 994.14, NORM
57.19070435, 0.044709677, 17.1534, 44.1406, 8832.18, NORM
65.20593033, 0.04204301, 16.687, 44.7494, 3382.92, NORM
56.15789413, 0.039806451, 16.8392, 44.7618, 3187.4, LOW
65.11996307, 0.041548388, 16.887, 44.0454, 3015.54, NORM
60.6564093, 0.039483869, 16.8632, 44.891, 1725.76, NORM
60.012146, 0.039677418, 16.5916, 46.3708, 1177.06, NORM
59.66801567, 0.041341937, 16.4822, 47.148, 1172.32, NORM
52.61666667, 0.04052473, 16.4342, 47.6182, 1027.24, NORM
62.98717842, 0.041600001, 15.6904, 47.1164, 6976.36, NORM
58.73684133, 0.0384, 15.3804, 48.0132, 7104.06, NORM
63.85714416, 0.040451612, 15.6002, 48.4032, 8204.64, NORM
65.64468918, 0.04264516, 18.176, 41.548, 1599.62, LOW
58.84210663, 0.053032258, 17.924, 42.0386, 1421.46, NORM
62.11538429, 0.038903225, 17.1486, 43.6004, 1892.88, NORM
63.38461609, 0.040516128, 15.848, 46.6418, 2734.86, LOW
66.30494614, 0.042193547, 16.177, 45.1928, 6440.26, NORM
64.90475922, 0.039354838, 16.2154, 45.3678, 5355.44, NORM
57.18421059, 0.068516129, 16.3154, 45.3674, 5721.26, NORM
63.67521261, 0.06004301, 19.3982, 40.267, 7974.42, LOW
57.75438512, 0.043698926, 20.1312, 39.316, 7039.42, LOW
53.11904907, 0.137548379, 17.2502, 22.364, 4630.94, LOW
59.62078247, 0.127161291, 20.222, 29.767, 1686.34, HIGH
59.61403478, 0.163741935, 19.4604, 29.9836, 1974.88, LOW
65.45604324, 0.126580646, 17.9906, 33.4138, 7064.62, HIGH
59.29532204, 0.159311827, 17.344, 35.0814, 2563.02, LOW
58.47368444, 0.123010755, 17.4152, 34.8792, 2868.9, LOW
62.30499344, 0.128774198, 18.3428, 33.0518, 3047.08, NORM
53.16666667, 0.143354835, 17.3582, 35.4024, 702.44, LOW
55.11631317, 0.100232253, 17.4628, 36.201, 2183.02, LOW
67.82875595, 0.103548389, 16.4966, 38.3884, 6490.72, LOW
60.20985146, 0.185677419, 16.7012, 38.1132, 3669.88, NORM
55.03947334, 0.064129031, 16.8248, 37.3246, 2626.1, LOW
66.53907115, 0.094365589, 16.7632, 36.6898, 2692.3, LOW
63.26923141, 0.137870963, 16.7442, 36.8824, 1730.5, LOW
55.0651708, 0.103483868, 16.8296, 36.9816, 1225.9, LOW
59.15384636, 0.07167742, 16.9342, 38.0144, 5210.38, LOW
57.65789413, 0.125935485, 16.9534, 37.2924, 3567.4, NORM
67.42381134, 0.103741934, 17.277, 36.2214, 6895.92, LOW
65.69145241, 0.207161296, 17.3726, 36.153, 2392.7, HIGH
61.11623851, 0.113161291, 17.8478, 35.0256, 1709.98, LOW
65.13308919, 0.120215058, 17.9382, 35.622, 5590.36, LOW
61.5512825, 0.091419355, 17.7194, 35.8096, 5013.28, LOW
61.77307739, 0.143526882, 17.8286, 35.9832, 7403.64, LOW
65.17276917, 0.129634404, 17.7814, 36.0958, 12096.06, LOW
58.95141563, 0.120774189, 17.7672, 36.0292, 14398.1, LOW
72.15634613, 0.102193549, 17.943, 35.962, 10218.16, LOW
73.58888626, 0.11812903, 17.9906, 35.8364, 15077.7, LOW
63.30769234, 0.095032256, 19.0322, 34.017, 16296.54, LOW
61.15593465, 0.139376343, 19.6174, 32.7516, 14456.44, NORM
62.96153679, 0.06580645, 20.2028, 31.245, 10431.0, LOW
65.30220032, 0.091483871, 20.455, 31.2804, 5620.32, NORM
64.61080475, 0.089870967, 20.1788, 31.1498, 2151.5, LOW
59.25647494, 0.094344088, 20.0168, 31.528, 5938.84, HIGH
58.6936573, 0.044709678, 20.236, 32.543, 778.12, NORM
56.00000038, 0.045419354, 20.3976, 32.3848, 1061.94, NORM
61.28205109, 0.044619355, 20.0502, 32.738, 1088.74, NORM
63.84981766, 0.052193548, 19.6934, 33.4722, 2886.26, NORM
60.74359055, 0.045225806, 19.4936, 33.7704, 1032.0, NORM
60.06680145, 0.086258061, 19.3368, 33.4788, 1350.48, NORM
59.66261864, 0.054064514, 18.9844, 33.8414, 1758.88, NORM
54.85714264, 0.050322581, 20.4312, 32.9976, 9614.26, NORM
60.57692261, 0.047290321, 20.6788, 32.0846, 1274.8, NORM
62.79487305, 0.045548387, 20.4266, 32.0292, 1167.6, NORM
66.82142944, 0.055741933, 19.7934, 32.953, 2449.48, NORM
59.99595261, 0.045419354, 19.6552, 32.9074, 1207.0, NORM
63.8840037, 0.054150538, 19.0272, 33.8124, 3110.14, NORM
62.20879059, 0.042752687, 19.0128, 34.0676, 1058.78, NORM
63.29487305, 0.043935483, 19.0606, 36.7124, 6290.46, NORM
62.86202698, 0.042193548, 19.484, 34.2176, 2952.46, NORM
61.11335999, 0.043509679, 19.1938, 34.466, 1382.0, NORM
59.21052704, 0.096774196, 18.9658, 34.8844, 856.96, NORM
59.83805847, 0.043548388, 18.985, 34.8204, 1000.44, NORM
59.88461533, 0.046322581, 18.2284, 36.1988, 1136.06, NORM
58.79999893, 0.041032257, 18.366, 35.7556, 860.12, NORM
61.19658076, 0.04701075, 18.7944, 34.5988, 6813.94, NORM
61.82051163, 0.04548387, 20.7744, 31.8274, 7315.34, NORM
63.47435951, 0.047419353, 21.151, 30.9738, 1337.9, NORM
62.11538315, 0.054580646, 21.318, 30.8612, 1241.66, NORM
61.79487228, 0.044774194, 20.531, 32.058, 1418.3, NORM
62.28205109, 0.043870969, 20.555, 32.0402, 1254.32, NORM
60.90225665, 0.042129033, 20.3312, 32.5646, 2618.18, NORM
60.59649162, 0.045419354, 20.7744, 32.5912, 3223.68, NORM
65.69597168, 0.045548387, 20.6742, 32.5754, 6895.92, NORM
66.08516312, 0.045870968, 21.4802, 31.4826, 5714.92, NORM
64.54700724, 0.049849462, 22.0532, 29.731, 8616.14, NORM
64.7023819, 0.044451613, 21.7622, 28.7128, 1713.16, NORM
63.21794891, 0.045548387, 20.6172, 30.8812, 1605.92, NORM
64.05494652, 0.077935486, 20.3694, 31.1996, 1744.66, NORM
63.56043854, 0.044989247, 19.8788, 31.9936, 3925.32, NORM
60.20300713, 0.183290322, 19.5648, 32.5688, 5021.18, NORM
62.35306829, 0.048795698, 20.5218, 30.4598, 7268.04, NORM
61.76923065, 0.046580644, 21.4468, 29.5672, 683.52, NORM
65.03662949, 0.042967741, 20.3028, 30.6412, 1077.74, NORM
61.7948719, 0.044758065, 20.2786, 31.0186, 901.1, NORM
63.98978348, 0.045032258, 20.7028, 30.2948, 4917.1, LOW
56.13157921, 0.044129031, 20.9744, 30.4648, 2979.26, NORM
61.40688286, 0.045225806, 21.0032, 30.0192, 934.22, NORM
57.44736938, 0.046709677, 21.232, 30.6604, 3278.86, NORM
63.08974495, 0.051225804, 21.4274, 30.5098, 5468.96, NORM
53.94166667, 0.045913978, 21.3564, 30.4038, 1191.24, NORM
63.95970815, 0.052258064, 21.2418, 30.8614, 1178.62, LOW
67.98809509, 0.044258065, 20.8314, 30.5928, 4169.74, NORM
61.4615387, 0.044516129, 20.0552, 31.3452, 4265.92, NORM
63.98534813, 0.045032258, 19.931, 31.899, 3794.44, NORM
60.81954918, 0.10193548, 20.1456, 32.2166, 3619.44, NORM
65.11355362, 0.078408601, 20.1548, 31.9122, 6514.38, LOW
63.0, 0.047354838, 20.4168, 31.0506, 7495.08, HIGH
69.28832067, 0.045230107, 21.7384, 30.7566, 4822.5, LOW
62.91025696, 0.04696774, 21.867, 30.0044, 5336.52, HIGH
65.8916364, 0.046795697, 22.202, 28.9366, 2320.16, LOW
64.75128021, 0.048774192, 21.4084, 30.4082, 5010.14, LOW
64.78632609, 0.054494624, 21.6568, 29.8794, 12154.38, LOW
62.90750961, 0.048322579, 23.4676, 27.4696, 13830.48, LOW
66.64102631, 0.04729032, 23.4772, 27.348, 7561.32, HIGH
46.49686775, 0.039354838, 17.5416, 22.0018, 778.92, LOW
63.51002731, 0.044274194, 20.5406, 30.4618, 547.92, NORM
67.49999847, 0.045032259, 20.2644, 30.7914, 593.64, NORM
56.12885221, 0.065032258, 19.698, 31.2744, 596.78, NORM
62.26923103, 0.043509679, 18.9704, 32.3828, 590.46, NORM
64.75458069, 0.063096774, 18.8418, 32.6156, 587.32, NORM
65.69230576, 0.049290323, 19.1794, 32.5338, 909.0, NORM
67.45238266, 0.044048388, 19.2412, 32.3144, 729.22, NORM
66.04761963, 0.044258065, 19.1414, 32.2662, 1066.68, NORM
66.2561053, 0.045634408, 18.889, 33.1808, 1068.24, NORM
57.46356239, 0.04516129, 18.9034, 33.4652, 565.28, NORM
65.61721573, 0.043948388, 18.7278, 33.9226, 912.16, NORM
66.59523849, 0.04407742, 18.675, 34.4234, 666.16, NORM
65.40476176, 0.043118281, 18.675, 34.6334, 622.02, NORM
64.0503685, 0.043535485, 18.675, 33.8324, 570.0, NORM
64.10485229, 0.045763442, 18.6612, 33.752, 618.88, NORM
65.81318385, 0.043010755, 18.58, 33.8168, 667.78, NORM
66.86904831, 0.042606451, 18.5522, 33.5844, 836.48, NORM
65.86569061, 0.042881722, 18.533, 33.7336, 663.0, NORM
56.57894745, 0.042677421, 18.533, 33.793, 516.4, NORM
56.05263138, 0.042903225, 18.533, 33.7666, 511.66, NORM
68.03174438, 0.042311827, 18.533, 33.9108, 674.06, LOW
67.11904831, 0.042096773, 18.7662, 33.7882, 1088.74, NORM
67.41666718, 0.043241937, 18.747, 33.615, 844.36, NORM
72.79523671, 0.042408602, 18.723, 33.745, 940.54, NORM
60.22469597, 0.043793548, 18.771, 33.67, 445.4, NORM
67.59523697, 0.092774193, 18.9466, 33.1464, 986.26, NORM
65.16483688, 0.042903228, 18.961, 33.2334, 779.72, NORM
65.84126892, 0.044602151, 18.985, 33.572, 935.8, NORM
66.12698466, 0.043440862, 19.008, 33.4354, 1052.48, NORM
69.5934082, 0.094193551, 13.8628, 47.052, 4060.92, LOW
54.04276276, 0.042580645, 13.8292, 47.694, 1339.44, NORM
62.46153908, 0.042903225, 13.3914, 48.6098, 2006.42, NORM
57.89473673, 0.057247312, 13.4154, 49.0704, 2566.16, NORM
61.08646558, 0.146150541, 13.642, 48.2718, 1951.22, NORM
54.63157845, 0.041741934, 13.6516, 48.0312, 956.3, NORM
53.8125, 0.042387096, 13.4394, 49.024, 1702.1, NORM
52.25, 0.041935485, 13.4924, 48.858, 1692.68, NORM
60.35155258, 0.042838709, 13.5268, 48.3742, 2440.02, NORM
59.36527138, 0.046365591, 13.5892, 48.413, 4109.78, NORM
61.25303574, 0.042348387, 13.5844, 48.2264, 4122.42, NORM
62.33333282, 0.054322578, 13.5508, 48.1726, 2641.84, NORM
59.69873454, 0.042666666, 13.522, 48.355, 2019.04, NORM
61.24359055, 0.04148387, 13.4682, 48.2736, 2058.44, NORM
60.13720194, 0.043053763, 13.502, 48.7108, 1303.2, NORM
60.44871902, 0.059225805, 13.502, 48.612, 838.06, NORM
61.02564049, 0.049922579, 13.2138, 49.481, 1788.84, NORM
63.07692413, 0.05, 13.3434, 49.0542, 1620.12, NORM
63.66666794, 0.043612902, 13.281, 48.7994, 1115.54, NORM
61.88888906, 0.042365592, 13.1802, 48.6868, 677.2, NORM
62.49707642, 0.075161288, 13.132, 48.7672, 692.98, NORM
57.97368317, 0.041096773, 13.1802, 49.8276, 1115.56, NORM
62.24195226, 0.041010751, 13.1172, 50.8692, 905.84, NORM
61.24786224, 0.077419351, 13.0592, 50.438, 797.06, NORM
60.41025543, 0.041548387, 13.0016, 49.7114, 735.54, NORM
58.83130798, 0.042387097, 12.9824, 49.7024, 1153.4, NORM
62.74358978, 0.061290322, 13.522, 48.602, 1016.22, NORM
63.27617111, 0.043741936, 13.5748, 48.3058, 623.6, NORM
62.82967072, 0.043225805, 13.522, 48.5156, 1285.84, LOW
58.34008026, 0.045109676, 13.502, 48.5996, 1508.16, NORM
56.24156532, 0.044451612, 13.507, 48.78, 552.64, NORM
56.93944041, 0.048602148, 13.4826, 48.6902, 555.8, LOW
56.2631588, 0.040580644, 13.522, 48.5648, 547.9, NORM
60.5717509, 0.041677419, 13.546, 48.5804, 2829.46, NORM
66.35347977, 0.042387097, 13.7428, 49.2372, 1270.04, NORM
62.57435745, 0.044193549, 13.8004, 49.0164, 4540.26, NORM
64.22832642, 0.040860213, 13.8772, 48.2278, 4059.36, NORM
64.66788839, 0.043397851, 13.882, 47.8564, 4713.7, NORM
60.78407516, 0.045935484, 16.1866, 42.6366, 11309.24, LOW
55.63815727, 0.044354839, 16.6868, 42.5098, 15602.74, LOW
58.5249649, 0.055870966, 16.7916, 42.5346, 15271.62, HIGH
61.19230652, 0.054774193, 16.901, 42.3878, 17343.48, HIGH
60.32523499, 0.049333332, 17.1674, 40.8584, 16077.32, LOW
59.75506058, 0.047741935, 17.3914, 40.9346, 18844.54, LOW
59.58097076, 0.066064515, 18.247, 38.073, 3341.9, NORM
55.98836021, 0.044193549, 17.9006, 39.466, 2621.36, LOW
64.06684952, 0.044580646, 17.9052, 39.0984, 2211.38, NORM
58.04647408, 0.044387097, 17.891, 39.4004, 2501.54, NORM
52.8, 0.044322581, 17.491, 40.5288, 2846.84, NORM
61.52294273, 0.043870969, 17.1914, 41.1748, 5626.62, NORM
59.44062042, 0.044774195, 17.3864, 41.3826, 4943.9, NORM
60.52564125, 0.047096773, 17.5532, 40.7986, 4410.96, NORM
61.11470998, 0.04744086, 17.3488, 40.5194, 4199.68, HIGH
62.82393199, 0.046580643, 17.5724, 40.0682, 2255.54, LOW
58.98920492, 0.044817204, 17.0628, 41.8258, 1355.22, LOW
61.16239319, 0.044378495, 16.9012, 42.1328, 1301.6, NORM
53.3498807, 0.044258065, 16.9726, 41.8154, 1385.18, LOW
60.09497274, 0.046279569, 16.7156, 42.4494, 1631.16, NORM
62.73076859, 0.046967741, 16.8248, 42.4622, 1793.56, LOW
63.66117134, 0.064748385, 16.8584, 42.2872, 2110.48, LOW
60.2024306, 0.043978495, 16.4582, 42.337, 3889.04, LOW
58.08771998, 0.043741935, 17.0062, 41.0132, 2126.24, LOW
59.28025157, 0.052043011, 17.0532, 41.16, 2570.9, LOW
60.03103943, 0.047612901, 17.0436, 41.338, 2544.1, HIGH
61.43792102, 0.044163442, 16.2442, 42.4776, 1243.28, HIGH
63.83882675, 0.045935483, 16.1962, 42.6248, 3575.3, LOW
63.88429565, 0.047827958, 16.082, 42.5796, 5109.48, HIGH
65.93040365, 0.046537634, 16.0628, 42.6348, 3775.56, HIGH
60.13630295, 0.045548387, 16.1434, 43.3808, 4541.86, HIGH
61.68893394, 0.070322576, 16.5772, 42.4908, 5861.58, HIGH
61.53306198, 0.059483872, 16.7106, 42.2322, 5238.76, HIGH
61.80576668, 0.044064517, 16.9058, 41.7058, 4554.46, LOW
59.49415169, 0.045419354, 17.1058, 40.922, 4444.06, HIGH
64.36355438, 0.048580643, 17.2442, 41.373, 10796.8, NORM
61.00809708, 0.050838708, 17.3008, 41.3216, 9847.6, NORM
60.4343221, 0.108817206, 17.4198, 41.4184, 10514.58, NORM
53.125, 0.050580645, 17.9668, 40.0726, 10129.84, NORM
55.13508738, 0.050172042, 18.1096, 39.856, 9863.36, NORM
61.2393163, 0.110967735, 19.1606, 37.635, 11876.9, NORM
61.21794701, 0.055161288, 19.4602, 37.6396, 12083.44, NORM
65.67277095, 0.054946234, 19.5648, 36.5798, 4019.94, NORM
59.12145831, 0.046537633, 18.0666, 40.7268, 918.46, NORM
58.32073746, 0.053053762, 18.5426, 39.354, 5355.46, NORM
59.56747627, 0.127806447, 17.5482, 40.0334, 987.84, NORM
59.59851608, 0.059290322, 17.4722, 40.4302, 1055.64, NORM
59.35060623, 0.055612904, 17.4056, 40.7628, 1903.94, NORM
54.4375, 0.044903226, 17.891, 40.6302, 2917.78, NORM
60.78542595, 0.045096774, 17.8052, 40.5178, 1678.46, LOW
60.99999924, 0.044580646, 17.6292, 40.7556, 5137.86, NORM
53.625, 0.045677419, 17.5246, 40.917, 858.54, NORM
53.8125, 0.043870969, 17.2914, 41.2244, 845.92, NORM
53.77412313, 0.050709677, 17.344, 42.2408, 1121.88, NORM
60.53036499, 0.074580645, 17.3724, 42.3206, 3334.04, NORM
57.70065727, 0.045870967, 17.5628, 40.9922, 1383.58, LOW
55.25787175, 0.045247312, 17.5628, 40.9922, 1523.96, LOW
56.26315842, 0.044774194, 17.3628, 40.4952, 1875.54, LOW
66.48168259, 0.047978494, 17.2864, 42.1578, 4243.82, LOW
61.69597066, 0.046279569, 17.3104, 41.9628, 2012.72, LOW
55.22177277, 0.044215054, 17.415, 41.2766, 2164.08, LOW
63.39560547, 0.047638708, 17.5484, 41.2276, 2611.9, LOW
61.15384674, 0.055354839, 17.7194, 40.7144, 3961.58, LOW
62.09249001, 0.045677419, 18.4472, 40.2088, 3769.22, LOW
61.72064819, 0.092516129, 18.7134, 39.5404, 5327.06, LOW
70.4968689, 0.049462365, 18.7134, 39.2234, 6590.02, LOW
73.27555059, 0.071225805, 18.823, 39.2156, 5659.74, LOW
65.13095207, 0.057290321, 18.9802, 39.2066, 4470.86, LOW
57.57894745, 0.051483869, 19.6744, 38.078, 5027.48, LOW
61.35897522, 0.060774195, 19.988, 37.001, 11761.78, NORM
62.4615387, 0.069677421, 19.8124, 36.905, 12157.54, NORM
72.70982666, 0.052, 19.2368, 37.5254, 1820.36, HIGH
61.21052628, 0.047870965, 19.127, 37.8656, 1762.02, HIGH
56.34210548, 0.050387096, 24.3534, 31.8938, 1916.54, LOW
63.63369904, 0.083612904, 22.5898, 34.1044, 3581.58, LOW
60.80769119, 0.061677419, 22.5322, 35.2126, 9322.56, LOW
58.4048584, 0.096967741, 22.781, 35.5012, 9089.18, LOW
55.16447357, 0.048180642, 23.1984, 34.7988, 8455.34, LOW
57.77192988, 0.044215054, 22.9152, 34.4272, 1546.0, LOW
57.1513162, 0.045225806, 22.7764, 34.4738, 1727.34, LOW
57.5, 0.046967741, 22.7764, 36.1152, 3695.1, LOW
61.84615402, 0.052903224, 23.2512, 34.2326, 2056.88, HIGH
60.74358902, 0.043096776, 23.0016, 34.7006, 2143.58, LOW
60.82051315, 0.043225808, 22.9968, 34.6204, 2247.66, LOW
56.65317078, 0.046451613, 21.843, 37.5294, 3341.92, LOW
61.67098602, 0.044851613, 22.393, 35.3182, 7709.54, LOW
63.5338829, 0.045354838, 22.657, 35.3436, 8537.32, LOW
64.35805664, 0.090580648, 23.9152, 32.793, 7614.92, LOW
63.33333321, 0.059548387, 23.9634, 32.9178, 6233.7, LOW
63.92307892, 0.046270969, 23.5306, 33.3594, 2074.22, LOW
61.52564125, 0.04980645, 22.824, 34.3654, 2362.76, LOW
63.32967072, 0.128774189, 23.0784, 33.884, 3580.02, LOW
60.0609539, 0.049978494, 23.0496, 33.622, 3565.82, LOW
64.4523819, 0.044387097, 23.8666, 33.1294, 7122.98, HIGH
61.73504232, 0.049548387, 24.5712, 32.1074, 6758.76, LOW
64.58058853, 0.048709676, 24.3682, 32.3176, 7996.5, LOW
53.5081459, 0.048774192, 20.8142, 23.6292, 5331.02, LOW
52.1875, 0.064354838, 25.5204, 29.5168, 1845.6, NORM
57.71912994, 0.059741935, 25.545, 29.654, 1807.76, NORM
62.33333206, 0.05852903, 24.581, 31.0394, 2113.64, NORM
59.81443901, 0.065677418, 24.4696, 31.306, 1503.44, NORM
59.93792076, 0.064387095, 24.6098, 31.1158, 1557.04, NORM
63.30769348, 0.051432259, 24.1414, 31.8282, 8447.44, NORM
63.8845192, 0.136344084, 24.05, 31.7262, 8414.34, NORM
55.13942261, 0.049096773, 24.7356, 31.1604, 9385.62, NORM
59.68691076, 0.069075266, 24.9632, 30.8158, 3416.04, NORM
56.07368317, 0.05548387, 24.3634, 31.599, 1979.62, HIGH
61.8055542, 0.083139787, 24.0596, 32.2434, 6011.36, NORM
56.66666743, 0.068645159, 24.1172, 32.0474, 4344.74, NORM
67.41520335, 0.053548388, 24.3878, 32.0106, 3769.22, NORM
58.31713829, 0.053419354, 24.537, 32.7548, 4265.9, NORM
58.46963615, 0.070064513, 24.7596, 31.344, 4407.8, NORM
61.92307663, 0.051806451, 24.818, 31.0258, 2643.42, HIGH
59.22295405, 0.065892472, 24.871, 30.9834, 2419.52, LOW
58.89338722, 0.057870965, 24.6434, 30.8764, 3701.42, LOW
55.19298197, 0.04455914, 24.2092, 32.3704, 3400.26, LOW
62.26923065, 0.062903225, 25.1422, 30.7566, 4083.0, LOW
58.96558685, 0.047032257, 25.113, 30.8286, 3701.42, LOW
65.78296661, 0.056129032, 25.613, 29.9102, 5677.1, LOW
55.32631607, 0.064129031, 26.2264, 29.0106, 3744.0, LOW
62.91623993, 0.098494625, 25.6762, 29.3122, 3332.46, HIGH
63.50000114, 0.064258064, 24.6872, 31.21, 1962.28, LOW
64.78663127, 0.051118279, 25.147, 30.7976, 9015.06, LOW
68.88937683, 0.04967742, 25.1034, 30.2134, 5052.72, LOW
64.79304161, 0.085225809, 25.443, 30.2008, 8611.44, LOW
65.36996155, 0.057419355, 25.501, 30.2462, 7769.44, LOW
66.17124405, 0.103548389, 25.5106, 29.692, 9292.6, LOW
63.97436142, 0.053354839, 26.0946, 29.061, 7725.32, LOW
69.28888957, 0.048989246, 25.8998, 29.3374, 5522.58, LOW
64.32539749, 0.079397851, 18.6658, 28.958, 17352.94, NORM
62.87179451, 0.091096774, 18.7756, 28.887, 15298.42, NORM
64.77014694, 0.088451608, 19.013, 28.8196, 6679.9, NORM
56.7534874, 0.078580646, 19.3082, 29.164, 9754.6, NORM
60.8110672, 0.048387095, 17.8574, 30.5124, 5694.44, NORM
60.61538544, 0.088000003, 18.0714, 29.9202, 5008.56, NORM
62.45299072, 0.058924729, 18.1712, 28.9642, 5973.52, NORM
59.88933945, 0.075225809, 18.1616, 28.8238, 904.28, NORM
56.92982483, 0.049376342, 18.152, 28.9628, 1498.68, NORM
52.70833333, 0.118021506, 18.105, 30.5734, 2572.48, NORM
53.5, 0.059698924, 18.129, 30.522, 2555.14, NORM
61.05128136, 0.090451612, 18.295, 29.4672, 5867.88, NORM
55.10197436, 0.061720429, 18.0288, 29.5584, 1784.08, NORM
53.64166667, 0.06460215, 17.9478, 29.691, 1809.34, NORM
62.56410332, 0.080903223, 16.8536, 32.1664, 2463.7, NORM
55.68421173, 0.103806443, 17.1012, 31.4116, 6918.02, NORM
63.70879211, 0.170000001, 15.7576, 32.1408, 15005.14, NORM
72.97460098, 0.065290321, 17.22, 30.1664, 5109.46, NORM
67.71709518, 0.074064515, 17.1962, 30.0918, 7118.24, NORM
62.15384445, 0.064903225, 17.0108, 29.9706, 2113.64, NORM
63.56227112, 0.055419357, 15.5092, 33.1062, 2228.74, NORM
59.78812447, 0.074709678, 16.201, 32.364, 7383.1, NORM
60.05510457, 0.052709677, 22.7716, 21.8216, 1311.08, HIGH
60.7051281, 0.066129032, 22.7146, 22.0452, 2124.68, HIGH
59.36977137, 0.084645159, 20.5454, 24.065, 2097.88, HIGH
59.78744926, 0.127548382, 20.7172, 24.7356, 13207.66, NORM
65.82539698, 0.084602149, 21.2798, 23.762, 9320.98, LOW
61.96214968, 0.050107525, 21.1174, 23.7306, 1897.62, NORM
61.33333359, 0.051612902, 18.8086, 24.451, 1616.94, NORM
60.41498032, 0.054677416, 17.9478, 26.8096, 1344.2, NORM
61.06641769, 0.080387096, 16.3628, 30.8794, 1314.22, NORM
61.82860985, 0.05812903, 17.8242, 29.6274, 4948.62, NORM
60.22435856, 0.066709675, 18.5614, 28.0486, 1481.34, LOW
57.47368507, 0.096903226, 18.661, 27.7086, 1339.44, LOW
61.78754539, 0.093999998, 18.4472, 27.5848, 3272.56, HIGH
58.47193049, 0.078430109, 18.861, 29.2006, 3654.14, HIGH
61.08723907, 0.059032257, 19.0608, 27.311, 3825.98, NORM
63.14473877, 0.072451611, 18.9988, 26.6886, 3551.64, HIGH
62.73324458, 0.071612902, 18.447, 28.5604, 3264.68, NORM
58.36842117, 0.071161292, 18.8704, 27.2494, 6859.64, NORM
58.18420982, 0.071677423, 19.3224, 27.3112, 9896.48, NORM
62.48718058, 0.087010753, 19.722, 25.9422, 11783.86, LOW
63.73901138, 0.20090323, 19.7604, 25.8372, 9384.06, LOW
62.43589783, 0.172387096, 19.7652, 25.824, 9417.16, LOW
67.77378693, 0.063419356, 19.779, 26.0542, 2908.32, NORM
66.82906036, 0.129870968, 19.527, 25.9948, 2088.42, NORM
58.92914937, 0.095247313, 18.2762, 28.2062, 4358.92, LOW
57.96491318, 0.102150539, 18.4424, 28.3596, 3258.36, LOW
60.18690987, 0.071290322, 18.5992, 28.1518, 2805.82, LOW
58.87449468, 0.097161289, 18.7086, 27.6388, 6534.86, HIGH
63.05841573, 0.060946238, 19.4696, 26.7584, 7947.64, NORM
70.20610428, 0.085612903, 19.6364, 26.6562, 10192.9, NORM
62.01282005, 0.162129033, 19.8834, 26.4798, 10271.74, NORM
63.95758514, 0.154258064, 20.3646, 26.489, 8980.42, HIGH
62.25640945, 0.112387095, 21.3992, 25.0084, 5308.1, NORM
62.66666565, 0.056387094, 22.106, 24.1192, 6799.74, NORM
61.56410294, 0.081741932, 22.1684, 23.8844, 6076.02, NORM
59.09649048, 0.058752689, 21.404, 23.4024, 9139.64, NORM
