@relation .a/eda_smooth_ml/eda_smooth_ml
@attribute Sound real [46.22267342, 79.2527832]
@attribute Dust real [0.02916129, 0.39787096]
@attribute TempEN real [10.521, 26.891]
@attribute RH real [17.24, 60.8856]
@attribute Light real [287.76, 32280.1]
@attribute EDA_label {LOW, NORM, HIGH}
@inputs Sound, Dust, TempEN, RH, Light
@outputs EDA_label
@data
55.73026326, 0.039870967, 19.4936, 32.0988, 2080.54, NORM
53.73026352, 0.057999999, 19.27, 32.2772, 2449.48, LOW
60.41754395, 0.044967742, 16.7678, 38.0428, 2529.92, NORM
59.70040474, 0.040838709, 16.82, 37.893, 2645.0, NORM
60.51147156, 0.049367742, 16.4536, 37.9646, 1650.06, NORM
61.1623937, 0.041333333, 14.4188, 42.0202, 1405.7, NORM
57.81511574, 0.038580645, 14.697, 43.4124, 2064.76, NORM
64.86666748, 0.076129034, 14.6394, 41.5574, 3868.58, NORM
58.50000038, 0.037096774, 14.5722, 42.5194, 4001.0, NORM
56.71929881, 0.04292473, 14.5674, 42.4174, 4303.74, NORM
56.48026371, 0.043483871, 14.4522, 42.1636, 2031.64, NORM
56.16329257, 0.078688169, 14.1556, 43.3612, 3449.14, NORM
59.21862361, 0.05492473, 14.146, 43.2848, 3132.24, NORM
57.89473686, 0.04767742, 14.1412, 43.24, 3753.46, NORM
60.28789764, 0.040172043, 13.9396, 44.0342, 1750.98, NORM
60.6241581, 0.060645162, 13.8388, 43.6008, 3226.82, NORM
60.14777222, 0.042322581, 13.1946, 45.3718, 1645.34, NORM
63.99672165, 0.060258063, 13.0978, 45.3166, 1602.76, NORM
59.00000076, 0.063999999, 12.8038, 46.196, 2280.78, NORM
61.69230766, 0.058129031, 12.7942, 46.2506, 2889.38, NORM
64.43131905, 0.07064516, 13.0016, 45.797, 3207.9, NORM
55.33333359, 0.054838712, 13.0592, 45.9044, 4474.04, NORM
56.03407516, 0.118387095, 13.137, 45.7456, 2963.5, NORM
66.42460225, 0.058666666, 13.1802, 45.5764, 2843.66, NORM
61.69047737, 0.039290323, 13.0208, 46.1734, 1713.16, NORM
54.64144745, 0.041870967, 12.968, 45.9674, 2014.3, NORM
58.38191579, 0.068795698, 12.8038, 46.4636, 2529.9, NORM
56.98965314, 0.051118277, 12.799, 46.5436, 2094.72, NORM
66.59524002, 0.046774194, 12.654, 46.3634, 842.76, NORM
59.72983716, 0.053591397, 12.606, 46.7366, 3332.46, NORM
60.94062004, 0.100451612, 12.558, 47.425, 956.3, NORM
59.31578903, 0.057290324, 12.582, 47.428, 1446.66, NORM
59.79419632, 0.044967741, 12.5628, 47.3512, 1883.46, NORM
60.80836678, 0.062516127, 12.5868, 47.4038, 2473.14, NORM
59.46423772, 0.0424086, 12.678, 47.0308, 1383.58, NORM
66.99999924, 0.04251613, 12.6444, 46.946, 1885.0, NORM
59.965588, 0.051225804, 12.678, 46.9006, 845.94, NORM
61.31623993, 0.054666664, 12.678, 47.192, 924.78, NORM
63.68376261, 0.051741933, 19.6554, 29.2524, 566.86, NORM
60.66666603, 0.075161289, 17.377, 33.2718, 686.66, LOW
60.92307638, 0.060903225, 16.058, 36.3466, 369.76, HIGH
59.98110504, 0.078838707, 15.867, 36.6834, 804.96, LOW
60.64102529, 0.071526879, 15.4092, 37.6308, 655.12, HIGH
62.89743729, 0.06980645, 14.745, 38.5444, 789.18, LOW
61.71794853, 0.038387097, 14.1892, 39.706, 681.94, LOW
60.62033386, 0.051096773, 13.8772, 40.7222, 592.08, HIGH
64.1794899, 0.038709678, 13.425, 41.8182, 511.68, HIGH
62.94871826, 0.092709678, 13.137, 42.8634, 588.88, LOW
64.28205261, 0.060903226, 12.92, 43.2026, 710.32, LOW
65.29853668, 0.052451612, 12.871, 43.7558, 644.08, LOW
63.33532486, 0.07905376, 12.8374, 44.0024, 686.66, LOW
65.92857056, 0.090193549, 12.823, 44.2826, 618.88, LOW
63.78143819, 0.037032258, 12.8518, 44.1296, 372.92, HIGH
53.375, 0.051935483, 16.773, 37.8816, 2533.06, NORM
61.70940221, 0.037935484, 14.6202, 43.4476, 4313.2, NORM
62.96153908, 0.065548388, 14.7496, 43.4438, 4056.2, NORM
61.65384636, 0.041741936, 14.754, 43.1034, 4369.96, NORM
61.98717995, 0.045483871, 14.6442, 43.4694, 4004.18, NORM
62.72649485, 0.054279569, 14.074, 44.9356, 2993.46, NORM
58.46018944, 0.059112905, 13.5988, 46.7816, 3526.42, NORM
55.74342079, 0.048967742, 13.594, 46.6194, 3546.9, NORM
59.00219231, 0.033612905, 13.3578, 47.4098, 2591.4, NORM
58.71052704, 0.036774193, 12.582, 49.033, 4053.04, NORM
57.81578941, 0.058838711, 12.509, 49.6448, 4131.86, NORM
62.16358337, 0.037419354, 12.364, 49.9628, 2272.9, NORM
53.4375, 0.033096775, 12.2334, 50.8148, 2895.7, NORM
60.85897446, 0.031870966, 11.9338, 51.0544, 4617.54, NORM
66.74267349, 0.033419355, 11.783, 52.0688, 3289.9, NORM
56.98245494, 0.032834409, 11.71, 52.3744, 2020.62, NORM
61.73077011, 0.048473118, 11.55, 53.9918, 2979.28, NORM
63.20940323, 0.031053762, 11.5304, 53.9348, 2961.94, NORM
59.99702972, 0.040980646, 11.487, 53.5298, 3647.82, NORM
54.40789413, 0.051612902, 11.394, 53.2624, 3963.16, NORM
54.62171021, 0.041677418, 11.3748, 53.1266, 3920.6, NORM
59.661719, 0.05124731, 11.321, 53.07, 3917.44, NORM
59.90283394, 0.056387095, 11.253, 53.1876, 2574.08, NORM
56.68420944, 0.029290322, 11.0242, 54.9254, 4680.6, NORM
64.52991384, 0.031655914, 10.883, 55.282, 2173.54, NORM
64.86813278, 0.031225806, 10.883, 54.94, 2181.44, NORM
53.75, 0.050709678, 10.858, 55.219, 2367.48, NORM
61.50634277, 0.034387096, 10.81, 55.637, 1462.44, HIGH
63.89743805, 0.042193547, 10.736, 56.289, 3737.68, NORM
57.89473763, 0.033419355, 10.7264, 56.0544, 2725.4, LOW
59.40890579, 0.039612904, 10.6678, 56.6722, 1908.66, LOW
57.02631645, 0.055741934, 10.7216, 56.3946, 2227.16, HIGH
65.19230804, 0.032387097, 10.663, 57.029, 1886.58, LOW
61.32051201, 0.035032259, 10.7168, 56.1068, 2197.2, LOW
62.64102745, 0.037032257, 10.531, 57.0564, 1788.84, LOW
63.80000153, 0.036860215, 17.4388, 38.623, 3231.56, NORM
57.21052602, 0.037032259, 16.4202, 40.1286, 4518.18, NORM
62.65381597, 0.035010753, 14.6874, 45.0924, 5412.18, NORM
57.78789902, 0.035806451, 14.4666, 44.5504, 4385.74, NORM
55.57456131, 0.039931183, 13.8484, 46.4398, 3241.02, NORM
61.35155182, 0.035419355, 13.7236, 47.5194, 3496.46, NORM
60.447369, 0.04367742, 13.714, 47.5988, 3133.78, NORM
52.29166667, 0.036086022, 13.594, 46.2828, 3100.7, NORM
55.78947372, 0.035741936, 13.4586, 46.4342, 3368.72, NORM
54.27111115, 0.033978495, 13.257, 47.0118, 4010.46, NORM
59.74763692, 0.071526883, 12.606, 49.455, 3270.98, NORM
62.68713226, 0.055053763, 12.606, 49.6272, 3379.74, NORM
55.55263252, 0.045419354, 14.9504, 41.3318, 3067.56, NORM
55.16118431, 0.055677416, 14.6826, 41.3398, 4035.7, NORM
56.02859344, 0.053225807, 14.5578, 42.0428, 2116.78, NORM
52.7375, 0.059225804, 14.481, 41.7678, 2663.92, NORM
60.39451294, 0.049268815, 13.57, 45.4684, 5011.7, NORM
59.7067023, 0.046408603, 13.834, 44.2164, 4284.82, NORM
56.82456055, 0.083913978, 13.8532, 44.7146, 1919.7, LOW
57.39473724, 0.038774193, 13.81, 44.3832, 2153.04, LOW
54.06052628, 0.042580645, 13.666, 44.4348, 3524.82, NORM
61.33063469, 0.04283871, 13.594, 44.7264, 4158.66, NORM
60.08546982, 0.038236559, 13.497, 44.9654, 2890.98, LOW
60.35087624, 0.037935484, 13.473, 45.519, 2674.98, NORM
54.4078949, 0.068000001, 13.497, 44.9468, 3209.48, NORM
54.0, 0.048387095, 13.497, 45.0344, 2752.22, NORM
54.30263138, 0.03948387, 13.497, 45.0406, 2474.72, NORM
57.92105331, 0.03967742, 13.473, 45.094, 3200.0, HIGH
57.65789452, 0.040516129, 13.377, 44.6628, 4384.14, NORM
67.05860804, 0.042322579, 13.064, 45.0686, 2842.1, NORM
61.79615847, 0.034258064, 12.9008, 45.8594, 2966.68, NORM
61.89743652, 0.054537634, 12.8038, 46.7116, 1836.1, NORM
62.24359093, 0.04664516, 12.751, 46.488, 2388.0, LOW
62.46153793, 0.047032257, 12.5484, 47.1882, 1646.92, NORM
60.34592845, 0.078451611, 12.514, 47.3816, 1804.58, LOW
62.34962463, 0.04032258, 12.519, 47.2466, 787.58, LOW
58.52631683, 0.052516129, 12.534, 47.205, 820.7, NORM
58.46558647, 0.065870967, 12.5484, 47.2502, 815.98, NORM
59.50067444, 0.043698923, 12.509, 47.3374, 1169.16, LOW
61.49572703, 0.228903226, 12.4178, 47.6536, 918.44, NORM
58.46963552, 0.077505376, 12.3016, 47.713, 1169.18, NORM
57.92105179, 0.047419353, 12.3496, 48.09, 1415.12, HIGH
61.63675283, 0.041978494, 17.3678, 35.9702, 2369.08, NORM
57.8, 0.055956991, 15.4994, 38.9454, 2966.66, NORM
59.79239731, 0.046107527, 15.0406, 40.616, 2980.86, NORM
57.92982534, 0.041075268, 15.0218, 40.544, 2790.08, NORM
56.52631531, 0.041225805, 14.2948, 42.9106, 1896.02, NORM
60.08535767, 0.042795699, 13.666, 45.0926, 1432.46, NORM
53.375, 0.044580646, 13.3818, 45.7638, 2113.62, NORM
58.40350927, 0.041290321, 13.257, 45.854, 4794.1, NORM
57.08420975, 0.049290322, 13.2378, 45.6898, 4060.92, NORM
56.85087751, 0.037311828, 13.088, 46.8288, 2695.46, NORM
59.26315765, 0.034709678, 12.8518, 47.1836, 1818.8, NORM
58.97368469, 0.040774193, 12.896, 46.102, 2250.8, NORM
58.49999886, 0.036967741, 12.9104, 45.9788, 2269.72, NORM
61.48448181, 0.031935484, 12.775, 46.3478, 5014.86, NORM
64.21621284, 0.040322579, 12.799, 46.0334, 2813.7, NORM
60.14372559, 0.08580645, 12.751, 45.8222, 1747.82, NORM
56.07894745, 0.033483872, 12.7414, 45.8896, 2149.88, NORM
62.85897522, 0.032064516, 12.6588, 46.333, 3299.36, NORM
59.68083725, 0.054580645, 12.3888, 47.811, 2485.74, NORM
62.97435913, 0.041032258, 12.2776, 48.8386, 4201.24, NORM
61.25641022, 0.03483871, 12.3544, 47.5714, 3608.38, NORM
58.47368469, 0.034580645, 12.3592, 47.7208, 3769.22, NORM
58.73517049, 0.052215053, 12.4514, 46.872, 3241.04, NORM
64.92124685, 0.034107528, 12.4082, 46.0904, 1400.96, NORM
54.78070272, 0.08344086, 16.1914, 58.8092, 32280.1, LOW
62.87863846, 0.065741935, 16.606, 57.8236, 28371.32, LOW
61.04273478, 0.041333334, 17.9622, 53.4304, 32280.1, LOW
60.87531395, 0.038951612, 18.0284, 51.8566, 4467.72, LOW
56.8574557, 0.044967742, 17.8146, 51.33, 3121.18, LOW
56.34479554, 0.046387097, 17.3864, 53.8408, 3586.32, LOW
59.19551392, 0.036387097, 17.344, 53.8592, 3535.86, LOW
59.17476349, 0.038645161, 17.0014, 54.803, 4660.08, LOW
55.5087719, 0.037483871, 16.8248, 57.9722, 2556.7, HIGH
62.61153056, 0.040430108, 16.8536, 55.9788, 4215.44, LOW
61.71794802, 0.037612903, 16.915, 55.6278, 5962.48, LOW
54.93157923, 0.037505376, 16.8152, 56.016, 3289.92, LOW
62.15384445, 0.045548387, 16.82, 55.8212, 3535.88, LOW
62.40170975, 0.046107525, 16.2722, 56.3414, 4130.3, LOW
61.47908173, 0.043225806, 16.3104, 55.9092, 14379.2, NORM
62.35897484, 0.041806451, 16.3678, 54.906, 32280.1, LOW
62.83516426, 0.051741935, 16.5106, 54.8536, 27810.0, LOW
61.62393188, 0.042064516, 16.6396, 54.193, 3299.36, LOW
59.28609962, 0.037548386, 16.6678, 54.0378, 2476.28, LOW
61.70085576, 0.040559138, 16.725, 53.5736, 5508.4, LOW
62.29487114, 0.038645161, 16.701, 53.416, 5033.78, LOW
59.36842092, 0.053204302, 16.654, 53.539, 2312.32, LOW
64.49084244, 0.054451614, 16.6914, 53.9432, 3278.84, LOW
64.0897438, 0.042387095, 16.4198, 54.9258, 3286.72, LOW
63.05128288, 0.041870968, 16.6012, 53.6784, 5520.98, LOW
64.49999924, 0.037096775, 16.9294, 52.9384, 4975.42, LOW
61.99999893, 0.059354838, 23.1696, 29.7764, 1132.92, LOW
58.36707052, 0.038537634, 22.5946, 31.0578, 1620.12, LOW
55.43750025, 0.039032257, 22.6186, 31.1534, 1525.5, LOW
62.51281993, 0.042012902, 22.6186, 31.2938, 1104.52, LOW
61.44871674, 0.043999998, 21.576, 32.9622, 1410.38, LOW
61.53846016, 0.051806451, 21.7624, 32.9524, 1653.24, LOW
63.47863134, 0.047182795, 21.8862, 32.6844, 8415.9, HIGH
61.01037801, 0.040236558, 21.9438, 32.2368, 1883.42, LOW
60.955513, 0.040903225, 21.0934, 34.382, 1028.84, LOW
61.183535, 0.049999998, 21.0934, 34.6394, 790.72, LOW
60.45074234, 0.058709679, 20.9128, 34.1336, 757.64, LOW
60.65384712, 0.054967742, 21.1462, 34.1488, 707.18, LOW
63.71245346, 0.04483871, 20.96, 35.2994, 2592.98, LOW
56.59143021, 0.057161289, 21.032, 35.2536, 1514.48, HIGH
62.24359055, 0.064774192, 21.0272, 35.1476, 2154.62, LOW
63.90476278, 0.046967742, 20.9696, 34.9904, 2354.92, LOW
60.92307777, 0.047870966, 20.9888, 34.8604, 1859.78, LOW
62.87179565, 0.228516128, 21.0512, 34.965, 2181.42, LOW
57.47368393, 0.055741934, 21.0368, 35.1616, 1030.38, HIGH
61.54700877, 0.039440859, 21.0368, 34.8782, 942.14, LOW
62.40171, 0.051870967, 20.9408, 34.9216, 1445.08, LOW
54.36842117, 0.047569892, 20.96, 36.3584, 1451.42, HIGH
54.1539473, 0.096387095, 20.9744, 37.33, 1574.4, LOW
56.78947525, 0.082838709, 21.127, 35.2758, 2239.78, LOW
60.68556137, 0.076000002, 21.3516, 33.2072, 1421.44, LOW
60.7820507, 0.044580644, 21.3612, 33.1686, 1626.4, LOW
58.68016103, 0.054752687, 21.2226, 34.4138, 2222.44, LOW
63.1909584, 0.04548387, 21.2988, 35.4968, 4563.94, LOW
59.24912155, 0.046838709, 21.4994, 35.4366, 2627.64, HIGH
60.61457458, 0.10393548, 21.5666, 34.8952, 2616.62, LOW
61.01349602, 0.066735482, 21.7096, 34.0556, 2605.6, LOW
65.79120789, 0.04233871, 21.9868, 34.1612, 12170.16, LOW
68.94867783, 0.060602152, 22.1588, 32.6488, 9981.62, LOW
63.43589783, 0.043741935, 22.2596, 32.0578, 3710.88, LOW
64.18876699, 0.047913979, 22.369, 32.5942, 3510.64, LOW
62.26922989, 0.048645159, 22.4794, 32.6642, 2138.88, LOW
64.33241653, 0.085999998, 22.6282, 32.6174, 2058.46, HIGH
63.83608093, 0.041096774, 22.5994, 32.1812, 2525.16, LOW
61.29914602, 0.073720429, 22.393, 31.6892, 1621.68, LOW
55.34210548, 0.040258063, 17.3292, 41.5488, 1150.24, NORM
63.18406563, 0.084954838, 16.6818, 44.0654, 2551.98, NORM
59.43724594, 0.043483869, 16.511, 43.8804, 1211.72, NORM
60.11111069, 0.039784945, 16.3916, 44.0118, 1657.96, NORM
52.32916667, 0.058486021, 16.844, 44.3824, 8915.76, NORM
60.02968877, 0.052645159, 17.7528, 42.5494, 965.76, LOW
61.84615326, 0.042838709, 17.7148, 42.1236, 1323.7, LOW
54.0234375, 0.039354837, 17.701, 42.0582, 614.16, NORM
64.93101451, 0.050623655, 17.5816, 41.8716, 1303.18, NORM
61.77617111, 0.042709679, 17.5436, 41.906, 5669.2, NORM
63.10622635, 0.041161289, 17.5196, 41.807, 2892.56, NORM
61.51281916, 0.047311826, 17.5676, 41.6718, 1872.38, NORM
58.04048653, 0.040709676, 17.4006, 41.7492, 1457.7, NORM
60.95681458, 0.03948387, 17.1204, 43.2472, 5446.9, NORM
61.46915398, 0.039677418, 17.106, 42.9276, 2627.64, NORM
64.30682678, 0.040696773, 16.9534, 44.7816, 1757.3, LOW
59.70670217, 0.040860214, 16.963, 44.2638, 3100.68, NORM
61.82051239, 0.040451613, 16.8728, 44.107, 1888.16, NORM
59.23616638, 0.038967741, 16.6108, 46.1214, 1169.16, NORM
55.33771973, 0.038752687, 16.4246, 47.4356, 1002.02, NORM
60.31089783, 0.040503225, 16.0292, 47.3786, 2785.34, NORM
58.42982457, 0.041161289, 16.034, 46.5148, 789.16, NORM
57.86841965, 0.039419354, 15.3852, 48.1882, 7061.48, LOW
64.48992653, 0.039548386, 15.4994, 48.5394, 7859.32, NORM
59.60150528, 0.038838709, 16.2912, 47.0928, 7969.72, NORM
64.11263809, 0.047096774, 17.4484, 44.1884, 8565.7, NORM
65.23534775, 0.049548386, 18.0858, 42.7158, 1549.16, LOW
63.22527542, 0.045161289, 18.2048, 41.8908, 1333.14, NORM
55.68421059, 0.044774193, 18.0476, 41.835, 1391.48, NORM
56.714807, 0.040516128, 17.4722, 43.0084, 1505.0, NORM
64.93132019, 0.042, 17.2582, 43.0726, 1769.92, NORM
61.20512848, 0.052709679, 17.1578, 43.6332, 3099.08, NORM
62.65384636, 0.04264516, 15.7, 45.9644, 3614.72, NORM
55.92236847, 0.042967741, 16.0436, 47.1364, 2758.52, NORM
58.18421135, 0.039935484, 16.3536, 45.7498, 2883.1, HIGH
65.01190491, 0.04232258, 16.3822, 45.5582, 3649.36, LOW
65.66157023, 0.06855914, 16.4202, 45.317, 5812.72, NORM
65.53156128, 0.042602149, 16.5248, 45.374, 5527.3, NORM
61.79284668, 0.043032259, 16.7394, 44.1862, 6200.58, NORM
57.78871536, 0.042735485, 16.7916, 43.7234, 6009.78, NORM
65.7857132, 0.041548388, 17.1962, 43.5232, 7018.92, NORM
65.48717728, 0.041522582, 17.32, 43.4618, 6739.8, NORM
59.3081426, 0.048537633, 18.9226, 40.5378, 5172.56, NORM
66.88919678, 0.046, 19.1128, 40.6554, 7711.1, NORM
64.07784119, 0.044580646, 19.56, 39.6246, 6955.84, LOW
59.78609962, 0.181032256, 19.9598, 29.4244, 2137.28, LOW
59.20985107, 0.124580646, 18.3758, 32.5144, 2758.54, LOW
66.42673798, 0.110580645, 17.6482, 34.3004, 3173.22, LOW
58.52884674, 0.074903223, 18.2712, 33.2226, 2851.58, LOW
60.78812523, 0.115483868, 16.9106, 37.0676, 3387.66, LOW
62.30769196, 0.104387095, 16.844, 36.9314, 3381.34, LOW
62.02564163, 0.116387098, 16.6344, 36.9034, 1473.46, LOW
61.48718033, 0.119483874, 16.6012, 37.0686, 1457.72, LOW
61.74359029, 0.125591397, 16.6252, 36.9672, 2417.94, LOW
53.5, 0.067096772, 16.796, 38.8004, 3915.88, LOW
60.81781311, 0.113935482, 16.9774, 37.2362, 3803.92, LOW
61.50067444, 0.11729032, 16.8392, 36.7104, 6386.62, LOW
58.76113205, 0.102580643, 16.8964, 36.9432, 6952.7, LOW
59.71997261, 0.086838711, 17.0202, 37.0204, 7040.98, NORM
60.337382, 0.090795697, 17.0772, 36.8188, 7187.62, LOW
63.32509079, 0.10393548, 17.8526, 35.2352, 912.16, LOW
60.86471024, 0.10993548, 17.9288, 35.9544, 5492.62, HIGH
62.02564125, 0.086967741, 17.7528, 36.5356, 5379.08, LOW
62.69005814, 0.077268817, 17.5772, 36.4142, 5809.56, LOW
58.59109319, 0.051827956, 17.7912, 35.7902, 4978.58, LOW
72.12168986, 0.121849458, 18.0762, 35.6096, 11684.52, LOW
60.6646431, 0.08303226, 19.2366, 33.99, 17215.76, LOW
62.97252808, 0.102322577, 19.798, 33.1382, 11528.4, LOW
65.30494499, 0.104322583, 19.8742, 32.8608, 13510.4, LOW
61.92490807, 0.109225803, 20.3554, 31.1584, 10919.78, LOW
59.70917702, 0.073419352, 20.3454, 31.0578, 10971.84, LOW
60.16545263, 0.116430105, 19.9264, 31.6464, 2209.8, HIGH
51.22527428, 0.040645159, 16.9016, 25.4294, 7327.16, NORM
57.62820435, 0.044774194, 20.3646, 32.3884, 1251.16, NORM
62.28632584, 0.044645162, 19.5126, 33.9828, 1265.34, NORM
62.48718048, 0.044967742, 19.66, 33.3964, 1194.4, NORM
62.43589783, 0.046193547, 20.674, 32.1106, 1774.64, NORM
53.13596497, 0.047483871, 20.2884, 32.7728, 549.5, NORM
53.15, 0.045677419, 20.1644, 33.1522, 623.64, NORM
62.98840078, 0.099526883, 20.1218, 33.2474, 1675.3, NORM
62.53846105, 0.044645162, 19.8884, 32.7762, 1691.04, NORM
61.48717918, 0.04651613, 19.3178, 34.0042, 3395.52, NORM
59.72672195, 0.043096776, 19.441, 34.2396, 5763.8, NORM
66.00598526, 0.047161291, 19.2364, 34.5096, 1531.82, NORM
56.62719307, 0.041612902, 18.8132, 35.4266, 1071.42, NORM
64.37227707, 0.044516129, 18.3426, 36.3078, 2061.62, NORM
58.40913175, 0.042589246, 18.3284, 36.0848, 2745.92, NORM
64.09340858, 0.045677419, 19.2176, 33.8566, 8078.5, NORM
69.73675232, 0.04716129, 20.7124, 31.9214, 9453.42, NORM
58.56590182, 0.044713979, 21.0176, 30.9958, 3304.1, NORM
62.56333237, 0.045212903, 20.7934, 31.3762, 1541.26, NORM
61.39772491, 0.044258065, 20.636, 31.9546, 6424.46, NORM
63.44444529, 0.044473119, 20.5838, 31.9964, 1484.48, NORM
62.93589668, 0.046193548, 20.3314, 32.1138, 1711.58, NORM
62.40000061, 0.042322581, 20.3976, 32.0534, 1758.86, NORM
72.48809586, 0.044193549, 20.198, 32.2082, 3884.34, NORM
60.56005402, 0.044645162, 20.8218, 32.3496, 2952.48, NORM
66.11538544, 0.04483871, 20.7886, 32.8976, 7715.84, NORM
63.77533722, 0.052774194, 21.1078, 31.7434, 4813.04, NORM
62.19414024, 0.045393548, 21.6808, 31.1996, 5812.7, NORM
60.78243624, 0.045591398, 21.9294, 30.7798, 5547.8, NORM
66.09157639, 0.047225804, 21.6952, 30.1576, 7126.14, NORM
46.22267342, 0.036258064, 18.932, 20.5932, 1893.68, LOW
66.96267853, 0.044666667, 21.6618, 29.6184, 1232.24, NORM
63.83333321, 0.043432259, 20.0884, 31.7536, 1610.66, NORM
63.88461685, 0.043935485, 19.8268, 32.0754, 2078.96, NORM
62.01282158, 0.111974194, 19.5318, 32.4332, 1661.1, NORM
65.0024409, 0.050494624, 19.6172, 32.5734, 7154.52, NORM
66.81044083, 0.046709679, 20.055, 31.89, 7406.78, NORM
58.93233185, 0.050967741, 20.9604, 30.7442, 8330.76, NORM
56.3598175, 0.045, 21.3848, 29.9708, 472.24, NORM
56.447369, 0.043612904, 21.676, 29.519, 462.78, NORM
62.41273006, 0.046516129, 21.3896, 29.4686, 570.0, NORM
64.43040466, 0.051870967, 20.7602, 30.0458, 5055.86, NORM
61.70512816, 0.043333335, 20.6124, 30.147, 1492.4, NORM
60.25573578, 0.04483871, 20.8506, 30.9148, 2914.64, NORM
53.64144707, 0.044645162, 21.4466, 30.451, 1197.56, NORM
61.34552612, 0.139741931, 21.3658, 30.685, 2421.12, NORM
61.08546982, 0.061505376, 21.2228, 30.8666, 1355.22, NORM
58.92037735, 0.044774194, 21.2892, 30.6786, 2783.76, NORM
59.55263176, 0.04548387, 21.199, 30.8912, 3632.04, NORM
64.06969376, 0.04483871, 21.1894, 31.664, 4562.32, NORM
70.94841385, 0.102838705, 21.1606, 31.0214, 4220.18, NORM
60.54723244, 0.044709678, 20.3742, 31.2268, 4729.46, NORM
59.26788139, 0.043806453, 20.3696, 31.1996, 5721.24, NORM
60.39829107, 0.047311829, 19.7412, 32.2072, 7327.96, LOW
60.69230652, 0.043870969, 19.8646, 32.496, 7178.16, LOW
61.90958048, 0.046399999, 20.403, 30.7896, 7438.32, HIGH
58.10593758, 0.04548387, 20.9364, 31.2154, 7474.58, HIGH
66.49725265, 0.044967742, 21.2798, 30.9114, 7558.18, HIGH
60.75641136, 0.045935483, 22.1636, 28.8392, 2622.92, NORM
61.42307549, 0.046632257, 22.2164, 28.81, 3349.8, LOW
61.70512886, 0.046580646, 22.1972, 28.7952, 4467.74, LOW
53.0, 0.045225806, 21.867, 29.4878, 1795.16, LOW
65.46428528, 0.04483871, 21.3708, 30.3448, 2982.44, LOW
60.57692223, 0.043376346, 21.1606, 30.734, 2217.7, LOW
64.34470787, 0.050184946, 22.2788, 29.8302, 12507.6, HIGH
67.05952301, 0.04664516, 22.4074, 29.6534, 9409.26, LOW
64.36813126, 0.047870965, 22.633, 29.5304, 10773.14, LOW
63.75091324, 0.05296774, 23.4048, 28.0268, 5812.7, LOW
66.397435, 0.053741933, 20.4122, 29.629, 454.92, LOW
67.53571472, 0.198387093, 20.3648, 30.6662, 622.02, NORM
67.2857132, 0.044516129, 20.317, 30.7224, 579.46, NORM
66.46245422, 0.044580645, 20.3026, 30.5612, 1492.4, NORM
64.92490997, 0.063870967, 20.2408, 30.7028, 1156.56, NORM
66.67887624, 0.044774194, 20.0358, 30.8712, 962.6, NORM
59.88798981, 0.04367312, 19.1986, 31.9268, 598.36, NORM
57.76113434, 0.042193548, 19.3554, 31.9938, 570.0, NORM
55.35526352, 0.045225805, 19.3746, 31.704, 557.38, NORM
64.86324895, 0.043767743, 19.246, 32.1958, 585.78, NORM
71.63047562, 0.042387097, 19.1798, 32.177, 950.02, NORM
65.86904678, 0.046903226, 19.1128, 32.7654, 995.72, NORM
65.24908447, 0.04563441, 18.9706, 33.2604, 1076.12, NORM
64.87179642, 0.061225807, 18.9034, 33.6104, 1019.36, NORM
67.92857208, 0.044322581, 18.8844, 34.3516, 913.74, NORM
67.07234421, 0.043870967, 18.913, 32.906, 2304.44, NORM
60.96153831, 0.042580645, 18.794, 33.3172, 352.38, LOW
66.880955, 0.046374195, 18.747, 33.8062, 978.38, NORM
63.92307587, 0.045458064, 18.604, 34.0426, 396.54, NORM
61.60073191, 0.045204301, 18.5944, 33.8312, 666.2, NORM
71.82222214, 0.042451612, 18.5992, 33.6676, 1213.34, NORM
68.47619324, 0.061161292, 18.7662, 33.7552, 1143.94, NORM
61.13032684, 0.042903228, 18.7614, 33.6492, 798.62, NORM
65.94047623, 0.042774195, 18.747, 33.714, 831.74, NORM
62.2044529, 0.043290322, 18.747, 33.813, 445.4, LOW
66.19047546, 0.04232258, 18.9226, 33.6252, 1546.02, NORM
58.04448662, 0.044064517, 18.961, 33.0486, 1314.24, NORM
66.28693657, 0.073419354, 18.961, 33.273, 886.94, NORM
66.38095474, 0.042593548, 19.008, 33.277, 1093.48, NORM
62.64102592, 0.045612903, 18.9942, 33.0386, 967.34, NORM
62.34358856, 0.042150539, 19.008, 32.9744, 950.0, NORM
65.0402916, 0.042580645, 13.786, 47.4342, 1143.92, NORM
63.181928, 0.043268816, 13.3818, 48.2932, 1653.2, NORM
66.25641174, 0.042064516, 13.5508, 48.711, 4672.7, NORM
58.75033722, 0.116344088, 13.6132, 48.4036, 2078.96, NORM
63.77472534, 0.044967743, 13.7092, 47.9516, 1539.7, NORM
59.89293696, 0.042709677, 13.738, 47.9118, 1170.74, NORM
52.5, 0.040193548, 13.666, 47.8904, 948.42, NORM
55.17105293, 0.042451614, 13.329, 49.0464, 2033.22, NORM
60.88394216, 0.041892473, 13.5652, 48.5462, 4275.36, NORM
60.84229991, 0.179827958, 13.122, 48.8954, 2045.82, NORM
58.17813873, 0.041935483, 13.2282, 48.9714, 1136.04, NORM
68.10024529, 0.056709677, 13.2378, 48.8862, 1353.64, NORM
60.75640945, 0.043032257, 13.1898, 49.8782, 3245.72, NORM
61.38461558, 0.041118279, 13.3866, 49.7076, 1694.22, NORM
57.44736938, 0.041032257, 13.0544, 49.0532, 1080.84, NORM
61.46153819, 0.043182797, 13.546, 48.4882, 1060.36, NORM
61.50427348, 0.042838709, 13.5508, 48.3834, 1169.18, LOW
59.36707077, 0.061858063, 13.512, 48.669, 6481.22, NORM
61.30128326, 0.041612904, 13.546, 48.4882, 1309.48, NORM
64.39926643, 0.051290322, 13.5508, 49.1254, 2525.2, NORM
62.69230728, 0.042774195, 13.7716, 49.1546, 2118.38, NORM
63.85367126, 0.044129033, 13.882, 47.7572, 4902.92, NORM
58.00000076, 0.04148387, 14.1172, 47.3712, 3895.36, HIGH
55.33333435, 0.047225807, 16.5058, 41.9792, 15902.32, LOW
61.94444466, 0.047591396, 17.2154, 40.389, 16183.0, LOW
58.55263214, 0.095935486, 17.6434, 39.5932, 16301.24, HIGH
60.52226588, 0.04739785, 17.819, 39.1346, 3105.44, LOW
53.69407845, 0.044645161, 17.5436, 40.547, 2829.48, NORM
63.23076935, 0.069612904, 17.4626, 40.2298, 2727.0, NORM
64.71062469, 0.055677421, 17.4198, 40.3152, 4254.86, HIGH
55.01973686, 0.045419354, 16.6962, 40.8124, 2179.88, LOW
57.79605293, 0.045096774, 16.5488, 41.493, 2370.66, LOW
57.28947372, 0.055612905, 16.768, 42.1622, 2626.08, LOW
60.07287445, 0.057870967, 16.344, 41.8274, 1307.92, NORM
62.9871788, 0.045548387, 16.3584, 42.4464, 2454.22, HIGH
63.1538475, 0.053096775, 16.3248, 42.3854, 3826.0, HIGH
64.13370056, 0.045870966, 16.7682, 41.9582, 15896.04, LOW
67.39285736, 0.046016128, 16.7822, 41.9534, 15200.68, HIGH
62.62820396, 0.044129032, 16.7822, 41.3084, 2343.82, LOW
68.40201683, 0.044580645, 16.3104, 41.6766, 1878.72, NORM
67.70541229, 0.043010755, 16.415, 42.2238, 2378.52, NORM
61.71794777, 0.044258065, 16.3824, 42.3284, 6429.2, LOW
59.54678357, 0.045406451, 16.225, 42.5076, 1216.5, HIGH
63.54944992, 0.042709677, 16.2346, 42.7818, 2681.28, LOW
58.92982407, 0.052129033, 16.12, 43.0608, 7310.62, HIGH
64.4194149, 0.045032258, 16.7964, 41.6932, 4507.14, HIGH
57.35537567, 0.044645162, 17.0296, 41.176, 4510.32, HIGH
67.4649587, 0.045075269, 17.5388, 40.4696, 2987.16, HIGH
61.44871826, 0.047870967, 17.2628, 41.337, 10595.02, NORM
58.63275948, 0.048903225, 17.9146, 40.2986, 10098.3, NORM
63.1410244, 0.052451611, 19.4744, 36.5772, 4918.7, NORM
60.10256424, 0.053935483, 19.6414, 36.6136, 1784.1, NORM
59.31218923, 0.062236558, 18.4992, 38.4046, 1541.3, LOW
61.39406204, 0.046774192, 18.2332, 39.4952, 4034.12, NORM
58.97255809, 0.045574193, 18.005, 39.9992, 4953.38, NORM
57.75641098, 0.046387096, 18.0474, 39.714, 4800.42, NORM
58.94736862, 0.045870967, 18.1808, 39.6832, 4589.14, NORM
61.64102478, 0.04548387, 17.9102, 40.1758, 2216.1, NORM
60.23931503, 0.064335485, 17.6958, 40.5638, 1448.24, NORM
52.625, 0.045967741, 17.2394, 41.9862, 853.8, LOW
59.52451655, 0.046193548, 17.1914, 43.1094, 1905.5, NORM
62.99999987, 0.044064517, 17.3344, 41.7988, 5377.5, NORM
61.77237981, 0.043440862, 17.363, 41.604, 5393.24, NORM
61.88461571, 0.047870965, 17.6958, 41.3146, 12192.24, NORM
57.81579056, 0.044774194, 17.6576, 40.38, 1421.44, NORM
60.63630257, 0.047225804, 17.7008, 41.0396, 3329.3, NORM
68.84126968, 0.04696774, 17.7384, 40.7292, 2416.36, NORM
58.91992823, 0.04683871, 17.8144, 40.2876, 1965.42, NORM
55.80701803, 0.046709678, 16.7964, 42.3696, 1866.1, LOW
55.92532654, 0.055225806, 16.5296, 43.1656, 1959.12, LOW
60.63022995, 0.04729032, 17.4006, 41.3524, 1678.44, NORM
62.03846207, 0.044645161, 17.7056, 41.0464, 3814.94, LOW
63.64102478, 0.068645164, 17.724, 40.8816, 4617.52, LOW
60.60256424, 0.044903226, 18.1808, 40.5144, 3676.2, LOW
72.77760773, 0.044412904, 18.6232, 39.4788, 5025.9, LOW
66.84798584, 0.047225806, 18.6894, 39.4342, 6780.82, LOW
62.48717918, 0.063032258, 19.094, 39.1086, 5175.68, LOW
57.28890953, 0.060150536, 19.9504, 37.1348, 6367.7, NORM
63.74359131, 0.04929032, 19.6222, 37.0036, 4213.88, NORM
57.73684196, 0.04864516, 24.3438, 31.987, 1885.0, LOW
60.033962, 0.051204299, 23.1696, 32.4858, 2304.42, LOW
61.53441315, 0.051483869, 22.681, 34.2524, 1880.3, LOW
61.23076909, 0.05255914, 22.6138, 34.5844, 8994.58, LOW
60.90665754, 0.090387095, 22.824, 34.4716, 9691.48, LOW
54.73026352, 0.051225805, 24.146, 31.9894, 1188.08, LOW
59.41497841, 0.045870968, 23.6554, 32.3414, 2175.12, NORM
63.246064, 0.049634407, 23.497, 32.8358, 2469.98, NORM
58.8933876, 0.047096773, 23.1168, 34.3464, 1445.12, NORM
58.10503807, 0.046443009, 22.7576, 35.3134, 2353.3, LOW
56.63157857, 0.047655912, 23.0064, 36.2896, 3720.36, LOW
60.26922989, 0.047354839, 22.513, 36.3536, 5527.3, LOW
62.41362915, 0.044387097, 23.0592, 36.11, 4589.12, LOW
62.13675232, 0.056602148, 23.2272, 34.7154, 4638.0, LOW
55.57894745, 0.048193548, 23.2416, 34.6236, 2211.4, LOW
58.85065257, 0.043604302, 22.9728, 34.9166, 2060.04, LOW
61.59829051, 0.047354838, 23.1504, 34.6746, 2034.8, LOW
60.56410217, 0.042967742, 23.0064, 34.8204, 1842.44, LOW
55.55263138, 0.045865102, 22.02, 36.2522, 1755.7, HIGH
55.73684235, 0.044709678, 21.7904, 37.3928, 1754.14, LOW
60.09581757, 0.044645162, 22.441, 35.3688, 7657.5, LOW
59.01034609, 0.047010753, 22.872, 34.768, 7826.18, LOW
56.9298233, 0.048473117, 22.9824, 34.5128, 7837.24, LOW
60.01214523, 0.043612905, 23.3184, 34.1524, 7935.0, LOW
65.21978149, 0.047548387, 23.833, 33.7136, 6987.4, LOW
64.97527466, 0.084258066, 23.8378, 32.6988, 8860.56, LOW
64.24786326, 0.054365591, 24.026, 33.3242, 2963.52, LOW
63.42735087, 0.049247311, 23.814, 32.9778, 2315.48, LOW
62.58974304, 0.093935477, 23.4144, 33.7352, 2987.16, LOW
62.29914398, 0.148688177, 22.9728, 34.5318, 2083.68, LOW
59.31241531, 0.045290322, 22.9584, 34.2982, 1743.1, LOW
62.84615211, 0.050322579, 22.9872, 34.248, 3685.66, LOW
66.20238037, 0.074064518, 22.992, 34.2482, 6254.2, LOW
59.98650589, 0.046451611, 23.6506, 32.983, 5614.04, HIGH
66.10470072, 0.120580648, 23.5546, 33.328, 5781.16, LOW
66.63553212, 0.05232258, 23.6074, 33.3262, 6064.98, LOW
61.53846169, 0.049161289, 24.5176, 32.5388, 5751.22, LOW
62.94871826, 0.0547957, 24.4408, 31.8746, 7739.48, LOW
60.59379069, 0.057548385, 24.436, 31.9208, 8158.9, HIGH
64.96886253, 0.04940645, 24.6628, 30.8712, 3584.74, NORM
60.36234818, 0.060322577, 24.4984, 31.1804, 1575.96, NORM
60.89743576, 0.060632259, 24.6968, 31.0558, 1877.12, NORM
60.5998661, 0.090193548, 24.1268, 31.8606, 8132.1, NORM
57.94061966, 0.050129032, 25.108, 30.2948, 1574.38, NORM
55.41052597, 0.051225804, 24.2286, 32.0106, 2253.96, NORM
57.10954463, 0.048731182, 24.4408, 32.1096, 4226.48, NORM
59.4392704, 0.097999996, 24.9438, 31.1444, 4939.18, LOW
60.45748901, 0.050387094, 24.9824, 31.013, 6801.32, LOW
61.89010925, 0.116, 24.7886, 31.057, 2323.36, LOW
62.4541172, 0.059935482, 24.7934, 30.943, 2258.68, LOW
58.25910873, 0.048451611, 24.6724, 30.8452, 4116.1, LOW
53.8125, 0.064709678, 24.6052, 32.5196, 3255.24, LOW
55.94078929, 0.052107526, 24.1994, 32.1554, 3327.74, LOW
59.27395416, 0.050064516, 25.147, 30.703, 4740.5, LOW
66.57026901, 0.081612899, 24.6532, 30.621, 6440.24, LOW
65.01098938, 0.087096776, 25.6372, 29.8918, 5169.38, LOW
64.66782265, 0.106774187, 25.7636, 29.6924, 8426.94, LOW
61.22222176, 0.054860213, 26.862, 27.717, 11168.92, HIGH
62.47008438, 0.10507527, 26.0216, 28.783, 4407.82, LOW
69.08357964, 0.10683871, 25.9142, 28.9782, 4409.4, LOW
59.08097153, 0.075096774, 25.9484, 29.4972, 3876.44, LOW
59.30418376, 0.051440858, 26.3336, 28.6648, 3890.62, NORM
65.43498421, 0.052387097, 26.1824, 28.8234, 4116.12, LOW
63.38461634, 0.053634407, 26.1338, 29.0574, 3400.26, HIGH
63.93955841, 0.074580646, 25.1374, 30.176, 7214.42, LOW
63.70563965, 0.083161289, 25.3118, 29.9804, 4655.34, LOW
67.28651047, 0.071999999, 25.5496, 29.736, 7518.74, LOW
66.10714416, 0.052645162, 25.9092, 29.2974, 6388.22, HIGH
65.71917114, 0.050881721, 25.8852, 29.2002, 7652.76, HIGH
61.32995949, 0.049548385, 25.9972, 29.2706, 5427.96, LOW
55.51622187, 0.049655914, 16.8584, 32.4956, 14013.36, NORM
63.11538467, 0.049419353, 17.5816, 32.0214, 15765.16, LOW
60.3623497, 0.102322574, 18.5424, 29.3678, 16690.72, NORM
55.63508789, 0.057204299, 19.5838, 28.6986, 2902.02, NORM
56.34736908, 0.047268817, 19.546, 28.6354, 2873.64, NORM
58.42105255, 0.048387095, 19.389, 27.8728, 2790.06, NORM
59.98987808, 0.063225805, 19.3224, 27.633, 3001.34, NORM
61.42307663, 0.070774192, 19.2032, 27.5702, 3335.62, NORM
55.01923014, 0.101118281, 17.7578, 29.8078, 3338.76, NORM
58.75843658, 0.064322578, 17.3342, 32.6374, 2405.32, NORM
62.04858398, 0.049419355, 17.71, 30.6982, 7157.68, NORM
61.8553112, 0.064516131, 18.0426, 29.918, 5423.24, NORM
59.17881241, 0.053806453, 18.1522, 29.7212, 5396.42, NORM
60.02946447, 0.049483869, 18.1336, 29.1208, 2402.18, NORM
60.02249247, 0.047268817, 18.1284, 29.513, 3263.1, NORM
56.13157845, 0.057677419, 18.0004, 29.622, 2641.84, NORM
60.91633034, 0.140516132, 18.1904, 30.2292, 5047.96, NORM
63.07692184, 0.090645157, 18.271, 29.4318, 6146.96, NORM
59.06477687, 0.128516127, 18.1286, 29.5732, 2006.42, NORM
57.4035085, 0.047784946, 17.263, 31.4854, 1320.52, NORM
62.03205261, 0.10283871, 16.887, 32.0382, 3015.52, NORM
62.55555649, 0.079311826, 16.8296, 32.1054, 2238.18, NORM
55.66666667, 0.081204301, 17.101, 30.2296, 2856.28, NORM
62.87179527, 0.09877419, 17.0628, 29.9354, 2192.46, NORM
62.30769145, 0.07423656, 17.0296, 30.0448, 2088.42, NORM
56.62753029, 0.057290321, 15.8004, 32.7534, 3143.28, NORM
63.99376068, 0.120344081, 16.1386, 32.2534, 3305.66, NORM
67.24273427, 0.164774185, 16.201, 32.364, 7383.1, NORM
54.34188029, 0.128301074, 16.201, 32.364, 7383.1, NORM
61.4102567, 0.087698923, 16.201, 32.364, 7383.1, NORM
64.46794853, 0.132451613, 16.201, 32.364, 7383.1, NORM
64.04519234, 0.06972043, 16.201, 32.364, 7383.1, NORM
62.02159271, 0.10180645, 16.201, 32.364, 7383.1, NORM
59.10436376, 0.076258068, 16.201, 32.364, 7383.1, NORM
61.68376007, 0.054193547, 22.9776, 21.663, 1140.78, HIGH
55.55320511, 0.062387098, 22.4122, 22.2586, 1626.4, HIGH
55.02192942, 0.06645161, 22.7338, 22.1354, 1594.88, HIGH
61.60256386, 0.066709676, 20.8648, 23.618, 1845.6, LOW
58.93814685, 0.091139784, 20.4312, 24.3966, 1929.16, HIGH
60.15159607, 0.247225805, 20.8746, 24.5434, 11411.74, NORM
57.99001999, 0.059505373, 17.2106, 30.5098, 2925.66, NORM
59.72469711, 0.093032259, 18.6706, 27.5486, 1285.86, LOW
61.34682922, 0.11212903, 18.6612, 27.3736, 4261.18, LOW
57.88950844, 0.059290322, 18.9084, 26.7826, 3047.06, LOW
61.66936569, 0.059548387, 18.8656, 26.2754, 3575.26, LOW
66.79120738, 0.063784944, 18.9322, 26.8112, 2455.8, LOW
61.34188054, 0.106838708, 18.9656, 27.0554, 2118.36, HIGH
56.63157768, 0.071096773, 19.0464, 27.3302, 2121.52, HIGH
53.265625, 0.101935482, 19.1558, 27.4322, 2086.86, HIGH
62.05128098, 0.077032261, 19.0272, 26.8988, 8587.78, NORM
56.05263112, 0.06516129, 19.2366, 27.2372, 9871.26, NORM
56.55263252, 0.049548387, 19.4792, 26.9468, 9923.28, NORM
65.37454262, 0.103483871, 19.6648, 25.8636, 9571.66, NORM
56.12280693, 0.065741936, 18.8798, 27.5582, 2019.04, LOW
62.32051277, 0.055419354, 18.4234, 27.5896, 2870.48, NORM
64.96886559, 0.076064512, 18.4332, 27.8042, 6750.86, NORM
60.06882629, 0.059096773, 18.7802, 27.9788, 4604.92, NORM
63.80830078, 0.067913977, 19.2604, 27.239, 4368.4, LOW
62.74359016, 0.078064517, 19.86, 26.5924, 9180.66, NORM
64.7930397, 0.110451611, 19.8928, 26.4738, 6859.68, NORM
63.68131714, 0.156516125, 19.9072, 26.4412, 6205.3, NORM
59.99850464, 0.292516128, 20.2552, 26.5616, 8042.2, LOW
58.64687449, 0.057462365, 20.8554, 25.9042, 5276.6, LOW
58.68286107, 0.103870968, 20.9936, 25.393, 5290.8, NORM
61.57692184, 0.074645158, 21.2892, 25.245, 5304.98, NORM
62.3441288, 0.072967743, 21.786, 24.1992, 10027.32, NORM
60.09878459, 0.092860217, 22.0296, 23.2672, 9147.54, NORM
58.42712517, 0.116709675, 20.3266, 25.96, 9029.26, NORM
