@relation esum_filtered_keel_nom
@attribute Sound real [46.22267342, 79.2527832]
@attribute Dust real [0.02916129, 0.39787096]
@attribute TempEN real [10.521, 26.891]
@attribute RH real [17.24, 60.8856]
@attribute Light real [287.76, 32280.1]
@attribute Area real [1274.667603, 36208.28889]
@attribute Perimeter real [205.8863296, 2834.509892]
@attribute Occlusivity real [84.20423509, 2375.982044]
@attribute Compactness real [0.022584873, 0.402656985]
@attribute EDA_label {AROSAL, NORM}
@data
54.78947334,0.058645158,19.5694,31.8936,2108.9,2777.109253,406.9191399,217.3479957,0.210759225,NORM
59.21052628,0.048387096,18.4802,33.926,2774.32,1862.455154,307.1571107,116.5232602,0.248070168,NORM
57.78947449,0.043096773,17.1058,36.6332,3119.58,9733.130707,1436.112811,835.0276787,0.05930418,NORM
59.30566826,0.056645162,16.4582,38.5004,1621.68,3337.952225,394.2306023,218.5386461,0.269891566,NORM
58.26315867,0.125161287,16.5108,38.5768,1408.84,4167.804398,366.6201972,186.2995078,0.389658738,NORM
57.64035085,0.071397851,16.539,38.4122,2790.04,4167.804398,366.6201972,186.2995078,0.389658738,NORM
60.47143656,0.053591399,15.3086,39.6552,1418.3,5095.67981,683.3711051,481.7823882,0.137119358,NORM
55.55263138,0.054451612,13.9924,44.9506,1377.28,9591.529037,1684.06532,983.3388583,0.042499111,NORM
63.90598272,0.043526881,14.0932,45.6958,1836.12,13236.00783,1693.257577,1019.931389,0.058012399,NORM
59.93792267,0.040860215,14.4954,44.7298,1903.92,13236.00783,1693.257577,1019.931389,0.058012399,NORM
59.68286171,0.075870967,14.601,44.101,1907.08,13236.00783,1693.257577,1019.931389,0.058012399,NORM
57.02631607,0.039354838,14.4618,42.0696,2496.8,4884.837219,636.8043342,466.6669574,0.151372833,NORM
60.1626194,0.097806449,14.3754,42.5978,1361.52,8750.497086,1056.348336,675.4763072,0.098543568,NORM
60.28789764,0.040172043,13.9396,44.0342,1750.98,8347.484436,1984.021863,941.9671972,0.026648488,NORM
62.89743538,0.036408602,13.4874,44.933,2203.5,6238.14415,862.560892,657.8205578,0.105362421,NORM
62.3931605,0.038838709,13.473,44.7246,2134.12,6221.416183,845.3615981,652.953307,0.109399185,NORM
62.5897438,0.038774193,13.4586,44.7042,2011.14,5963.842911,827.8968773,657.7545296,0.109341133,NORM
59.72334696,0.056086024,12.7318,46.4794,2307.58,1517.006393,502.3466525,221.7025475,0.075542308,NORM
62.60256271,0.042258064,12.8086,46.321,4183.9,8055.48732,1780.554756,1079.182648,0.031929419,NORM
61.66666679,0.043999999,12.8086,46.3898,3630.46,8055.48732,1780.554756,1079.182648,0.031929419,NORM
63.12820638,0.051870968,12.9152,46.0422,2838.96,6656.184509,1322.894398,816.7597863,0.047795264,NORM
63.57179489,0.066903226,12.9968,46.4938,3002.92,15017.24875,1912.31916,1348.064045,0.051603539,NORM
60.36909523,0.065870969,13.016,46.2978,1564.92,3943.386627,493.5752763,310.7479722,0.20341006,NORM
61.34523811,0.050451613,12.654,46.2952,834.88,2807.142532,335.3475248,164.5568868,0.313678042,NORM
60.85897446,0.046967741,12.63,46.3914,784.46,3410.305161,373.6571132,182.714175,0.306942197,NORM
61.71794891,0.078580644,12.534,47.2298,1809.3,4718.566208,568.6947863,297.8493775,0.183341772,NORM
62.37179375,0.057612904,12.558,47.2638,1077.7,5620.563187,809.7332742,539.0773591,0.107722327,NORM
60.80836678,0.062516127,12.5868,47.4038,2473.14,4464.094498,574.8837786,358.4909925,0.169739584,NORM
62.60683721,0.07092473,12.6396,47.3298,1616.98,7574.842453,1461.376283,841.4357622,0.044571716,NORM
60.59649124,0.056279567,12.6732,47.1666,1225.92,3275.066315,383.2415694,185.038954,0.280210718,NORM
60.45748978,0.038064516,12.654,46.8666,1755.72,7571.846725,1102.900652,783.3195527,0.078223797,NORM
53.9692983,0.035419355,18.9466,30.4588,722.94,2820.998718,411.2053543,225.4853926,0.209650176,AROSAL
61.13675257,0.036989248,18.2854,31.5556,640.96,1878.760422,311.4385139,119.2887886,0.243408999,AROSAL
62.85897484,0.058451613,17.32,33.391,574.74,3328.953125,379.5090804,217.4716718,0.290451217,AROSAL
62.48718033,0.058903224,16.5536,34.5228,352.38,3846.023849,356.6492221,178.9691705,0.379961221,AROSAL
60.64102529,0.071526879,15.4092,37.6308,655.12,4861.897507,619.6342098,408.1222831,0.159127372,AROSAL
61.28205185,0.035806453,15.4044,37.643,688.24,5098.316467,653.6821276,450.8537343,0.149935141,AROSAL
62.8461525,0.039225806,15.4092,37.3796,506.92,5156.367706,663.4001636,497.9882211,0.14723213,AROSAL
56.8939785,0.040361289,15.0076,37.731,751.32,8732.76442,1079.859067,809.5463884,0.094108196,AROSAL
61.25641022,0.039612903,14.8496,37.9908,732.4,8248.863266,1026.229527,792.8596631,0.09842716,AROSAL
61.84615402,0.039225807,14.026,40.701,563.7,15257.61072,2148.204367,1206.308293,0.041547529,AROSAL
61.37179604,0.044387095,14.0164,40.7822,538.48,4872.688278,1043.19682,826.3518254,0.056265993,NORM
62.12820663,0.046064516,13.5748,41.873,530.58,1489.898544,249.5795553,128.1958466,0.300572018,NORM
64.09401754,0.044043011,13.5556,41.5672,533.76,1318.482986,216.1865556,114.2426942,0.354508808,AROSAL
58.31578903,0.044967741,13.4778,41.8746,815.96,8055.48732,1780.554756,1079.182648,0.031929419,AROSAL
60.19770508,0.038580645,13.3866,42.2052,530.58,9432.126877,1044.663553,702.7801449,0.108609199,AROSAL
61.23076897,0.080838709,13.2186,42.9296,412.3,10152.10281,1207.715101,949.8801924,0.087465519,AROSAL
65.44230804,0.059032258,13.088,43.386,599.94,4275.976349,538.3978222,320.9647876,0.185369624,AROSAL
64.60683924,0.050795698,12.92,43.366,308.28,2977.948807,338.6455689,174.7546881,0.326314443,AROSAL
57.86234741,0.045935483,12.891,43.6388,871.16,3716.819138,423.6329204,217.7130861,0.260256682,AROSAL
62.16239421,0.045505376,12.8518,43.9352,614.16,4718.566208,568.6947863,297.8493775,0.183341772,NORM
62.57692261,0.036580643,12.847,44.4046,369.76,3110.599396,365.0318009,175.7330374,0.293354359,AROSAL
63.78143819,0.037032258,12.8518,44.1296,372.92,2919.848663,348.598277,154.0203088,0.301939363,AROSAL
64.19230728,0.05716129,12.8662,43.9808,549.5,2777.020187,344.8631674,158.8385859,0.293423758,AROSAL
63.99999847,0.053548386,12.896,44.047,437.52,2828.504593,610.8027081,255.2299657,0.095271904,AROSAL
63.86446991,0.061870968,12.896,43.7522,445.42,9166.396271,1036.223396,833.8711306,0.107275786,AROSAL
61.75641022,0.049483869,12.896,43.7838,462.78,9118.392258,1037.061032,826.0110349,0.106541671,AROSAL
57.56140264,0.037763441,13.1898,47.7352,1992.24,9013.399063,1675.893605,845.2877782,0.040327897,NORM
65.03663101,0.049548386,13.1466,47.4816,2042.66,9013.399063,1675.893605,845.2877782,0.040327897,NORM
61.95726318,0.038107526,12.5964,49.9884,5273.44,5296.423126,694.9198023,481.2536652,0.137823464,NORM
60.2550602,0.033161292,12.582,49.1994,4368.4,6330.478516,986.1318297,729.5622865,0.08180436,NORM
57.81578941,0.058838711,12.509,49.6448,4131.86,4417.621124,586.5790095,395.1899173,0.161341204,NORM
62.69408951,0.032387096,12.364,49.9014,1733.66,6376.82515,1019.782999,623.0030918,0.077054648,NORM
61.0445343,0.031741935,12.258,50.8794,2484.16,8780.663574,1053.738199,824.8364676,0.099373767,NORM
62.11538506,0.034258064,11.977,50.9078,4243.82,8522.591888,1023.716115,766.8836055,0.102193312,NORM
58.93072421,0.037096774,11.953,50.959,4576.52,8515.145874,1107.835443,811.5399868,0.087186942,NORM
63.46963425,0.034021504,11.9434,51.007,4237.5,9427.63826,1186.571952,872.4914295,0.084144284,NORM
64.99023336,0.034124731,11.807,52.0298,3004.48,6238.14415,862.560892,657.8205578,0.105362421,NORM
61.37179489,0.047741936,11.555,53.9684,2690.72,5866.321075,806.8020082,616.9755003,0.113250923,NORM
62.04786428,0.043225804,11.195,53.8914,2999.78,1333.285522,229.3176493,117.8933952,0.318609019,NORM
62.11111094,0.041634407,10.883,54.868,2400.58,9113.978561,1037.884575,833.2960575,0.106321171,NORM
62.96947467,0.046021505,10.79,56.1418,2742.76,4197.941727,530.6125166,319.3865182,0.187366217,AROSAL
59.78362465,0.035290322,10.702,56.0984,3386.08,24853.95938,2326.113195,900.5801814,0.057722317,NORM
69.08075119,0.038086022,10.663,57.047,2146.76,24843.627,2368.523703,1203.375674,0.055650541,NORM
60.82861099,0.032903226,10.692,56.4912,2350.16,4528.619247,639.2883701,412.3505231,0.139245787,AROSAL
62.47008349,0.159290322,10.643,56.746,1987.48,7076.028961,863.7342042,524.686098,0.119189838,NORM
62.08974304,0.037806451,17.577,38.4566,3321.44,3037.521652,434.7511214,220.2220114,0.201951845,NORM
65.32775714,0.038817204,17.301,38.7764,3217.36,2741.352905,403.526802,223.8515479,0.211558286,NORM
63.15384445,0.040258063,15.6096,42.1188,3286.74,2644.737762,391.6634903,176.4151598,0.216653795,AROSAL
60.4244751,0.036129033,14.6106,45.1644,5044.82,9125.151688,1508.592971,968.7946241,0.050385526,NORM
55.4078949,0.036464516,13.8148,46.236,4106.64,4042.222351,363.5939909,185.7937327,0.384234776,NORM
56.71929906,0.034589248,13.8148,46.3294,4660.12,4042.222351,363.5939909,185.7937327,0.384234776,NORM
61.35155182,0.035419355,13.7236,47.5194,3496.46,4600.112015,392.3431801,177.7853186,0.375531226,NORM
59.65452042,0.03567742,13.6804,46.767,3103.84,5370.425385,704.8751874,497.3829182,0.135829501,NORM
59.24797592,0.066193547,13.6612,46.6344,3149.54,5943.269852,959.8439266,700.9478286,0.081065128,NORM
52.86363636,0.036516129,13.6084,46.4406,3081.76,12775.35063,1692.20196,998.6417822,0.056063255,NORM
60.26180801,0.035096774,12.876,48.035,7258.58,5441.59816,722.9915833,476.1430697,0.130818706,NORM
61.32388865,0.04,12.9104,47.8046,6624.74,11160.97964,1877.578301,1055.607062,0.039784698,NORM
63.23931618,0.033247312,12.9248,47.4902,6733.52,10718.6013,1719.795777,1004.638214,0.045540126,NORM
61.40598335,0.033139784,12.703,48.0558,6213.18,4814.882645,615.9570041,407.1879383,0.159475794,NORM
58.57624893,0.031458064,12.582,49.6728,3337.22,7329.381851,1265.027402,791.722092,0.057554243,NORM
56.34736949,0.039019355,17.0676,35.0744,2266.58,2819.8246,409.6901478,229.0161324,0.211115888,AROSAL
60.50000038,0.045806451,16.401,37.4622,2906.76,3500.370682,757.504976,364.9415686,0.076657195,NORM
58.15789528,0.046645162,15.1222,40.2486,2941.42,3757.950974,543.5904833,323.96712,0.159814906,NORM
54.88157845,0.043161291,14.84,40.855,2337.54,9013.399063,1675.893605,845.2877782,0.040327897,NORM
56.04385974,0.074946234,14.002,43.4504,5180.42,5943.269852,959.8439266,700.9478286,0.081065128,NORM
60.47435989,0.075483873,13.5988,44.9718,4888.72,11950.82747,2132.357152,1188.896792,0.033028431,NORM
60.18758469,0.05195699,13.5556,45.398,5144.16,10718.6013,1719.795777,1004.638214,0.045540126,NORM
60.39451294,0.049268815,13.57,45.4684,5011.7,9850.502518,1617.723968,1013.848229,0.047299812,NORM
60.94017029,0.043483869,13.5988,45.4846,4895.0,4618.562149,595.1621563,398.4695409,0.163849847,NORM
57.39473724,0.038774193,13.81,44.3832,2153.04,8952.23645,1055.240936,828.4957104,0.101027161,AROSAL
61.21255226,0.04980645,13.5796,44.9756,4327.38,8800.655106,1124.69553,840.3448591,0.087428883,NORM
61.84345462,0.053440859,13.4922,45.09,2816.86,6122.567093,837.4425163,643.6262038,0.109706764,NORM
57.87494354,0.039956989,13.497,44.884,2730.16,6077.39389,834.5599789,626.7353843,0.109650885,NORM
56.97705866,0.057268817,13.377,45.607,2030.06,5994.397171,830.1933371,613.9162175,0.109294144,AROSAL
59.40890656,0.049677418,13.473,45.05,2900.44,5755.126572,807.2608256,616.0813745,0.110978024,AROSAL
57.15789566,0.047032256,13.401,45.2662,2996.64,1615.315674,265.2694879,88.72415192,0.288464699,NORM
58.78677483,0.045935483,13.401,44.8538,3510.64,1379.906677,242.9330804,91.1183656,0.293823323,NORM
56.53289452,0.068709678,13.3482,45.0408,2820.04,1609.71965,271.4987768,148.4980307,0.274425431,NORM
61.97435799,0.062064516,13.1122,44.9246,3365.58,6370.26326,1796.943568,1112.196108,0.024791247,NORM
57.88596484,0.077376345,12.968,46.2412,1985.94,9499.346558,1052.575491,698.4072298,0.107744991,AROSAL
57.49662704,0.051870966,12.992,45.927,2772.72,11673.16156,1467.096304,995.0679781,0.068152394,NORM
60.71480064,0.05660215,13.0112,46.2594,2490.48,4362.693497,548.2920135,320.3156759,0.182364679,NORM
62.77350438,0.03535484,12.9968,45.4474,1676.88,4136.27388,549.0942909,342.4609036,0.17239525,AROSAL
56.82456258,0.068774191,12.871,46.1672,2220.84,3654.836548,454.7891603,260.3192185,0.222053495,NORM
61.89743652,0.054537634,12.8038,46.7116,1836.1,3410.305161,373.6571132,182.714175,0.306942197,NORM
60.10503947,0.062688173,12.7654,46.7006,2829.48,3716.819138,423.6329204,217.7130861,0.260256682,NORM
64.37362569,0.060430109,12.7174,46.6698,2987.12,19500.59773,1608.75544,865.5919675,0.094684247,AROSAL
63.15384636,0.049419354,12.7462,46.5866,2342.26,15597.04939,1552.688077,955.634984,0.081298751,AROSAL
61.73684235,0.064774192,12.7558,46.4576,2356.44,15617.73747,1553.24724,934.7435033,0.081347985,AROSAL
59.10188828,0.042838708,12.514,47.0662,2933.54,4868.130966,694.1605692,446.2188299,0.126955709,NORM
60.90215836,0.047677418,12.509,47.1276,2722.24,4831.125122,672.9870117,417.5742879,0.134043199,NORM
58.43274829,0.037096774,12.514,47.3258,946.84,7644.66304,1110.231687,812.9986125,0.077936514,NORM
59.50067444,0.043698923,12.509,47.3374,1169.16,7644.66304,1110.231687,812.9986125,0.077936514,AROSAL
61.79487152,0.068709677,12.413,47.7274,1158.12,4073.579498,960.5526546,716.66562,0.055480927,NORM
57.52631493,0.03851613,12.3304,48.0688,1512.88,17041.38597,1335.939718,579.3515015,0.119988895,AROSAL
58.03576241,0.044903226,15.9102,39.0086,2883.06,3251.924301,616.50364,355.9280066,0.107517461,NORM
59.04385986,0.073806449,15.724,39.258,2845.26,2847.350021,655.170278,326.5109751,0.083357052,NORM
60.32456245,0.147483867,15.6904,39.107,3077.04,1888.850494,308.7390199,117.3497605,0.249014368,NORM
57.8,0.055956991,15.4994,38.9454,2966.66,1813.676529,434.7555549,256.4953891,0.120581149,NORM
59.09851507,0.042589247,14.457,42.5944,1967.0,3373.962418,380.0720645,226.1179482,0.293506825,NORM
61.08951899,0.038537634,14.026,43.8558,2512.54,9013.399063,1675.893605,845.2877782,0.040327897,NORM
54.43859609,0.033806453,13.257,45.879,4477.2,13236.00783,1693.257577,1019.931389,0.058012399,NORM
58.49999886,0.036967741,12.9104,45.9788,2269.72,8650.410263,1059.449695,800.9415447,0.096846937,NORM
59.62213287,0.034064515,12.751,45.772,2142.02,5850.728317,809.6131034,616.8713002,0.112166906,NORM
61.77831665,0.036408603,12.63,46.8388,3023.4,5631.064926,1023.553764,797.4678436,0.067542803,NORM
58.05128148,0.038537634,12.2872,48.532,1941.78,16591.36649,1998.945721,1411.778082,0.052178311,NORM
60.59941406,0.079053764,12.3208,48.3946,2135.7,17057.49397,1989.204072,1469.373424,0.054170945,NORM
59.56949921,0.043290322,12.4274,47.4202,3493.3,9960.058334,1082.169418,753.3324504,0.106876256,NORM
63.42856979,0.070709676,12.437,47.285,3868.56,3821.625046,488.4375065,314.054573,0.201298217,NORM
61.78879967,0.052129032,12.437,46.8324,3223.66,10950.02054,1581.991381,481.3748679,0.054981498,NORM
60.84345627,0.029987095,12.34,47.4212,3329.32,17041.38597,1335.939718,579.3515015,0.119988895,NORM
67.1556778,0.039397849,12.3208,47.7772,3159.02,17981.47408,1597.57397,858.1502055,0.088534636,NORM
62.8004158,0.03632258,12.364,46.625,2178.28,3204.229996,371.2861669,177.3794121,0.292089542,NORM
64.92124685,0.034107528,12.4082,46.0904,1400.96,2749.891663,346.8845091,162.9280458,0.287180956,NORM
64.00732638,0.032430108,12.292,45.684,3893.78,7644.66304,1110.231687,812.9986125,0.077936514,NORM
61.69230843,0.035483871,12.1518,46.573,1516.02,9206.565109,1037.147784,829.7462244,0.107553911,NORM
57.62145767,0.02916129,12.1516,46.517,2220.84,9441.705139,1046.023229,686.5131999,0.108437036,NORM
62.02564049,0.04283871,15.366,60.5836,32280.1,3357.720444,472.1600507,259.2200387,0.189267446,AROSAL
57.0179657,0.045741935,15.748,59.316,32280.1,2843.716171,413.7934294,213.8970911,0.208703115,AROSAL
62.87863846,0.065741935,16.606,57.8236,28371.32,2707.192215,398.3641821,206.0868118,0.214372163,AROSAL
61.07692261,0.06129032,16.7488,57.0272,32280.1,2600.044525,386.0026595,187.8193455,0.219285571,AROSAL
61.71794968,0.060129031,16.863,56.504,32280.1,2590.11734,385.4414932,219.0401255,0.219084863,AROSAL
60.89743576,0.040838708,18.2284,51.616,32280.1,3647.832947,452.547466,284.2769379,0.223829091,AROSAL
63.17948685,0.040709676,18.3804,49.3364,5976.7,9764.52739,1459.58495,900.288343,0.057597328,AROSAL
60.87531395,0.038951612,18.0284,51.8566,4467.72,3494.806427,359.7154939,209.7493542,0.339402237,AROSAL
62.26068166,0.042709678,17.5244,53.4728,3971.04,5095.67981,683.3711051,481.7823882,0.137119358,AROSAL
54.37200893,0.038258064,17.3818,53.9506,3799.16,5943.269852,959.8439266,700.9478286,0.081065128,AROSAL
60.67948723,0.038516128,17.2912,53.87,4051.44,5598.7061,767.0898087,487.2883081,0.119565286,AROSAL
59.50697225,0.041290322,17.0484,54.0564,5115.78,4814.882645,615.9570041,407.1879383,0.159475794,AROSAL
58.3036424,0.052688173,16.892,55.2884,2520.46,8523.879425,1056.487831,648.7110516,0.09596617,NORM
57.4682869,0.035225807,16.8488,55.5386,3025.0,8796.603455,1069.331132,820.9213937,0.096671945,NORM
60.21862373,0.038451613,16.844,55.6052,2578.8,8732.76442,1079.859067,809.5463884,0.094108196,AROSAL
61.30769068,0.038795699,16.9246,55.2264,5517.84,10659.13885,1721.501699,1254.957908,0.045197777,NORM
62.897435,0.043290322,16.82,56.3816,2807.42,5963.842911,827.8968773,657.7545296,0.109341133,AROSAL
56.78340034,0.036580646,16.796,55.7934,3226.84,6041.190689,833.6225665,631.970195,0.109242966,AROSAL
65.4496315,0.084322579,16.801,56.1656,3234.72,5851.256027,821.5335156,634.2568582,0.108945274,AROSAL
63.01317546,0.069118281,16.7914,56.3954,6284.14,1676.187531,276.4149939,103.187715,0.275682549,AROSAL
61.99999924,0.038709677,16.796,56.3412,2017.46,1570.02037,260.8942064,84.20423509,0.289858661,AROSAL
52.578125,0.038709677,16.606,55.1304,1702.1,1654.911255,438.8496859,156.8501489,0.107982404,AROSAL
63.87179642,0.041935485,16.0484,56.6902,3223.68,1402.522552,238.8209825,119.2723468,0.309011581,NORM
62.83516426,0.051741935,16.5106,54.8536,27810.0,9156.371765,1037.928879,831.7025723,0.1068066,AROSAL
59.28609962,0.037548386,16.6678,54.0378,2476.28,9441.705139,1046.023229,686.5131999,0.108437036,AROSAL
62.48718135,0.045806451,16.677,53.4626,2592.96,11673.16156,1467.096304,995.0679781,0.068152394,AROSAL
62.80702019,0.041999999,16.6586,53.5884,7788.38,6457.314331,989.0805555,611.5189345,0.082946576,AROSAL
62.21709524,0.04,16.677,53.9534,4196.52,3984.659546,495.5549768,293.4887624,0.203900082,AROSAL
62.28205109,0.044258063,16.5676,54.7334,3562.66,3985.707047,538.6806117,335.3146808,0.172604673,AROSAL
62.37217865,0.037677419,16.582,55.5174,2933.54,3778.494003,533.7465931,333.6442557,0.166670358,AROSAL
60.41655375,0.042580644,16.4822,55.4296,3810.2,2851.547867,347.3789289,166.9544604,0.296950176,NORM
61.65384636,0.056387094,16.487,54.7398,3277.28,2805.189575,334.2904668,170.119245,0.315445326,AROSAL
64.0897438,0.042387095,16.4198,54.9258,3286.72,3410.305161,373.6571132,182.714175,0.306942197,AROSAL
60.15870514,0.039032258,16.344,54.1688,2449.46,3410.305161,373.6571132,182.714175,0.306942197,AROSAL
63.69230881,0.035548387,16.1866,54.2622,4500.84,16625.87091,1552.485608,915.0496458,0.086684032,AROSAL
63.39407781,0.043935484,16.487,53.883,7085.14,4584.809998,595.9627486,365.3529883,0.162215735,AROSAL
63.68955994,0.037741934,16.5248,54.023,6880.18,6875.125809,842.3810794,544.137484,0.121751216,AROSAL
66.11355286,0.04,16.4582,53.9768,7074.1,4315.973145,617.5874652,361.7228827,0.142197399,AROSAL
62.85897484,0.035935484,16.582,53.6878,5224.56,3405.412109,640.415243,436.1705499,0.104341294,AROSAL
64.87179565,0.037032259,16.9294,53.2152,4811.48,12691.43449,1883.837832,1462.866856,0.04494005,AROSAL
67.533579,0.092473114,16.9294,52.4762,4839.84,13148.63513,1900.656089,1476.362901,0.045738662,AROSAL
64.92857094,0.06464516,16.9202,52.5858,5640.84,16247.91142,1998.296898,1179.968997,0.051131364,AROSAL
60.10188942,0.036387097,17.0534,52.956,32280.1,9129.733887,1051.074084,832.7687846,0.103848763,AROSAL
61.41025696,0.049032257,22.8528,30.3888,1156.54,3357.720444,472.1600507,259.2200387,0.189267446,NORM
58.36707052,0.038537634,22.5946,31.0578,1620.12,3263.18988,462.2215702,239.6852709,0.191933946,AROSAL
60.9846167,0.047440859,22.2928,31.6202,1061.96,3086.786118,440.967858,230.8523117,0.199481457,AROSAL
59.9568161,0.052580644,22.0154,32.263,1516.04,2843.716171,413.7934294,213.8970911,0.208703115,AROSAL
63.59523926,0.062129033,21.8766,32.9762,2025.36,2543.278412,385.0618856,175.3072261,0.215547357,AROSAL
60.86167297,0.043225806,21.7478,33.0242,1307.92,2571.111496,405.5176619,205.3414032,0.196476777,AROSAL
65.45512772,0.078709677,21.891,32.5916,5749.64,9125.151688,1508.592971,968.7946241,0.050385526,AROSAL
66.05586243,0.042258062,21.9438,32.6164,2861.04,9493.668137,1410.784176,824.9203824,0.05994083,AROSAL
61.48717906,0.040817203,21.915,32.2676,1738.36,3373.962418,380.0720645,226.1179482,0.293506825,AROSAL
61.01037801,0.040236558,21.9438,32.2368,1883.42,3822.274765,492.8174673,290.6805442,0.197769621,AROSAL
54.52302704,0.046064516,20.6648,34.7308,2105.76,4167.804398,366.6201972,186.2995078,0.389658738,AROSAL
54.86858978,0.044064515,21.127,34.5498,692.96,5315.946228,696.6753215,475.4245799,0.137635223,AROSAL
60.98717918,0.046709677,20.96,34.2766,754.48,5391.870239,733.6308862,486.236393,0.125890826,AROSAL
59.33063316,0.049741934,21.103,34.5808,950.0,9591.529037,1684.06532,983.3388583,0.042499111,AROSAL
61.52798704,0.051096774,21.0032,35.1588,1487.66,7993.362518,1109.534424,680.5659086,0.081593923,AROSAL
56.01973677,0.074580645,21.0744,35.2176,1011.48,5805.36705,808.2310013,629.5994365,0.111678234,AROSAL
61.07692223,0.09483871,20.9552,35.9832,1448.28,1379.906677,242.9330804,91.1183656,0.293823323,AROSAL
56.87019196,0.041870968,20.936,36.06,1452.98,1471.960663,342.168934,172.1238536,0.157988296,AROSAL
54.36842117,0.047569892,20.96,36.3584,1451.42,1517.006393,502.3466525,221.7025475,0.075542308,AROSAL
56.78947525,0.082838709,21.127,35.2758,2239.78,1469.296646,215.8297512,117.685093,0.396366308,AROSAL
57.61403427,0.063827954,21.2038,34.6364,2249.22,1743.673645,240.4385509,126.0600254,0.379024134,AROSAL
65.83577372,0.069225803,21.3372,32.5022,1736.8,9078.460266,1034.706327,822.6372752,0.10655844,AROSAL
60.68556137,0.076000002,21.3516,33.2072,1421.44,9118.392258,1037.061032,826.0110349,0.106541671,AROSAL
55.97368393,0.105548382,21.0934,33.3626,1773.06,9537.968124,1047.806681,687.5577292,0.109170024,AROSAL
63.0,0.071741934,21.3708,34.5138,1817.22,10270.00999,1157.180522,792.3228187,0.096378131,AROSAL
66.89224828,0.064043007,21.413,35.1586,1806.16,4474.817017,563.749859,369.5893239,0.17693439,AROSAL
62.32051239,0.061354836,21.366,34.4868,1445.1,4105.337082,543.2602935,339.0356572,0.174800535,AROSAL
62.68970489,0.051870967,21.2228,35.4168,4193.36,2945.576035,357.800172,176.4977813,0.289133898,AROSAL
60.90225512,0.048172043,21.3564,35.9828,2599.3,2902.955765,334.0011657,175.670605,0.327004943,AROSAL
57.56005478,0.044748386,21.676,33.7608,2629.24,24853.95938,2326.113195,900.5801814,0.057722317,AROSAL
60.13090439,0.046838708,21.7528,34.5694,2914.62,18078.0144,1291.282354,551.5238679,0.136244243,AROSAL
63.79914716,0.050602148,22.5322,32.8756,2231.9,2777.020187,344.8631674,158.8385859,0.293423758,AROSAL
63.91453196,0.039053762,22.4794,32.7174,2050.56,2744.233139,352.0367962,168.0556319,0.278262542,AROSAL
62.26922989,0.048645159,22.4794,32.6642,2138.88,7644.66304,1110.231687,812.9986125,0.077936514,AROSAL
65.30219676,0.046838709,22.5946,32.9544,2042.7,7644.66304,1110.231687,812.9986125,0.077936514,AROSAL
63.83608093,0.041096774,22.5994,32.1812,2525.16,4073.579498,960.5526546,716.66562,0.055480927,AROSAL
61.5897438,0.038580645,22.585,31.7794,1213.3,9082.113083,1036.312399,826.765688,0.10627115,AROSAL
61.12820473,0.042387097,17.8814,41.3612,1208.6,2777.109253,406.9191399,217.3479957,0.210759225,NORM
53.375,0.042838709,17.272,42.3794,1164.44,2741.352905,403.526802,223.8515479,0.211558286,NORM
59.73009491,0.043716128,16.7776,43.1754,1516.04,4766.62056,767.7915221,466.7505966,0.101609385,NORM
59.91093101,0.064387095,16.1916,44.6518,8447.44,9125.151688,1508.592971,968.7946241,0.050385526,NORM
61.47435913,0.063161292,16.263,44.9446,8928.36,9558.533142,1422.183152,831.5117327,0.059386818,NORM
59.23009453,0.054387094,16.7298,44.6346,9164.86,3550.262558,357.5479059,210.805739,0.348981061,NORM
53.0,0.043612903,17.3582,43.8092,8756.48,3292.447952,375.7315932,213.9085798,0.293071343,NORM
61.84615326,0.042838709,17.7148,42.1236,1323.7,3391.124741,429.2304026,255.5893533,0.231298426,AROSAL
53.4375,0.04116129,17.677,42.196,614.16,12775.35063,1692.20196,998.6417822,0.056063255,NORM
53.12980766,0.043548387,17.7102,41.7906,737.12,13236.00783,1693.257577,1019.931389,0.058012399,NORM
58.85222626,0.040580645,17.534,41.9624,3411.3,11950.82747,2132.357152,1188.896792,0.033028431,NORM
57.02631607,0.038709677,16.9822,44.1328,3111.72,8650.410263,1059.449695,800.9415447,0.096846937,NORM
57.59775019,0.053634409,16.9246,43.8024,3231.56,8650.410263,1059.449695,800.9415447,0.096846937,NORM
61.86289001,0.043440859,16.8726,43.5934,4377.86,8597.709091,1061.741792,799.2538515,0.095841761,NORM
63.12409236,0.090021498,16.868,43.7958,4664.82,6296.003403,865.08582,667.2235825,0.105719824,AROSAL
60.80512711,0.039251612,16.9198,44.7146,1736.8,5851.256027,821.5335156,634.2568582,0.108945274,NORM
61.28205109,0.038038709,16.963,44.5614,1820.36,5862.918167,818.2130973,633.5319899,0.110050202,NORM
60.25595996,0.039903225,16.8104,44.4734,1033.58,5898.029831,805.2291772,608.5450142,0.114308315,NORM
60.98380585,0.039032257,16.8344,44.6158,2187.76,11040.05499,2008.224995,1064.906043,0.034399835,NORM
58.89406153,0.067182795,16.1818,47.492,1970.16,1545.993042,286.3735265,163.7540848,0.236892692,NORM
58.21403625,0.042107527,16.0292,46.6208,879.02,1292.667847,210.7859395,112.1565844,0.365606186,NORM
62.98717842,0.041600001,15.6904,47.1164,6976.36,4073.579498,960.5526546,716.66562,0.055480927,NORM
58.73684133,0.0384,15.3804,48.0132,7104.06,4073.579498,960.5526546,716.66562,0.055480927,NORM
58.2975708,0.039419354,15.294,48.3446,7116.68,4073.579498,960.5526546,716.66562,0.055480927,AROSAL
62.26831512,0.083419356,17.7338,43.6822,6481.26,11673.16156,1467.096304,995.0679781,0.068152394,NORM
65.2603803,0.041010751,18.2286,41.5732,1976.46,3984.659546,495.5549768,293.4887624,0.203900082,NORM
63.32051392,0.049096774,17.344,43.2292,2875.2,8511.565643,1528.975814,418.1186319,0.045752843,NORM
61.79284668,0.043032259,16.7394,44.1862,6200.58,4458.621948,645.5602301,458.2132346,0.134442623,NORM
67.00661367,0.043032257,17.7008,42.2692,6793.44,3168.904755,386.7807528,202.1950329,0.266188532,NORM
65.2283254,0.043397849,18.1902,42.2866,6005.08,3316.072525,501.3046567,272.5678066,0.165817517,AROSAL
65.71977997,0.043225808,18.1856,42.0942,5957.76,6353.474014,1062.927138,800.2617878,0.070666589,AROSAL
56.447369,0.047870967,20.0358,39.4942,7110.36,9102.410034,1038.548068,828.2577504,0.106050582,AROSAL
55.42388799,0.128301076,19.9598,29.9654,1391.48,2875.740128,418.7393443,220.670666,0.20609714,AROSAL
62.05982768,0.191139781,17.9666,33.7728,1424.58,5457.617554,701.2222249,477.7090253,0.139476685,AROSAL
54.65,0.066774194,16.787,37.5214,2443.18,8248.863266,1026.229527,792.8596631,0.09842716,AROSAL
56.50877177,0.096559135,16.8776,37.2454,2539.36,8522.591888,1023.716115,766.8836055,0.102193312,AROSAL
55.65789452,0.075354837,16.9152,37.1524,2629.24,8522.591888,1023.716115,766.8836055,0.102193312,AROSAL
60.78812523,0.115483868,16.9106,37.0676,3387.66,8522.591888,1023.716115,766.8836055,0.102193312,AROSAL
59.47278468,0.156301077,16.5202,37.0538,1076.14,9267.88002,1151.966127,841.1082487,0.087762876,AROSAL
59.04588369,0.155677417,16.506,37.227,1434.04,9388.188248,1957.138648,1078.628029,0.03079984,AROSAL
61.64035149,0.103806452,16.63,37.1426,1634.28,5851.256027,821.5335156,634.2568582,0.108945274,AROSAL
57.00657883,0.11380645,16.7634,37.4214,5680.26,1615.315674,265.2694879,88.72415192,0.288464699,AROSAL
60.43893461,0.111354837,16.9012,38.5792,4228.06,1654.911255,438.8496859,156.8501489,0.107982404,NORM
52.71546049,0.13187097,16.8632,38.5174,3871.72,1274.667603,341.5337946,186.6845355,0.137321787,AROSAL
60.81781311,0.113935482,16.9774,37.2362,3803.92,1609.71965,271.4987768,148.4980307,0.274425431,AROSAL
57.65789413,0.125935485,16.9534,37.2924,3567.4,1542.962814,260.1753731,148.8361342,0.286439529,NORM
60.66666565,0.082129034,16.9774,37.0938,6970.04,8055.48732,1780.554756,1079.182648,0.031929419,NORM
59.19230919,0.087720428,17.1108,36.6468,7209.68,6370.26326,1796.943568,1112.196108,0.024791247,AROSAL
60.08636894,0.126064518,17.6146,35.7534,6016.1,9522.91716,1048.199109,686.2211806,0.108916154,NORM
61.99257812,0.094451614,17.8478,35.0128,4749.98,10270.00999,1157.180522,792.3228187,0.096378131,AROSAL
66.67033081,0.115096776,17.9196,35.2352,5516.28,4595.423035,812.0051959,611.4960217,0.087582582,AROSAL
68.75238037,0.11116129,17.8958,35.148,5386.98,4411.402527,553.0118064,355.288211,0.181266582,AROSAL
63.71794853,0.125096773,17.9054,35.5212,5680.24,4162.454361,528.5142436,332.9788452,0.187260404,AROSAL
67.28242849,0.094967744,17.9384,35.42,6035.0,3850.819031,488.9431769,311.3516696,0.202416632,AROSAL
56.16447334,0.109483872,17.9476,35.93,4723.16,4013.301315,538.3952493,319.1261857,0.173983953,AROSAL
65.8598896,0.093741935,17.5724,36.4594,3318.28,3038.244904,340.4630518,170.3685253,0.329376543,AROSAL
61.02563972,0.080516131,18.3616,34.6168,11088.52,5620.563187,809.7332742,539.0773591,0.107722327,AROSAL
60.17813721,0.084903225,19.313,33.826,17838.6,4315.973145,617.5874652,361.7228827,0.142197399,NORM
67.35488281,0.084967742,20.5694,31.623,6281.0,16591.36649,1998.945721,1411.778082,0.052178311,AROSAL
59.25647494,0.094344088,20.0168,31.528,5938.84,4073.579498,960.5526546,716.66562,0.055480927,AROSAL
62.64102631,0.047935483,20.6456,31.7226,861.72,3357.720444,472.1600507,259.2200387,0.189267446,NORM
61.28205109,0.044619355,20.0502,32.738,1088.74,2789.326645,449.7705602,207.8368013,0.173271522,NORM
60.24966329,0.06356989,19.2082,34.395,8811.66,3616.447052,492.0162571,299.2954948,0.187729736,NORM
54.80921021,0.047225806,20.0406,33.9068,8792.76,3796.511719,359.2821896,200.3579607,0.369592569,NORM
52.8125,0.050580646,20.1264,33.763,8803.78,3854.645172,362.6299822,194.8982936,0.368355241,NORM
62.85897369,0.04716129,20.65,32.2016,1028.84,3337.952225,394.2306023,218.5386461,0.269891566,NORM
52.96875,0.045135484,20.2506,33.2462,612.58,10653.80118,1686.091908,976.0412903,0.047092524,NORM
65.99316228,0.059182797,19.9408,33.6072,1255.9,5437.064026,701.3687895,476.6469082,0.138893346,NORM
64.59615555,0.045870967,20.031,32.9346,5388.58,6330.478516,986.1318297,729.5622865,0.08180436,NORM
65.92307892,0.045290322,19.9884,32.7192,5607.7,11950.82747,2132.357152,1188.896792,0.033028431,NORM
66.82142944,0.055741933,19.7934,32.953,2449.48,9850.502518,1617.723968,1013.848229,0.047299812,NORM
61.68375982,0.044068818,19.8788,32.643,1631.14,4538.606094,584.9579423,395.0608779,0.166679839,NORM
65.01282043,0.049032257,19.2748,34.1848,3392.4,8650.410263,1059.449695,800.9415447,0.096846937,NORM
62.94016978,0.045264516,19.2604,35.1356,3961.6,8800.655106,1124.69553,840.3448591,0.087428883,NORM
63.62881571,0.043913978,19.3794,34.1878,1886.58,5907.913498,812.1764977,621.5753519,0.112549393,NORM
61.95726446,0.055311828,19.2222,34.4556,2466.82,5959.535309,808.0409063,613.6837096,0.114697927,NORM
62.02879003,0.051311827,19.0654,33.9476,1049.32,1631.56221,268.0293629,88.83934486,0.285396573,NORM
56.62719307,0.041612902,18.8132,35.4266,1071.42,1471.960663,342.168934,172.1238536,0.157988296,NORM
60.41025658,0.042193549,18.3476,36.3278,2731.74,1580.254181,265.2187749,148.694257,0.282311314,NORM
60.63900223,0.093999999,18.4044,35.753,975.22,1387.820175,236.2008809,120.4230331,0.312593566,NORM
61.56410255,0.046,19.7364,33.5752,8420.66,9206.565109,1037.147784,829.7462244,0.107553911,NORM
66.72619019,0.059505377,20.4646,32.2182,9525.94,9858.853302,1050.883095,798.8614922,0.112183105,NORM
58.86215566,0.04351828,21.1126,30.6502,1282.7,3767.352539,474.554767,269.2369653,0.210219716,AROSAL
63.31296349,0.04772043,21.0604,30.7658,1359.94,3654.836548,454.7891603,260.3192185,0.222053495,NORM
62.27350489,0.046451611,20.951,30.9632,1607.5,3623.139084,456.1576986,269.0661877,0.218808834,NORM
64.32478511,0.049126881,20.5742,31.956,1817.2,2881.185837,353.6744402,169.1822756,0.289450154,NORM
62.28205109,0.043870969,20.555,32.0402,1254.32,2851.547867,347.3789289,166.9544604,0.296950176,NORM
61.46918589,0.0452043,20.2314,32.1314,1698.96,23482.20082,2336.241711,921.2115389,0.054064615,NORM
64.66682065,0.047337635,20.3976,32.2458,4343.14,21907.54071,1700.78295,890.2854022,0.095171235,NORM
69.59230576,0.081999999,20.3742,32.2768,5757.5,16580.3914,1556.479507,939.2357943,0.086003837,NORM
67.69963557,0.043483872,20.198,32.367,3874.88,16523.87279,1552.580081,913.1134234,0.086141749,NORM
60.90225665,0.042129033,20.3312,32.5646,2618.18,15484.30011,1554.581609,962.9173018,0.080514554,NORM
58.36842155,0.044361291,20.5982,32.8276,3091.22,11641.59657,1541.89134,961.3621988,0.061533961,NORM
65.10622711,0.044903226,20.8936,32.562,8292.94,7574.842453,1461.376283,841.4357622,0.044571716,NORM
63.30769272,0.046451611,21.3658,31.5396,4965.98,3168.904755,386.7807528,202.1950329,0.266188532,NORM
60.8137661,0.045858064,22.326,29.9352,5584.06,7644.66304,1110.231687,812.9986125,0.077936514,NORM
60.03785197,0.050666666,22.307,29.1336,10107.8,4073.579498,960.5526546,716.66562,0.055480927,NORM
64.51221263,0.047806449,22.1684,29.472,8490.02,2796.82193,712.1695443,371.8552966,0.069295955,NORM
64.48534813,0.047483869,22.1396,29.8186,8871.58,9156.371765,1037.928879,831.7025723,0.1068066,NORM
64.30769516,0.048709677,22.336,27.6186,1214.88,3003.228561,432.1739949,231.0828473,0.202060298,NORM
57.36841965,0.043806453,21.2652,30.0478,1367.82,3003.228561,432.1739949,231.0828473,0.202060298,NORM
55.3947361,0.044580645,21.1606,30.2466,1378.86,2920.837875,423.6434831,220.6520392,0.204510804,NORM
64.18589859,0.055935486,20.055,32.3608,2227.16,2521.692581,378.8448681,187.0156778,0.220789892,NORM
60.20300713,0.183290322,19.5648,32.5688,5021.18,3723.524338,459.3934846,292.6922277,0.221714654,NORM
66.81044083,0.046709679,20.055,31.89,7406.78,8768.522034,1442.654309,858.2146681,0.052943385,NORM
63.34798393,0.099999998,20.3598,31.445,7763.14,3328.953125,379.5090804,217.4716718,0.290451217,NORM
64.10256551,0.083784944,20.5454,31.541,6610.54,3464.096512,403.9707314,230.7028145,0.266747308,NORM
63.81135712,0.062967743,20.9412,30.6688,9685.2,4167.804398,366.6201972,186.2995078,0.389658738,NORM
58.14844742,0.051419354,21.0412,30.27,7280.68,4600.112015,392.3431801,177.7853186,0.375531226,NORM
59.74853719,0.048967742,20.717,30.7298,7268.04,3379.778198,362.8887869,196.6962656,0.322515778,NORM
64.28632711,0.144387097,21.891,30.348,1826.68,5370.425385,704.8751874,497.3829182,0.135829501,NORM
61.20512924,0.044825807,21.7144,29.2804,987.82,5315.946228,696.6753215,475.4245799,0.137635223,NORM
55.4850882,0.044451613,21.5854,29.5718,472.26,13236.00783,1693.257577,1019.931389,0.058012399,NORM
63.4102562,0.045612903,21.1366,29.9904,1847.18,5362.185455,700.3853764,494.3622931,0.137365463,NORM
65.03662949,0.042967741,20.3028,30.6412,1077.74,4417.621124,586.5790095,395.1899173,0.161341204,NORM
60.07152557,0.044322581,20.7838,30.9888,2870.46,8522.591888,1023.716115,766.8836055,0.102193312,NORM
63.96153768,0.051836558,20.9364,30.1944,5470.56,8580.889771,1029.522064,805.1030405,0.101735113,NORM
61.40688286,0.045225806,21.0032,30.0192,934.22,8515.145874,1107.835443,811.5399868,0.087186942,NORM
62.12820638,0.058580644,21.3468,30.3828,3469.64,6172.852509,858.2275111,647.3474145,0.105315162,NORM
54.1,0.044860215,21.3944,30.4002,1214.9,6221.416183,845.3615981,652.953307,0.109399185,NORM
63.98534813,0.045032258,19.931,31.899,3794.44,1517.006393,502.3466525,221.7025475,0.075542308,NORM
57.59935837,0.043870969,20.3506,31.0848,6722.46,1578.3797,225.0002323,121.0043412,0.391791868,NORM
57.34868393,0.04819355,20.0074,31.1484,6886.46,2113.712585,287.1117067,144.5507027,0.322221115,AROSAL
60.95726458,0.045397849,19.8314,32.0624,7364.22,1578.3797,225.0002323,121.0043412,0.391791868,AROSAL
65.7521375,0.045591397,20.3314,31.8016,6020.84,9118.392258,1037.061032,826.0110349,0.106541671,AROSAL
67.58425064,0.045419354,20.5168,31.5652,8045.36,9447.332275,1044.647468,706.0284778,0.108787637,AROSAL
67.39285507,0.045870967,22.0726,29.4172,3904.82,6065.383636,973.3958526,607.447827,0.080443166,AROSAL
65.8916364,0.046795697,22.202,28.9366,2320.16,6457.314331,989.0805555,611.5189345,0.082946576,AROSAL
56.37911263,0.044903226,21.9006,29.7052,1771.46,3984.659546,495.5549768,293.4887624,0.203900082,AROSAL
62.51281967,0.044903226,21.2322,30.5334,2528.34,2883.640381,353.0781183,163.2523057,0.290676121,AROSAL
57.60526352,0.046838708,21.0794,30.6008,2544.1,3716.819138,423.6329204,217.7130861,0.260256682,AROSAL
62.21390038,0.044516129,20.9124,30.8332,2700.2,24853.95938,2326.113195,900.5801814,0.057722317,AROSAL
64.78632609,0.054494624,21.6568,29.8794,12154.38,5074.70137,701.073936,438.5726257,0.129745622,AROSAL
62.99908371,0.050064516,22.7858,29.5764,9741.94,2755.356079,343.3419087,158.0231052,0.293720299,AROSAL
63.08180669,0.047311826,22.8768,29.3014,10252.82,2749.891663,346.8845091,162.9280458,0.287180956,AROSAL
67.25396729,0.048817203,23.064,29.1278,10810.98,3405.412109,640.415243,436.1705499,0.104341294,AROSAL
66.36996155,0.046623654,23.3664,27.4684,12780.38,13148.63513,1900.656089,1476.362901,0.045738662,AROSAL
66.64102631,0.04729032,23.4772,27.348,7561.32,6656.184509,1322.894398,816.7597863,0.047795264,AROSAL
62.55128212,0.047419352,23.0976,28.1178,9787.68,9537.968124,1047.806681,687.5577292,0.109170024,AROSAL
67.4444458,0.055397849,21.8672,27.6296,817.54,3357.720444,472.1600507,259.2200387,0.189267446,NORM
67.64285812,0.055225807,20.4792,30.5896,555.8,2820.998718,411.2053543,225.4853926,0.209650176,NORM
70.68941956,0.068817204,20.274,30.9052,868.0,4540.392166,770.4824895,384.0148028,0.096112015,NORM
67.19047546,0.043741937,20.2834,30.7732,565.28,1865.179535,437.9570628,250.3884327,0.122198939,NORM
67.49999847,0.045032259,20.2644,30.7914,593.64,2062.058716,431.1079793,252.8914476,0.139424395,NORM
67.50793762,0.044576344,20.1836,30.7976,642.52,2522.818008,545.1415469,360.1489186,0.106678579,NORM
63.86446762,0.070387095,20.2978,30.6074,1077.72,3598.525238,455.0248871,287.8491533,0.218405774,NORM
59.88798981,0.04367312,19.1986,31.9268,598.36,3884.518173,378.1081907,199.847059,0.341440356,NORM
65.5838829,0.042903225,18.913,33.9006,1364.68,8800.655106,1124.69553,840.3448591,0.087428883,AROSAL
56.84210485,0.049720428,18.8084,33.4562,544.76,7318.44281,1311.065339,925.9283054,0.053503215,AROSAL
67.42063649,0.062559142,18.747,33.543,1036.72,6281.440796,848.7348091,649.3137632,0.109578438,NORM
64.97100067,0.044120431,18.723,33.3038,927.92,5963.842911,827.8968773,657.7545296,0.109341133,NORM
65.22893677,0.043225808,18.652,33.5146,691.4,2180.319626,511.524486,339.7093783,0.104712173,NORM
64.68925629,0.042096773,18.604,34.1082,401.26,1402.522552,238.8209825,119.2723468,0.309011581,NORM
64.21794891,0.045058062,18.604,33.8782,380.8,1318.482986,216.1865556,114.2426942,0.354508808,NORM
71.82222214,0.042451612,18.5992,33.6676,1213.34,9645.646957,1306.610612,815.6503042,0.070998449,NORM
61.31620801,0.042064517,18.5282,33.7794,525.84,9447.332275,1044.647468,706.0284778,0.108787637,NORM
68.03174438,0.042311827,18.533,33.9108,674.06,10669.19955,1219.71743,878.4894382,0.090120427,AROSAL
65.53937836,0.041741936,18.6232,33.7816,850.68,6861.415955,1037.409718,591.4747867,0.080116688,NORM
61.96131465,0.042666666,18.723,33.8562,770.24,24853.95938,2326.113195,900.5801814,0.057722317,NORM
60.55285645,0.042150539,18.7422,33.7596,453.3,18078.0144,1291.282354,551.5238679,0.136244243,NORM
66.59523849,0.044000001,18.9658,33.563,1664.26,4667.278122,648.5515429,395.0431448,0.139439094,NORM
66.90079346,0.043634409,19.0034,33.1116,1572.82,7632.955048,1430.46958,763.8952334,0.046875435,NORM
66.12698466,0.043440862,19.008,33.4354,1052.48,2695.577225,359.6127027,172.3216945,0.261933831,NORM
65.2979248,0.05204301,18.9942,33.1108,1298.46,9097.290176,1037.331213,822.8061385,0.106239745,NORM
65.75824127,0.044903226,19.008,33.2506,890.08,9122.123199,1036.100118,831.9636055,0.106783057,NORM
60.24426524,0.063698925,13.565,47.7156,1557.04,2642.637512,390.5669659,226.4940211,0.217699005,NORM
63.8369976,0.042709678,13.5892,48.5308,2230.34,3723.524338,459.3934846,292.6922277,0.221714654,NORM
61.63967743,0.042580646,13.3674,48.9404,2520.44,5315.946228,696.6753215,475.4245799,0.137635223,AROSAL
61.39743462,0.042193548,13.4394,48.2446,2167.26,5419.163544,777.1735835,569.660546,0.112747277,NORM
52.38636364,0.044395698,13.4684,48.1374,573.18,8695.935043,1056.789114,807.5834506,0.097847445,AROSAL
52.10227273,0.042778496,13.305,48.2768,565.28,8650.410263,1059.449695,800.9415447,0.096846937,NORM
66.57142792,0.042709677,13.2138,49.9366,2597.72,8522.591888,1023.716115,766.8836055,0.102193312,NORM
59.57759705,0.044193549,13.257,48.7838,1175.46,6281.440796,848.7348091,649.3137632,0.109578438,NORM
57.18876572,0.042983873,13.233,49.2802,555.82,1390.505768,245.5096326,94.11177923,0.289898245,NORM
56.16118431,0.056193549,13.2474,49.5102,492.74,1390.505768,245.5096326,94.11177923,0.289898245,AROSAL
59.68893356,0.044193548,13.137,50.5838,954.74,1577.66626,285.2882052,158.8376592,0.243588829,NORM
64.42963053,0.042744087,13.473,48.9792,4652.22,4334.779327,544.9933154,328.0388132,0.183397963,NORM
64.80769157,0.090645161,13.4682,48.6016,1240.12,2807.142532,335.3475248,164.5568868,0.313678042,NORM
60.42240257,0.073032256,13.4778,48.7818,1236.96,2837.642746,329.2556571,171.1778024,0.328928187,NORM
62.37606735,0.073204302,13.7188,49.2528,1284.26,4667.278122,648.5515429,395.0431448,0.139439094,NORM
63.59981651,0.041612903,13.8532,48.516,4437.76,7650.764679,1452.495796,779.0695077,0.04557062,NORM
62.85627632,0.045354838,13.8868,47.7268,4972.28,3586.619598,486.0073367,258.6584102,0.19081369,NORM
67.82051392,0.067053764,14.0068,47.6984,3457.04,2786.369446,340.3305014,149.1341221,0.302306034,NORM
61.9948703,0.04064516,14.074,47.371,3904.84,3592.833405,781.2376662,553.6248888,0.073974254,AROSAL
58.00000076,0.04148387,14.1172,47.3712,3895.36,6353.474014,1062.927138,800.2617878,0.070666589,AROSAL
61.2100769,0.040447311,14.1604,47.2952,3942.68,6353.474014,1062.927138,800.2617878,0.070666589,AROSAL
50.30342115,0.036107527,12.684,35.3214,12735.42,2571.111496,405.5176619,205.3414032,0.196476777,AROSAL
60.117948,0.046129031,17.5912,39.948,17133.78,1910.508102,444.3996967,266.8744633,0.121565752,AROSAL
53.5,0.045096774,17.7194,39.801,2575.62,3337.952225,394.2306023,218.5386461,0.269891566,AROSAL
54.21052628,0.043483872,17.7148,39.8328,3135.36,5447.986557,708.1006231,497.5108022,0.136538755,NORM
56.30060806,0.043870969,17.4486,40.0224,2892.56,12775.35063,1692.20196,998.6417822,0.056063255,NORM
52.8,0.044322581,17.491,40.5288,2846.84,5603.813736,757.4586566,526.3962681,0.122737052,NORM
61.29532051,0.053440859,17.5724,40.1324,2501.52,5897.136444,866.8770679,628.1504841,0.098613418,NORM
57.94601847,0.044696774,17.5148,40.82,4122.42,5170.613998,662.7571213,495.1861539,0.147925544,NORM
58.08974304,0.044709678,17.1772,40.8852,1287.44,8658.8461,1054.825979,788.4907338,0.097793108,AROSAL
52.8,0.044000001,17.244,40.5784,1979.62,8732.76442,1079.859067,809.5463884,0.094108196,AROSAL
61.11470998,0.04744086,17.3488,40.5194,4199.68,20923.02463,2712.18261,2375.982044,0.035743451,AROSAL
57.82456156,0.044086022,17.0772,41.8912,1161.28,1570.02037,260.8942064,84.20423509,0.289858661,NORM
58.94916776,0.045096774,17.0062,42.0298,1254.3,1532.360977,256.7783871,86.52018913,0.292047851,AROSAL
62.29914474,0.044713979,16.8248,42.0094,2272.88,1598.458481,269.6503028,149.367234,0.276254525,AROSAL
59.63157959,0.051870968,16.2816,42.0368,1358.4,1301.40239,208.8683169,112.883717,0.374866239,AROSAL
67.39285736,0.046016128,16.7822,41.9534,15200.68,17057.49397,1989.204072,1469.373424,0.054170945,AROSAL
63.24843305,0.048822578,16.892,42.272,2834.22,9097.290176,1037.331213,822.8061385,0.106239745,AROSAL
55.65789452,0.042258065,16.9774,40.9204,2126.28,9537.968124,1047.806681,687.5577292,0.109170024,AROSAL
67.20551554,0.054473118,16.773,41.9458,2906.76,4334.779327,544.9933154,328.0388132,0.183397963,AROSAL
64.28205007,0.044774194,16.7914,41.929,1951.24,4275.976349,538.3978222,320.9647876,0.185369624,AROSAL
62.62820396,0.044129032,16.7822,41.3084,2343.82,4290.720551,634.6678809,358.8330091,0.133858839,AROSAL
63.78571548,0.053225807,16.2106,42.8936,9486.54,14730.6131,1775.156528,540.2106931,0.05874317,AROSAL
62.28924764,0.043010752,16.4486,42.883,3643.08,6762.574554,832.5908301,522.0576528,0.122591027,AROSAL
62.65384598,0.049483871,16.506,42.7944,3632.04,6685.361542,820.1311756,522.0195733,0.124901634,AROSAL
61.80576668,0.044064517,16.9058,41.7058,4554.46,4073.579498,960.5526546,716.66562,0.055480927,AROSAL
57.60526352,0.045096774,17.0108,41.5898,4508.74,2828.504593,610.8027081,255.2299657,0.095271904,AROSAL
62.26153732,0.049612902,17.1678,40.666,5623.5,17060.54555,2011.639029,1423.737678,0.052978868,AROSAL
61.44871826,0.047870967,17.2628,41.337,10595.02,3213.005905,457.0934083,233.3532041,0.193246426,NORM
59.41745249,0.058924732,17.5006,41.2928,10747.92,2774.293182,404.5494113,219.7982244,0.213019358,NORM
59.94287059,0.055182796,18.6942,38.7098,12638.44,1888.850494,308.7390199,117.3497605,0.249014368,NORM
63.72527542,0.093870968,19.5224,37.346,11085.34,3524.880325,585.8220414,356.8207337,0.129069261,NORM
59.12145831,0.046537633,18.0666,40.7268,918.46,4333.322952,373.6676626,183.4871828,0.389995765,NORM
60.45546494,0.048774192,17.891,40.6944,2416.38,10653.80118,1686.091908,976.0412903,0.047092524,NORM
57.11842117,0.050193548,17.8956,40.8622,3373.48,12775.35063,1692.20196,998.6417822,0.056063255,NORM
55.98827667,0.047376344,18.5234,39.0802,3622.58,5897.136444,866.8770679,628.1504841,0.098613418,NORM
56.97885615,0.046107526,18.3382,39.4742,4907.62,4940.229294,644.8586243,449.3381277,0.149289047,NORM
59.56747627,0.127806447,17.5482,40.0334,987.84,8370.078094,1048.888554,808.3228238,0.095605017,NORM
62.9615387,0.063483868,17.8478,40.034,3818.12,6154.90535,840.9968146,635.9802719,0.109355981,NORM
61.64102478,0.04548387,17.9102,40.1758,2216.1,5895.887115,825.039217,654.8882832,0.10884534,NORM
58.02631569,0.048903227,17.772,40.4758,1717.86,5862.918167,818.2130973,633.5319899,0.110050202,AROSAL
63.38461609,0.047225806,17.7148,40.5916,1166.04,1615.315674,265.2694879,88.72415192,0.288464699,NORM
57.63157806,0.049225806,17.368,42.2052,1371.0,1482.599152,316.6286704,184.820283,0.185837407,NORM
59.00944672,0.047032256,17.3438,42.5024,1973.3,1586.439865,275.8926419,150.2943125,0.261910701,NORM
57.37134425,0.049075269,17.824,40.6808,1872.38,9394.24733,1044.580139,698.9370447,0.1081903,NORM
59.77339223,0.045956989,17.8814,40.565,1686.34,9524.54039,1048.092115,691.1927343,0.108956962,NORM
55.15789439,0.048301075,17.7956,40.35,1359.94,9522.91716,1048.199109,686.2211806,0.108916154,NORM
59.88798981,0.046774192,17.5818,40.5898,1375.7,9548.219803,1048.074143,695.8062982,0.109231591,AROSAL
68.84126968,0.04696774,17.7384,40.7292,2416.36,6861.415955,1037.409718,591.4747867,0.080116688,NORM
65.78022105,0.045892472,17.729,40.574,4503.98,5621.852753,832.0634066,596.55402,0.102041418,AROSAL
55.80701803,0.046709678,16.7964,42.3696,1866.1,4401.477478,638.5768481,347.4912655,0.135638198,AROSAL
62.5384613,0.046774192,17.3772,41.4646,1941.76,2744.866745,331.0370417,167.0729425,0.314758846,AROSAL
63.39560547,0.047638708,17.5484,41.2276,2611.9,17041.38597,1335.939718,579.3515015,0.119988895,AROSAL
66.24603068,0.043638711,17.6098,41.0996,2632.4,17041.38597,1335.939718,579.3515015,0.119988895,AROSAL
63.3846138,0.04516129,17.7336,41.0434,4284.82,20686.61787,1582.393434,797.9472466,0.103817463,AROSAL
62.6025631,0.050451611,18.937,39.0596,4287.96,3122.184433,367.6121683,174.3448142,0.290327825,AROSAL
66.31746063,0.054795696,19.2316,39.0066,5300.28,3348.010345,634.6027112,401.9158356,0.104470292,AROSAL
53.58333333,0.048043011,24.1804,32.3212,1878.68,3090.560501,441.979236,230.2761894,0.19881236,AROSAL
62.24359144,0.069978493,23.4868,31.992,1924.42,2600.044525,386.0026595,187.8193455,0.219285571,AROSAL
58.5757988,0.054107525,22.8,34.5954,9242.14,3854.645172,362.6299822,194.8982936,0.368355241,AROSAL
62.86315903,0.049290321,23.8716,32.8426,2370.64,3742.970459,531.1056424,363.6714734,0.166749459,AROSAL
56.44503492,0.047913978,24.0452,32.4634,1085.6,5417.22551,706.2353795,467.1270213,0.136485916,AROSAL
54.375,0.067741935,24.0452,32.376,1137.64,5391.870239,733.6308862,486.236393,0.125890826,AROSAL
61.38461533,0.04516129,23.4918,32.4608,5874.2,11950.82747,2132.357152,1188.896792,0.033028431,NORM
59.78569382,0.046494625,23.4,32.8336,1829.86,4363.658691,566.6393962,367.2182873,0.170783971,NORM
57.1513162,0.045225806,22.7764,34.4738,1727.34,5119.370865,760.0061038,580.5422287,0.111376174,AROSAL
61.76113319,0.050709675,22.7386,34.901,4645.88,6116.174072,1043.586799,413.8852471,0.07057202,AROSAL
63.27045097,0.058021503,23.2704,34.4138,3464.92,6221.416183,845.3615981,652.953307,0.109399185,AROSAL
61.84615402,0.052903224,23.2512,34.2326,2056.88,5862.918167,818.2130973,633.5319899,0.110050202,AROSAL
55.57894745,0.048193548,23.2416,34.6236,2211.4,5862.918167,818.2130973,633.5319899,0.110050202,AROSAL
60.80769157,0.044580646,23.1264,34.9776,1101.36,5816.072983,807.112368,601.1599442,0.112194536,AROSAL
61.59829051,0.047354838,23.1504,34.6746,2034.8,7116.194839,1989.848533,1076.667871,0.022584873,AROSAL
62.11965752,0.045324731,22.0346,36.9774,3827.58,1888.142349,502.5531536,341.2218087,0.093946497,AROSAL
60.21025635,0.044193549,22.4218,36.3376,4360.5,1580.254181,265.2187749,148.694257,0.282311314,AROSAL
59.88394089,0.04335484,22.4842,36.232,1307.94,1318.482986,216.1865556,114.2426942,0.354508808,AROSAL
58.17251371,0.043290324,22.5754,35.9308,3862.24,8055.48732,1780.554756,1079.182648,0.031929419,AROSAL
58.68421021,0.049516128,22.441,35.2502,7703.22,4073.579498,960.5526546,716.66562,0.055480927,AROSAL
63.53588969,0.04627957,22.5274,35.2584,7793.12,2828.504593,610.8027081,255.2299657,0.095271904,AROSAL
63.33333321,0.059548387,23.9634,32.9178,6233.7,6861.415955,1037.409718,591.4747867,0.080116688,AROSAL
59.31241531,0.045290322,22.9584,34.2982,1743.1,2902.955765,334.0011657,175.670605,0.327004943,AROSAL
62.64102631,0.050645161,23.0352,34.1458,3565.82,17041.38597,1335.939718,579.3515015,0.119988895,AROSAL
65.40567932,0.046516128,23.3808,33.559,5724.4,4433.436691,581.4339397,383.7492894,0.16479712,AROSAL
65.0066658,0.068107526,23.833,33.22,6698.84,4468.130707,578.6943911,347.9572928,0.167662982,AROSAL
64.4523819,0.044387097,23.8666,33.1294,7122.98,7574.842453,1461.376283,841.4357622,0.044571716,AROSAL
65.57234573,0.0636129,23.7226,33.1162,6140.64,6205.968445,809.0506219,543.5909358,0.119142864,AROSAL
61.53846169,0.049161289,24.5176,32.5388,5751.22,7644.66304,1110.231687,812.9986125,0.077936514,AROSAL
61.11538544,0.048387095,24.537,32.1982,5707.06,7644.66304,1110.231687,812.9986125,0.077936514,AROSAL
60.59379069,0.057548385,24.436,31.9208,8158.9,9102.159683,1038.607287,828.1835639,0.106035572,AROSAL
52.1875,0.064354838,25.5204,29.5168,1845.6,2672.965866,393.3427641,221.0833502,0.217100561,NORM
59.93792076,0.064387095,24.6098,31.1158,1557.04,2010.048798,428.3209465,254.0358956,0.137682213,NORM
63.30769348,0.051432259,24.1414,31.8282,8447.44,9764.52739,1459.58495,900.288343,0.057597328,NORM
56.86797218,0.064086019,25.0452,30.9304,2347.0,3337.952225,394.2306023,218.5386461,0.269891566,NORM
60.00809822,0.071548386,24.9142,30.4002,1279.52,5370.425385,704.8751874,497.3829182,0.135829501,NORM
55.97368469,0.087483869,24.1758,32.0256,1921.26,4618.562149,595.1621563,398.4695409,0.163849847,NORM
55.98947327,0.050838709,24.2958,31.8284,1995.38,4491.703247,580.3531971,382.0634662,0.167585391,AROSAL
56.75641136,0.051548387,24.3342,31.4354,2689.14,4940.229294,644.8586243,449.3381277,0.149289047,NORM
58.50607376,0.070064516,24.3342,31.4622,5893.12,5119.370865,760.0061038,580.5422287,0.111376174,NORM
62.68830452,0.09451613,24.1854,32.5362,4351.06,8750.497086,1056.348336,675.4763072,0.098543568,NORM
55.1589915,0.047836556,24.46,32.3458,4130.32,8755.084915,1074.49868,821.3389178,0.095292441,NORM
58.31713829,0.053419354,24.537,32.7548,4265.9,8732.76442,1079.859067,809.5463884,0.094108196,NORM
60.91025658,0.050387096,24.8276,31.794,2744.32,6116.997421,852.9957189,654.2745384,0.105646341,AROSAL
54.13815765,0.048774193,24.7308,32.5778,3220.52,1471.960663,342.168934,172.1238536,0.157988296,AROSAL
53.8125,0.064709678,24.6052,32.5196,3255.24,1471.960663,342.168934,172.1238536,0.157988296,AROSAL
57.5209166,0.049720428,25.1226,30.8426,4530.8,1545.993042,286.3735265,163.7540848,0.236892692,AROSAL
64.97924398,0.052860214,24.9728,30.3984,8348.12,16591.36649,1998.945721,1411.778082,0.052178311,AROSAL
68.53174642,0.055449461,25.4962,30.0832,6039.74,9908.115204,1050.995517,788.1233759,0.112719534,NORM
65.78296661,0.056129032,25.613,29.9102,5677.1,9102.806824,1052.129005,778.3934621,0.103334943,AROSAL
59.78947398,0.048473117,25.8706,29.6604,10878.8,10648.1147,1242.019997,793.3960039,0.086741196,AROSAL
63.61538429,0.050193547,26.6562,27.7694,3173.2,4474.817017,563.749859,369.5893239,0.17693439,AROSAL
69.39572754,0.059483871,25.8754,29.2674,3759.78,3821.625046,488.4375065,314.054573,0.201298217,AROSAL
63.65384445,0.049741935,26.314,28.738,5374.34,3626.231064,454.3773666,268.2283782,0.220715055,AROSAL
69.47659887,0.049032255,25.54,29.8434,7958.66,4969.187149,649.5822009,397.3861305,0.147988165,AROSAL
69.58888855,0.065032258,25.7148,29.8244,7102.48,2982.87323,355.2156838,164.1866144,0.297071093,AROSAL
63.39194069,0.050709675,26.0706,29.1134,5421.68,3316.072525,501.3046567,272.5678066,0.165817517,AROSAL
61.32995949,0.049548385,25.9972,29.2706,5427.96,9206.565109,1037.147784,829.7462244,0.107553911,AROSAL
48.69303055,0.043354839,12.7416,27.1792,10198.44,3357.720444,472.1600507,259.2200387,0.189267446,AROSAL
64.07661743,0.094430108,16.1578,33.6432,16626.06,3357.720444,472.1600507,259.2200387,0.189267446,NORM
64.73809662,0.06,16.5344,32.932,16200.36,2774.293182,404.5494113,219.7982244,0.213019358,NORM
65.07051544,0.101096777,18.0144,31.6572,17160.58,4766.62056,767.7915221,466.7505966,0.101609385,NORM
64.92124634,0.054645158,19.0608,28.7298,7802.58,4689.393539,872.7215514,467.4604531,0.077370454,NORM
61.87820358,0.058709677,19.3506,29.034,12091.32,9558.533142,1422.183152,831.5117327,0.059386818,NORM
60.73684158,0.067096772,19.484,28.3692,3072.3,3904.903625,367.0661916,191.2928652,0.364192847,NORM
56.63157921,0.066064513,19.4408,28.3728,3133.8,4032.006821,365.4894786,190.9113629,0.379298708,NORM
59.98987808,0.063225805,19.3224,27.633,3001.34,4333.322952,373.6676626,183.4871828,0.389995765,NORM
59.81286723,0.058172042,19.0176,28.0446,1303.18,3742.970459,531.1056424,363.6714734,0.166749459,NORM
55.12038854,0.054709677,17.3534,30.3434,3442.84,10653.80118,1686.091908,976.0412903,0.047092524,NORM
59.41353531,0.099096774,17.0248,32.8458,2711.22,5352.200806,692.991763,476.0162414,0.140050969,NORM
58.75843658,0.064322578,17.3342,32.6374,2405.32,5244.783249,729.608977,500.0978272,0.123810384,NORM
62.04858398,0.049419355,17.71,30.6982,7157.68,4570.87384,586.6267002,397.5174607,0.166911187,NORM
61.8553112,0.064516131,18.0426,29.918,5423.24,4766.938843,611.3878434,406.2741036,0.160256571,NORM
60.62078323,0.061225807,18.152,28.6762,1257.46,8451.465057,1047.633064,783.3725716,0.096766152,NORM
62.07962074,0.070903225,18.01,29.809,2635.56,8755.084915,1074.49868,821.3389178,0.095292441,NORM
54.33552704,0.050387097,18.105,30.7854,2577.18,8522.591888,1023.716115,766.8836055,0.102193312,NORM
54.37828941,0.052903223,17.9146,29.5684,1771.48,5963.842911,827.8968773,657.7545296,0.109341133,NORM
62.19524841,0.092967742,17.4102,31.036,4562.32,19278.3916,2163.360325,1240.754385,0.051763417,NORM
74.22814535,0.092774193,17.5244,30.6098,4172.86,19278.3916,2163.360325,1240.754385,0.051763417,NORM
58.84682884,0.06864516,16.558,32.3636,1263.74,1274.667603,341.5337946,186.6845355,0.137321787,NORM
60.6194341,0.089978494,16.5584,32.4226,1948.08,1395.231125,320.0620919,185.4932802,0.171154192,NORM
62.4221138,0.105290325,16.8632,31.7666,3498.02,8055.48732,1780.554756,1079.182648,0.031929419,NORM
63.70879211,0.170000001,15.7576,32.1408,15005.14,2113.712585,287.1117067,144.5507027,0.322221115,NORM
72.97460098,0.065290321,17.22,30.1664,5109.46,6457.314331,989.0805555,611.5189345,0.082946576,NORM
67.71709518,0.074064515,17.1962,30.0918,7118.24,4595.423035,812.0051959,611.4960217,0.087582582,NORM
60.69230728,0.169096773,16.9822,30.5236,2898.86,4013.301315,538.3952493,319.1261857,0.173983953,NORM
54.04166667,0.045419355,16.4198,31.1742,2231.88,3985.707047,538.6806117,335.3146808,0.172604673,NORM
57.54984818,0.122451615,16.12,32.0486,2312.3,3985.707047,538.6806117,335.3146808,0.172604673,NORM
63.56227112,0.055419357,15.5092,33.1062,2228.74,2807.142532,335.3475248,164.5568868,0.313678042,NORM
58.57894707,0.077741936,15.3468,33.2088,3233.14,17041.38597,1335.939718,579.3515015,0.119988895,NORM
58.42661896,0.06395699,15.5952,33.4016,3231.54,17041.38597,1335.939718,579.3515015,0.119988895,NORM
66.89285736,0.194645162,16.225,32.5698,5033.76,15597.04939,1552.688077,955.634984,0.081298751,NORM
66.95301412,0.134451613,16.1482,32.2086,6700.42,15351.65564,1528.336956,858.3512376,0.082589884,NORM
63.99376068,0.120344081,16.1386,32.2534,3305.66,4667.278122,648.5515429,395.0431448,0.139439094,NORM
61.70512772,0.054193546,16.201,32.364,7383.1,3122.184433,367.6121683,174.3448142,0.290327825,NORM
68.26740112,0.171612892,16.201,32.364,7383.1,14436.0423,1985.01785,1182.869263,0.046039349,NORM
63.3135231,0.071290324,16.201,32.364,7383.1,9156.371765,1037.928879,831.7025723,0.1068066,NORM
61.68376007,0.054193547,22.9776,21.663,1140.78,3098.434418,444.1100334,235.9602137,0.197410843,AROSAL
60.61268565,0.090709674,22.7194,22.0176,1855.04,2920.837875,423.6434831,220.6520392,0.204510804,AROSAL
58.98447914,0.077935483,16.7012,30.0964,855.38,5457.617554,701.2222249,477.7090253,0.139476685,AROSAL
57.99001999,0.059505373,17.2106,30.5098,2925.66,12775.35063,1692.20196,998.6417822,0.056063255,NORM
59.49527664,0.053483869,18.2616,27.9244,2053.72,9064.394089,1605.017444,1034.0842,0.044216985,NORM
59.04270388,0.072193548,18.3758,27.9468,4721.6,5156.367706,663.4001636,497.9882211,0.14723213,AROSAL
60.87754466,0.048946236,18.5042,27.435,2976.12,8650.410263,1059.449695,800.9415447,0.096846937,AROSAL
58.85380084,0.084043008,18.894,26.58,4936.04,11271.11342,1993.301007,1211.413825,0.035647651,NORM
59.61673431,0.05316129,18.623,27.2636,3390.82,21484.71613,2715.384874,1969.477034,0.036616489,NORM
58.47193049,0.078430109,18.861,29.2006,3654.14,21484.71613,2715.384874,1969.477034,0.036616489,AROSAL
61.08723907,0.059032257,19.0608,27.311,3825.98,10659.13885,1721.501699,1254.957908,0.045197777,NORM
63.60256653,0.063290323,18.9608,26.9544,2126.24,5805.36705,808.2310013,629.5994365,0.111678234,AROSAL
58.36437276,0.065032257,18.5802,27.649,3313.54,19278.3916,2163.360325,1240.754385,0.051763417,NORM
60.61088676,0.098645163,18.5898,28.2846,3480.68,1615.315674,265.2694879,88.72415192,0.288464699,NORM
59.85965042,0.11354839,19.2226,26.9744,3628.9,1471.960663,342.168934,172.1238536,0.157988296,AROSAL
59.97031021,0.060258063,19.0842,26.9572,3666.72,1351.433456,321.6887465,184.1554877,0.164109149,NORM
60.11943321,0.102193547,19.1416,26.9682,1273.22,1387.820175,236.2008809,120.4230331,0.312593566,NORM
56.55263252,0.049548387,19.4792,26.9468,9923.28,9447.332275,1044.647468,706.0284778,0.108787637,NORM
67.77378693,0.063419356,19.779,26.0542,2908.32,6861.415955,1037.409718,591.4747867,0.080116688,NORM
63.61996269,0.094709677,19.4268,26.1894,2072.66,4334.779327,544.9933154,328.0388132,0.183397963,NORM
63.2924291,0.078365591,19.0512,27.2366,2861.0,3943.386627,493.5752763,310.7479722,0.20341006,NORM
59.21052704,0.060709677,19.1558,27.3852,2042.68,3985.707047,538.6806117,335.3146808,0.172604673,NORM
61.11875839,0.103161292,18.918,27.387,1933.88,3778.494003,533.7465931,333.6442557,0.166670358,AROSAL
64.27350616,0.064817203,18.6994,27.3432,2990.28,3985.707047,538.6806117,335.3146808,0.172604673,AROSAL
60.97435875,0.079677421,18.5804,27.8292,2299.7,2826.968719,349.3540255,166.000183,0.291071285,NORM
56.1228068,0.112903226,18.699,27.6312,3330.9,17981.47408,1597.57397,858.1502055,0.088534636,AROSAL
64.96886559,0.076064512,18.4332,27.8042,6750.86,15617.73747,1553.24724,934.7435033,0.081347985,NORM
74.04412994,0.111526878,18.39,27.948,6251.04,4868.130966,694.1605692,446.2188299,0.126955709,NORM
60.06882629,0.059096773,18.7802,27.9788,4604.92,4900.049454,977.1444268,795.9872821,0.064490064,NORM
65.52472382,0.10664516,19.3556,26.6822,8540.48,4469.261017,573.9889653,338.4975449,0.170466285,NORM
65.27777812,0.073784943,19.579,26.7392,7086.7,6828.094742,830.7418571,501.1090999,0.124330367,NORM
62.46666718,0.121333333,19.7554,26.6858,9161.72,4315.973145,617.5874652,361.7228827,0.142197399,NORM
63.8360817,0.113225806,20.6172,26.2852,4854.04,6353.474014,1062.927138,800.2617878,0.070666589,AROSAL
61.55667953,0.054064517,20.7504,26.0046,5363.32,7644.66304,1110.231687,812.9986125,0.077936514,AROSAL
62.25640945,0.112387095,21.3992,25.0084,5308.1,7644.66304,1110.231687,812.9986125,0.077936514,NORM
62.53643646,0.05348387,21.5424,25.0254,5357.02,7644.66304,1110.231687,812.9986125,0.077936514,AROSAL
62.77961006,0.103892472,21.7286,24.481,7988.62,12691.43449,1883.837832,1462.866856,0.04494005,NORM
62.66666565,0.056387094,22.106,24.1192,6799.74,9314.605286,1291.43646,963.9570272,0.070182403,NORM
57.19298299,0.073935482,20.822,24.0774,9084.44,9102.410034,1038.548068,828.2577504,0.106050582,NORM
