@relation esum_filtered_keel_nom
@attribute Sound real [46.22267342, 79.2527832]
@attribute Dust real [0.02916129, 0.39787096]
@attribute TempEN real [10.521, 26.891]
@attribute RH real [17.24, 60.8856]
@attribute Light real [287.76, 32280.1]
@attribute Area real [1274.667603, 36208.28889]
@attribute Perimeter real [205.8863296, 2834.509892]
@attribute Occlusivity real [84.20423509, 2375.982044]
@attribute Compactness real [0.022584873, 0.402656985]
@attribute EDA_label {AROSAL, NORM}
@data
60.93589783,0.04148387,13.1466,45.2912,1686.36,1615.315674,265.2694879,88.72415192,0.288464699,NORM
64.0842509,0.038064516,13.161,45.6424,3062.84,9960.058334,1082.169418,753.3324504,0.106876256,NORM
58.48583069,0.039741934,12.5772,46.888,1700.54,14826.49474,1695.690096,712.6120663,0.064797072,NORM
60.95726344,0.041118278,12.654,46.9472,1730.5,7571.846725,1102.900652,783.3195527,0.078223797,NORM
59.98110504,0.078838707,15.867,36.6834,804.96,5441.59816,722.9915833,476.1430697,0.130818706,AROSAL
61.75641022,0.049483869,12.896,43.7838,462.78,9118.392258,1037.061032,826.0110349,0.106541671,AROSAL
63.37179604,0.069935482,14.7114,43.566,4125.54,1813.676529,434.7555549,256.4953891,0.120581149,NORM
55.51973686,0.043204301,11.9962,50.9104,4581.24,8522.591888,1023.716115,766.8836055,0.102193312,NORM
62.68713226,0.055053763,12.606,49.6272,3379.74,7925.186264,1054.988342,637.5719884,0.089479597,NORM
53.89144707,0.043677419,13.473,45.3006,2329.64,5994.397171,830.1933371,613.9162175,0.109294144,NORM
57.03508809,0.036064516,13.3722,45.4252,3797.6,1482.599152,316.6286704,184.820283,0.185837407,NORM
60.65856934,0.051419357,12.4754,47.3456,1861.36,7571.846725,1102.900652,783.3195527,0.078223797,AROSAL
59.98582878,0.05116129,15.8622,38.8364,3043.9,4220.47551,762.9689817,375.8646846,0.091108204,NORM
56.21052704,0.043741938,13.233,45.5892,4273.78,4682.319504,608.13864,416.2830751,0.159098363,NORM
56.49999924,0.034064517,12.9152,46.6144,2867.32,8644.483566,1065.085671,800.2501603,0.095759051,NORM
61.48717957,0.054838711,12.413,47.7088,2080.52,9102.159683,1038.607287,828.1835639,0.106035572,NORM
59.59514046,0.038903227,17.0248,54.5678,5711.8,4486.253983,582.0922101,384.9612685,0.166383458,AROSAL
54.0,0.036838709,16.6866,55.4414,1776.24,1517.006393,502.3466525,221.7025475,0.075542308,AROSAL
56.75438487,0.038107527,16.7822,54.0542,4918.68,8792.590195,1207.860044,847.7691987,0.075734448,AROSAL
54.52302704,0.046064516,20.6648,34.7308,2105.76,4167.804398,366.6201972,186.2995078,0.389658738,AROSAL
57.75461146,0.080903225,21.3372,35.0784,1821.92,3778.494003,533.7465931,333.6442557,0.166670358,AROSAL
65.33211365,0.050365591,22.106,33.0166,9015.1,15617.73747,1553.24724,934.7435033,0.081347985,AROSAL
60.25595996,0.039903225,16.8104,44.4734,1033.58,5898.029831,805.2291772,608.5450142,0.114308315,NORM
62.06837718,0.063139786,19.0228,34.7192,9683.62,3734.288544,497.9242375,315.4784428,0.189274105,NORM
62.26923103,0.043509679,18.9704,32.3828,590.46,3884.518173,378.1081907,199.847059,0.341440356,NORM
64.86842117,0.047096773,19.3084,31.963,1044.6,12775.35063,1692.20196,998.6417822,0.056063255,NORM
55.34210587,0.042096773,18.533,33.7864,514.82,9447.332275,1044.647468,706.0284778,0.108787637,NORM
59.46783574,0.043191398,18.747,33.5952,741.84,4013.301315,538.3952493,319.1261857,0.173983953,NORM
60.35155182,0.043935484,13.3578,48.766,5312.86,3251.924301,616.50364,355.9280066,0.107517461,NORM
60.11268578,0.129548381,18.0476,38.8228,16955.62,3735.921509,457.271009,256.9531766,0.224522708,AROSAL
60.13292732,0.199032248,18.1334,38.9548,16952.46,3845.070526,482.3216166,271.5340798,0.20770202,AROSAL
59.41430435,0.044193549,17.3724,39.7376,2192.44,5907.913498,812.1764977,621.5753519,0.112549393,AROSAL
56.97885615,0.046107526,18.3382,39.4742,4907.62,4940.229294,644.8586243,449.3381277,0.149289047,NORM
60.58951823,0.045458064,18.0146,40.0776,4617.5,8800.655106,1124.69553,840.3448591,0.087428883,NORM
63.3846138,0.04516129,17.7336,41.0434,4284.82,20686.61787,1582.393434,797.9472466,0.103817463,AROSAL
62.66666504,0.048064513,24.687,31.5328,1498.68,3357.720444,472.1600507,259.2200387,0.189267446,AROSAL
59.42105286,0.04483871,23.0256,34.5836,1424.6,4979.20546,648.4009765,469.55633,0.148827296,AROSAL
57.44736824,0.046838708,22.7528,35.2736,3565.82,8650.410263,1059.449695,800.9415447,0.096846937,AROSAL
58.94736938,0.046709676,23.0736,34.6344,7961.82,9432.126877,1044.663553,702.7801449,0.108609199,AROSAL
65.63003731,0.051677418,22.848,34.6064,5125.22,14826.49474,1695.690096,712.6120663,0.064797072,AROSAL
58.86707077,0.046129031,23.521,33.2318,5677.1,4433.436691,581.4339397,383.7492894,0.16479712,AROSAL
63.15384598,0.044954839,23.8714,32.9762,6891.22,7076.028961,863.7342042,524.686098,0.119189838,AROSAL
60.6329277,0.050193548,24.987,30.305,1459.3,5529.622391,712.127131,515.4107789,0.137021991,NORM
62.66666641,0.050903225,26.8618,27.922,3734.52,6065.383636,973.3958526,607.447827,0.080443166,AROSAL
61.53351339,0.048602149,24.5516,31.3194,2693.86,2902.955765,334.0011657,175.670605,0.327004943,AROSAL
56.63157959,0.085591399,19.5458,28.7626,2889.38,4167.804398,366.6201972,186.2995078,0.389658738,NORM
60.37966715,0.057591396,22.178,22.319,2142.0,2571.111496,405.5176619,205.3414032,0.196476777,AROSAL
61.60256386,0.066709676,20.8648,23.618,1845.6,2062.058716,431.1079793,252.8914476,0.139424395,AROSAL
64.28937912,0.056451612,18.5992,27.757,1385.18,4682.319504,608.13864,416.2830751,0.159098363,NORM
61.60256386,0.062322581,18.5994,27.1076,1377.3,5866.321075,806.8020082,616.9755003,0.113250923,NORM
52.19166667,0.069548389,18.8656,28.5336,2594.52,1360.763977,247.8417334,96.7285599,0.278383693,AROSAL
61.41025581,0.049677418,21.9772,24.267,7629.1,2828.504593,610.8027081,255.2299657,0.095271904,NORM
