@relation esum_filtered_keel_nom
@attribute Sound real [46.22267342, 79.2527832]
@attribute Dust real [0.02916129, 0.39787096]
@attribute TempEN real [10.521, 26.891]
@attribute RH real [17.24, 60.8856]
@attribute Light real [287.76, 32280.1]
@attribute Area real [1274.667603, 36208.28889]
@attribute Perimeter real [205.8863296, 2834.509892]
@attribute Occlusivity real [84.20423509, 2375.982044]
@attribute Compactness real [0.022584873, 0.402656985]
@attribute EDA_label {AROSAL, NORM}
@data
62.20085436,0.052365591,20.031,31.2636,1561.78,2920.837875,423.6434831,220.6520392,0.204510804,NORM
61.23076935,0.051380644,19.8552,31.4808,1563.34,2777.109253,406.9191399,217.3479957,0.210759225,NORM
56.97368469,0.078645163,18.4092,33.9718,2805.84,1824.752258,432.3268882,259.382603,0.122684382,NORM
59.21052628,0.0636129,17.0154,37.2466,3329.32,3757.950974,543.5904833,323.96712,0.159814906,NORM
60.99999924,0.045935483,17.082,37.2666,2848.38,3292.447952,375.7315932,213.9085798,0.293071343,NORM
61.24786377,0.049548385,16.82,37.5762,2731.72,3494.806427,359.7154939,209.7493542,0.339402237,NORM
61.47030983,0.059909676,16.4966,38.2596,2758.52,3336.458374,373.8842199,203.8461027,0.299930964,NORM
61.70512772,0.049032256,16.487,37.9748,2023.78,7583.754456,1080.524775,392.5667929,0.081625277,NORM
60.51147156,0.049367742,16.4536,37.9646,1650.06,9013.399063,1675.893605,845.2877782,0.040327897,NORM
62.0614048,0.058645161,14.6778,42.9366,3136.94,13236.00783,1693.257577,1019.931389,0.058012399,NORM
60.62415771,0.043677418,14.649,42.5662,3554.8,5352.200806,692.991763,476.0162414,0.140050969,NORM
64.56923187,0.053161289,14.625,41.7968,3882.74,4618.562149,595.1621563,398.4695409,0.163849847,NORM
56.29473724,0.042193549,14.5578,42.1378,3849.64,4682.319504,608.13864,416.2830751,0.159098363,NORM
61.25371094,0.088387098,14.4138,41.8172,1544.42,8204.975235,1112.325656,717.1325947,0.083334192,NORM
54.73355255,0.044967741,14.1892,43.3272,2782.2,8597.709091,1061.741792,799.2538515,0.095841761,NORM
60.61451721,0.097161287,13.858,43.9552,1703.7,21484.71613,2715.384874,1969.477034,0.036616489,NORM
61.13765182,0.059677421,13.834,43.506,3991.54,20605.18929,2708.031736,1953.212639,0.035308476,NORM
77.03396606,0.272516135,13.5938,44.0116,3397.1,21484.71613,2715.384874,1969.477034,0.036616489,NORM
71.42190552,0.06735484,13.473,44.3798,3196.9,21484.71613,2715.384874,1969.477034,0.036616489,NORM
59.05263252,0.073032254,13.522,44.5488,2777.46,17545.63933,2715.376563,1662.997854,0.029903287,NORM
62.00000076,0.03683871,13.2858,45.0648,2184.58,5809.44931,815.2368979,627.1935769,0.109844211,NORM
60.93589783,0.04148387,13.1466,45.2912,1686.36,1615.315674,265.2694879,88.72415192,0.288464699,NORM
59.00000076,0.063999999,12.8038,46.196,2280.78,1654.911255,438.8496859,156.8501489,0.107982404,NORM
60.22996002,0.055161289,12.8614,46.2716,3524.82,8055.48732,1780.554756,1079.182648,0.031929419,NORM
56.03407516,0.118387095,13.137,45.7456,2963.5,9537.968124,1047.806681,687.5577292,0.109170024,NORM
65.04059982,0.057290323,13.064,46.4216,2835.8,4420.450058,557.3374134,369.4586116,0.178829827,NORM
60.57174988,0.03952688,12.968,46.0552,2354.86,3821.625046,488.4375065,314.054573,0.201298217,NORM
58.50472374,0.041741934,12.9488,45.9464,2309.16,3850.819031,488.9431769,311.3516696,0.202416632,NORM
61.2564106,0.045419354,12.63,46.2488,803.34,2977.948807,338.6455689,174.7546881,0.326314443,NORM
64.61512858,0.073462363,12.6156,46.5642,2381.68,3716.819138,423.6329204,217.7130861,0.260256682,NORM
62.48717804,0.070967745,12.5388,47.3544,992.58,4831.125122,672.9870117,417.5742879,0.134043199,NORM
57.7887989,0.043354837,12.678,47.3532,1271.66,9459.28595,1045.317611,697.0621074,0.108785668,AROSAL
55.06359609,0.046064516,18.9274,30.4308,814.4,2820.998718,411.2053543,225.4853926,0.209650176,AROSAL
62.43589783,0.055161288,18.647,30.7854,650.42,2644.737762,391.6634903,176.4151598,0.216653795,AROSAL
60.2896993,0.054580647,17.258,32.8932,601.52,3647.176834,360.9869988,213.4121347,0.351709066,AROSAL
59.93792076,0.068000003,17.225,32.923,593.62,3796.511719,359.2821896,200.3579607,0.369592569,AROSAL
60.28205109,0.051999999,16.2296,35.143,376.08,3973.923035,365.8333527,191.0530706,0.373132194,AROSAL
57.91784744,0.037806451,15.9486,36.4328,704.02,10653.80118,1686.091908,976.0412903,0.047092524,AROSAL
59.72199745,0.052258066,15.867,36.6124,883.76,5408.877014,811.9864546,597.4190417,0.103090679,AROSAL
58.52631582,0.048903224,15.8622,36.7088,875.9,5237.692795,699.3132212,474.1670396,0.134588021,AROSAL
60.70467898,0.044967741,15.4662,37.5142,784.44,4773.034744,614.9779296,421.8013069,0.158593506,AROSAL
59.91272964,0.071053764,15.28,38.3248,341.4,7993.362518,1109.534424,680.5659086,0.081593923,AROSAL
61.68376109,0.048688172,14.3706,39.3494,555.8,6041.190689,833.6225665,631.970195,0.109242966,AROSAL
61.92307625,0.043419354,13.93,40.8294,536.88,1470.935654,249.5235089,86.85630832,0.296879767,AROSAL
60.23684235,0.035741935,13.4778,42.1844,508.52,4073.579498,960.5526546,716.66562,0.055480927,AROSAL
62.73076782,0.066709676,13.425,42.2664,505.34,9067.672134,1036.232897,830.917423,0.106118456,AROSAL
64.1794899,0.038709678,13.425,41.8182,511.68,9104.848297,1037.240839,821.5556843,0.106346539,AROSAL
62.51281967,0.083870968,12.9488,43.6328,552.66,10950.02054,1581.991381,481.3748679,0.054981498,AROSAL
64.28205261,0.060903226,12.92,43.2026,710.32,3410.305161,373.6571132,182.714175,0.306942197,AROSAL
57.13562737,0.043354839,12.871,43.8372,759.18,3716.819138,423.6329204,217.7130861,0.260256682,AROSAL
57.10526428,0.042129033,12.871,43.9686,590.52,3716.819138,423.6329204,217.7130861,0.260256682,AROSAL
62.35897293,0.04696774,12.847,44.129,659.86,4528.619247,639.2883701,412.3505231,0.139245787,AROSAL
63.18119527,0.039655913,12.8038,44.7434,420.2,7574.842453,1461.376283,841.4357622,0.044571716,AROSAL
61.99999924,0.05419355,12.8566,44.2678,803.34,3283.061508,663.8542674,456.2304895,0.093614556,AROSAL
59.6950058,0.07632258,12.847,44.348,804.94,3592.833405,781.2376662,553.6248888,0.073974254,AROSAL
61.03846054,0.04116129,12.8518,44.267,767.08,7571.846725,1102.900652,783.3195527,0.078223797,AROSAL
64.84249115,0.044645161,12.896,43.9154,445.4,9645.646957,1306.610612,815.6503042,0.070998449,AROSAL
60.62370644,0.044752689,12.9056,44.0356,527.44,9441.705139,1046.023229,686.5131999,0.108437036,AROSAL
48.96486397,0.033935483,13.8178,30.0606,2111.26,3357.720444,472.1600507,259.2200387,0.189267446,AROSAL
56.34682846,0.037354839,17.058,37.2512,2487.34,3037.521652,434.7511214,220.2220114,0.201951845,NORM
53.36129379,0.043591397,16.701,38.0872,2156.22,2920.837875,423.6434831,220.6520392,0.204510804,NORM
54.75,0.041999999,16.3868,38.9114,2488.9,2875.740128,418.7393443,220.670666,0.20609714,NORM
62.32051201,0.082903223,15.7144,40.78,2755.38,2819.8246,409.6901478,229.0161324,0.211115888,AROSAL
63.26556892,0.043548387,15.003,42.5692,2969.82,3865.345474,766.262663,390.2210892,0.082726157,NORM
60.80769196,0.035913979,14.6826,43.171,3327.76,1878.760422,311.4385139,119.2887886,0.243408999,NORM
65.07021027,0.240172035,14.4762,44.0042,3791.3,3647.832947,452.547466,284.2769379,0.223829091,NORM
60.7564106,0.063612904,14.0884,45.595,3160.58,8768.522034,1442.654309,858.2146681,0.052943385,NORM
59.11560898,0.034580646,13.978,45.0368,3154.32,3647.176834,360.9869988,213.4121347,0.351709066,NORM
57.73684235,0.039677419,13.7764,46.0438,3513.78,3846.023849,356.6492221,178.9691705,0.379961221,NORM
55.74342079,0.048967742,13.594,46.6194,3546.9,3973.923035,365.8333527,191.0530706,0.373132194,NORM
54.025,0.033225808,13.3914,47.3148,4168.14,3337.952225,394.2306023,218.5386461,0.269891566,NORM
58.71052704,0.036774193,12.582,49.033,4053.04,10189.48512,1768.852785,1010.174818,0.040924061,NORM
57.78947296,0.061741937,12.529,49.4018,4420.42,4485.895172,575.6921357,381.784642,0.170089847,NORM
57.42105255,0.033393547,12.485,50.0592,4828.8,4551.356537,587.1882092,387.946344,0.16588078,NORM
62.9734436,0.038348387,11.783,52.0082,2974.56,6107.725174,854.3554045,642.0423734,0.10515071,NORM
60.93927155,0.032025805,11.71,52.3926,2326.5,5994.397171,830.1933371,613.9162175,0.109294144,NORM
63.20940323,0.031053762,11.5304,53.9348,2961.94,16088.91257,1770.155523,997.9111217,0.064522874,NORM
60.94358994,0.033858063,11.492,53.6996,3685.68,1631.56221,268.0293629,88.83934486,0.285396573,NORM
59.01349513,0.037161289,11.399,53.692,3729.8,1873.197845,443.0643946,156.0443855,0.119911217,NORM
53.59375,0.048258065,11.394,53.486,3423.9,1274.667603,341.5337946,186.6845355,0.137321787,NORM
54.40789413,0.051612902,11.394,53.2624,3963.16,1274.667603,341.5337946,186.6845355,0.137321787,NORM
58.47908351,0.035913977,11.3114,53.1114,3805.52,1888.142349,502.5531536,341.2218087,0.093946497,NORM
61.7692318,0.038387097,10.907,55.244,2224.0,9314.605286,1291.43646,963.9570272,0.070182403,NORM
63.17948837,0.032387096,10.907,55.172,2104.18,9441.029831,1130.084937,883.9300169,0.092898149,NORM
57.57211494,0.031096774,10.6774,56.6084,3882.76,4013.301315,538.3952493,319.1261857,0.173983953,NORM
58.9210537,0.034129032,10.702,56.2958,3023.4,17041.38597,1335.939718,579.3515015,0.119988895,NORM
61.57894669,0.034903225,10.712,56.6494,2269.72,5620.563187,809.7332742,539.0773591,0.107722327,AROSAL
57.02631645,0.055741934,10.7216,56.3946,2227.16,4528.619247,639.2883701,412.3505231,0.139245787,AROSAL
60.29419607,0.032946237,10.6284,56.5352,3933.22,13148.63513,1900.656089,1476.362901,0.045738662,NORM
60.03306313,0.036064516,10.541,57.064,2405.34,9156.371765,1037.928879,831.7025723,0.1068066,AROSAL
63.28205109,0.056051611,17.6098,38.57,3288.32,3175.061584,453.3668625,230.9361102,0.194116508,NORM
59.25505943,0.037935484,17.2106,39.0438,3278.86,2707.192215,398.3641821,206.0868118,0.214372163,NORM
65.55624771,0.039870967,15.9722,41.715,6621.58,2707.192215,398.3641821,206.0868118,0.214372163,AROSAL
59.75641022,0.040000001,14.7158,44.1966,6410.28,2571.111496,405.5176619,205.3414032,0.196476777,AROSAL
60.35087662,0.037978494,14.6778,45.3358,5760.66,3524.880325,585.8220414,356.8207337,0.129069261,NORM
57.78789902,0.035806451,14.4666,44.5504,4385.74,3420.606201,356.6982802,207.8043069,0.337839878,NORM
55.8702774,0.036774194,13.9156,45.4112,4043.58,4042.222351,363.5939909,185.7937327,0.384234776,NORM
60.447369,0.04367742,13.714,47.5988,3133.78,4600.112015,392.3431801,177.7853186,0.375531226,NORM
52.85416667,0.03395699,13.57,46.1674,3089.64,12775.35063,1692.20196,998.6417822,0.056063255,NORM
66.26066325,0.035397848,13.2234,46.9828,4410.96,12775.35063,1692.20196,998.6417822,0.056063255,NORM
62.8205129,0.03363441,12.8568,47.5622,6211.64,9064.394089,1605.017444,1034.0842,0.044216985,NORM
59.91713745,0.054795697,18.271,34.0968,1656.38,3357.720444,472.1600507,259.2200387,0.189267446,NORM
54.76644707,0.055096774,17.8574,33.9134,2096.28,2875.740128,418.7393443,220.670666,0.20609714,AROSAL
55.68421021,0.051032258,16.7346,36.4012,2780.62,2820.998718,411.2053543,225.4853926,0.209650176,NORM
60.41025696,0.047999999,16.2768,37.6108,3004.5,2847.350021,655.170278,326.5109751,0.083357052,NORM
59.06815071,0.097290322,15.958,37.9068,3565.82,2302.797516,531.4301763,356.0496467,0.102464445,NORM
60.183535,0.04516129,15.175,40.2162,2725.4,9493.668137,1410.784176,824.9203824,0.05994083,NORM
56.54565837,0.048516128,15.0408,40.4952,3080.2,3734.288544,497.9242375,315.4784428,0.189274105,AROSAL
56.0,0.04612903,14.984,40.9602,3042.36,3854.645172,362.6299822,194.8982936,0.368355241,NORM
55.34868546,0.047612902,14.936,41.4954,3056.54,3944.502914,370.5486504,195.976355,0.361003717,NORM
53.875,0.062838708,14.8688,40.9472,3225.26,5402.358276,1063.242349,431.6229049,0.060052171,NORM
56.26315842,0.052903224,14.8256,40.9108,2395.88,9013.399063,1675.893605,845.2877782,0.040327897,AROSAL
55.38596573,0.044344084,14.5962,41.603,3084.9,9013.399063,1675.893605,845.2877782,0.040327897,NORM
58.0350886,0.055483871,14.5434,42.1486,2993.46,8498.949936,1584.934672,773.1094848,0.042516,NORM
63.20512924,0.074580647,14.5722,41.9048,2228.74,9013.399063,1675.893605,845.2877782,0.040327897,NORM
54.0125,0.062709675,14.433,41.8256,2700.16,5391.870239,733.6308862,486.236393,0.125890826,NORM
52.8125,0.063935483,14.0788,42.6644,3094.38,5417.22551,706.2353795,467.1270213,0.136485916,NORM
54.98684158,0.0667957,14.026,43.1316,4567.08,5417.22551,706.2353795,467.1270213,0.136485916,NORM
59.17678757,0.046580646,13.7476,44.2936,5546.2,5441.59816,722.9915833,476.1430697,0.130818706,NORM
57.57894821,0.039096775,13.858,44.4204,2894.14,7329.381851,1265.027402,791.722092,0.057554243,NORM
55.86842079,0.04148387,13.786,43.7268,2116.8,8796.603455,1069.331132,820.9213937,0.096671945,AROSAL
61.79014854,0.061354839,13.497,45.0906,2458.96,19207.73433,2711.896626,1681.650486,0.032820088,AROSAL
56.33333435,0.039354839,13.425,45.7754,2097.86,5994.397171,830.1933371,613.9162175,0.109294144,NORM
60.13967705,0.059548385,13.473,45.1192,3280.44,5693.266052,804.3006986,597.7632368,0.110594735,AROSAL
55.240131,0.053870968,13.3626,45.2432,3805.48,1323.738617,417.7672561,186.5161052,0.095311062,NORM
57.23684273,0.042774193,13.2378,44.8774,2996.64,1300.803024,224.1092199,116.9474031,0.325463248,AROSAL
61.07435176,0.046129032,13.0928,45.0222,5027.44,4073.579498,960.5526546,716.66562,0.055480927,NORM
62.51282043,0.038516129,12.992,45.6404,2149.92,4073.579498,960.5526546,716.66562,0.055480927,NORM
64.29761988,0.049870967,13.016,45.8178,2380.12,9441.029831,1130.084937,883.9300169,0.092898149,NORM
61.32726021,0.053870968,13.016,45.7306,2600.86,9062.688828,1034.737068,821.806974,0.106367002,NORM
61.96198845,0.060215051,13.016,46.4714,3334.02,9900.172363,1065.33816,794.5987042,0.109616935,NORM
58.55263176,0.058903226,13.016,46.366,2559.84,4234.364548,533.4354455,333.9301931,0.186996883,AROSAL
63.9835144,0.064322579,13.04,45.6716,1695.82,3850.819031,488.9431769,311.3516696,0.202416632,AROSAL
60.75506096,0.038580645,12.968,45.5624,1763.6,3626.231064,454.3773666,268.2283782,0.220715055,AROSAL
58.17611389,0.05580645,12.968,45.5686,2194.04,3626.231064,454.3773666,268.2283782,0.220715055,AROSAL
56.49473846,0.034967742,12.881,46.156,2026.9,4136.72699,547.3096043,332.0456948,0.173540396,NORM
63.20512924,0.088838708,12.8134,46.2594,1375.7,2785.483246,339.8963771,164.0989263,0.30298236,AROSAL
59.89608688,0.044322581,12.8038,46.352,1399.34,2807.142532,335.3475248,164.5568868,0.313678042,AROSAL
57.36842117,0.050709676,12.7414,46.586,3218.96,24853.95938,2326.113195,900.5801814,0.057722317,NORM
64.8684377,0.038967742,12.703,46.7052,1973.32,20686.61787,1582.393434,797.9472466,0.103817463,AROSAL
55.26315816,0.039569892,12.7222,46.2664,2641.86,5620.563187,809.7332742,539.0773591,0.107722327,NORM
59.34547882,0.060516128,12.5386,46.97,3006.08,4868.130966,694.1605692,446.2188299,0.126955709,NORM
61.48717995,0.094064515,12.5436,47.1194,1557.04,3422.306076,509.4550271,305.4930573,0.165697902,NORM
61.34952774,0.040387098,12.3496,47.7134,2276.04,7571.846725,1102.900652,783.3195527,0.078223797,NORM
61.49572703,0.228903226,12.4178,47.6536,918.44,14436.0423,1985.01785,1182.869263,0.046039349,NORM
62.47435913,0.047419353,12.4514,47.677,1151.82,16477.22092,1989.155678,1513.623758,0.052330668,NORM
60.53846207,0.037935484,12.4514,47.6214,1178.6,9204.011215,1112.960938,886.8501018,0.093374257,NORM
59.16644185,0.06,12.316,48.1226,1383.6,17041.38597,1335.939718,579.3515015,0.119988895,AROSAL
59.79239731,0.046107527,15.0406,40.616,2980.86,3524.880325,585.8220414,356.8207337,0.129069261,NORM
56.52631531,0.041225805,14.2948,42.9106,1896.02,3420.606201,356.6982802,207.8043069,0.337839878,NORM
55.96052628,0.043419354,13.7332,44.7186,1389.9,9013.399063,1675.893605,845.2877782,0.040327897,NORM
52.2,0.043354837,13.4538,45.5916,2216.1,5391.870239,733.6308862,486.236393,0.125890826,AROSAL
57.13157883,0.036774193,13.257,45.7482,4368.4,4478.507721,590.6068253,394.3423801,0.161341566,NORM
56.67894638,0.049096776,13.233,45.6078,3728.22,4551.356537,587.1882092,387.946344,0.16588078,NORM
59.59941495,0.063333333,12.896,46.6304,2345.44,8451.465057,1047.633064,783.3725716,0.096766152,NORM
56.49999924,0.034064517,12.9152,46.6144,2867.32,8644.483566,1065.085671,800.2501603,0.095759051,NORM
57.90913213,0.054064518,12.7894,46.2128,4094.02,8580.889771,1029.522064,805.1030405,0.101735113,NORM
62.95801773,0.03455484,12.775,46.0244,1853.46,6122.567093,837.4425163,643.6262038,0.109706764,NORM
62.46153831,0.034580646,12.654,46.5254,2881.52,11040.05499,2008.224995,1064.906043,0.034399835,NORM
58.6504715,0.036129031,12.5964,46.9958,2186.16,1470.935654,249.5235089,86.85630832,0.296879767,NORM
58.91228142,0.056387096,12.5628,46.9668,3509.06,1390.505768,245.5096326,94.11177923,0.289898245,NORM
55.32236824,0.031548387,12.524,47.5252,3256.78,1517.006393,502.3466525,221.7025475,0.075542308,NORM
57.00000114,0.042516128,12.529,47.563,2785.32,1555.561615,287.441319,167.7034771,0.236591255,NORM
62.71794764,0.045892471,12.2822,48.4512,2458.92,1405.062836,209.4041028,113.3583947,0.402656985,NORM
60.44750336,0.038258065,12.3304,48.729,2501.52,2828.504593,610.8027081,255.2299657,0.095271904,NORM
61.97840767,0.038645161,12.369,47.6352,2845.26,9104.848297,1037.240839,821.5556843,0.106346539,NORM
56.28947296,0.043032259,12.389,47.712,2060.02,9118.392258,1037.061032,826.0110349,0.106541671,NORM
61.1970314,0.033354839,12.389,47.681,2794.8,9394.24733,1044.580139,698.9370447,0.1081903,NORM
62.28205147,0.036903226,12.369,47.7344,2990.3,5621.852753,832.0634066,596.55402,0.102041418,NORM
61.43589783,0.039806454,12.437,46.913,2673.38,2979.101273,365.8225331,182.5302799,0.279739778,NORM
58.51619492,0.033741935,12.437,47.0122,1200.7,2881.185837,353.6744402,169.1822756,0.289450154,NORM
61.99437803,0.109010754,12.3938,46.4798,2246.08,6875.125809,842.3810794,544.137484,0.121751216,NORM
59.58502007,0.031290321,12.2382,45.9388,1629.56,8792.590195,1207.860044,847.7691987,0.075734448,NORM
62.4358963,0.048172042,12.1566,46.4742,1527.08,6656.184509,1322.894398,816.7597863,0.047795264,NORM
64.7793045,0.053419357,15.1414,60.738,32280.1,3357.720444,472.1600507,259.2200387,0.189267446,AROSAL
61.44444427,0.071827955,15.5906,59.6808,32280.1,2967.921295,427.9753244,232.8389317,0.20362204,NORM
61.66666718,0.06129032,15.6666,59.3814,32280.1,2875.740128,418.7393443,220.670666,0.20609714,AROSAL
54.78070272,0.08344086,16.1914,58.8092,32280.1,2820.998718,411.2053543,225.4853926,0.209650176,AROSAL
61.87692261,0.064580644,17.7576,53.5616,32280.1,2010.048798,428.3209465,254.0358956,0.137682213,AROSAL
55.26644783,0.046258063,18.033,51.4782,4209.16,3846.023849,356.6492221,178.9691705,0.379961221,AROSAL
58.30526291,0.039225807,17.6576,52.7082,3269.4,4600.112015,392.3431801,177.7853186,0.375531226,AROSAL
52.775,0.037204301,17.3632,54.1078,3587.92,5943.269852,959.8439266,700.9478286,0.081065128,AROSAL
62.07692261,0.055741937,17.1674,53.8954,7209.7,9064.394089,1605.017444,1034.0842,0.044216985,AROSAL
60.69095891,0.037053764,16.9104,55.0954,3188.98,8750.497086,1056.348336,675.4763072,0.098543568,NORM
56.56342735,0.038193548,16.82,58.0626,2569.32,8248.863266,1026.229527,792.8596631,0.09842716,AROSAL
62.92731781,0.078516129,16.8488,56.7204,3140.1,8522.591888,1023.716115,766.8836055,0.102193312,NORM
60.73414243,0.051677418,16.844,56.4764,4327.4,8515.145874,1107.835443,811.5399868,0.087186942,AROSAL
62.83882828,0.039225807,16.9058,54.997,4188.64,20605.18929,2708.031736,1953.212639,0.035308476,AROSAL
58.03896713,0.037548387,16.915,55.4876,5405.92,14124.56232,2703.568651,1700.048041,0.024283432,AROSAL
63.59706841,0.060967745,16.8536,55.893,3818.1,6154.90535,840.9968146,635.9802719,0.109355981,AROSAL
62.57875481,0.043548387,16.796,56.3414,2520.46,1615.315674,265.2694879,88.72415192,0.288464699,NORM
60.56815122,0.05804301,16.725,56.6712,2328.1,1873.197845,443.0643946,156.0443855,0.119911217,NORM
54.65789528,0.038387096,16.6584,55.2176,1788.82,1654.911255,438.8496859,156.8501489,0.107982404,AROSAL
53.96463852,0.036129033,16.6204,55.1204,1784.08,1654.911255,438.8496859,156.8501489,0.107982404,AROSAL
60.53846016,0.065677418,16.4774,55.636,3665.16,1482.599152,316.6286704,184.820283,0.185837407,AROSAL
63.12087936,0.036903225,16.4438,55.8806,9461.3,2094.907532,540.3637015,371.8122918,0.090157609,AROSAL
59.8830424,0.044438708,16.1104,56.0254,5066.88,2113.712585,287.1117067,144.5507027,0.322221115,AROSAL
63.78687096,0.036645162,16.2346,56.4088,4962.8,8055.48732,1780.554756,1079.182648,0.031929419,AROSAL
63.69230804,0.066838711,16.677,54.1496,3192.16,4162.454361,528.5142436,332.9788452,0.187260404,AROSAL
69.96068649,0.042387097,16.506,55.506,4433.02,3944.915726,539.691145,327.184026,0.170199002,AROSAL
65.17355766,0.038548387,16.4822,55.46,7996.5,14826.49474,1695.690096,712.6120663,0.064797072,AROSAL
63.80769234,0.038387096,16.4486,54.7468,3190.56,2977.948807,338.6455689,174.7546881,0.326314443,AROSAL
59.13157997,0.055870969,16.3632,53.9812,2566.14,3410.305161,373.6571132,182.714175,0.306942197,AROSAL
66.95238291,0.040688173,16.4966,53.9516,4451.96,3122.184433,367.6121683,174.3448142,0.290327825,AROSAL
59.81578979,0.03967742,16.9438,52.8852,29039.86,6656.184509,1322.894398,816.7597863,0.047795264,AROSAL
61.88461533,0.048774192,23.0544,29.8612,1013.08,3357.720444,472.1600507,259.2200387,0.189267446,AROSAL
60.74089165,0.040064515,22.6666,30.9566,1832.96,3357.720444,472.1600507,259.2200387,0.189267446,AROSAL
55.43750025,0.039032257,22.6186,31.1534,1525.5,3263.18988,462.2215702,239.6852709,0.191933946,AROSAL
60.61201134,0.06348387,21.939,32.4294,1836.14,3294.541183,376.3198655,217.2374072,0.29234153,AROSAL
56.66666667,0.056860213,20.679,34.1976,2162.52,3893.842102,372.0529997,195.1051253,0.353491178,AROSAL
54.17763176,0.046258063,20.5502,34.456,2170.42,3973.923035,365.8333527,191.0530706,0.373132194,AROSAL
55.36043574,0.043612903,20.7556,34.6532,2250.82,4333.322952,373.6676626,183.4871828,0.389995765,AROSAL
62.59065971,0.112129033,21.0934,34.4942,2821.58,5402.358276,1063.242349,431.6229049,0.060052171,AROSAL
60.47300949,0.060193545,20.8362,34.3244,1642.18,4570.87384,586.6267002,397.5174607,0.166911187,AROSAL
59.89113719,0.043913979,20.96,34.521,1648.5,4552.491501,595.5870684,401.791263,0.161275534,AROSAL
65.57326152,0.059010752,20.9744,35.1226,3107.0,4171.05896,805.5069199,336.9796061,0.080782566,AROSAL
59.73144379,0.058322581,20.8984,35.2406,823.86,8948.942047,1057.987607,635.8643254,0.100466298,AROSAL
60.92307777,0.047870966,20.9888,34.8604,1859.78,8347.484436,1984.021863,941.9671972,0.026648488,AROSAL
63.48840078,0.041419355,20.8554,35.6642,1350.48,6281.440796,848.7348091,649.3137632,0.109578438,AROSAL
59.16936569,0.06032258,21.0368,35.7806,1374.12,1586.439865,275.8926419,150.2943125,0.261910701,AROSAL
57.3022934,0.051311827,21.0838,33.223,1598.06,9537.968124,1047.806681,687.5577292,0.109170024,AROSAL
61.41925189,0.065634407,21.2134,34.6504,1500.28,10149.35245,1214.757474,858.4839692,0.086430901,AROSAL
63.37179375,0.071845157,21.2748,34.7952,1429.32,9050.744339,1048.817712,804.0495747,0.103393714,AROSAL
64.32600911,0.046580643,21.3992,34.9984,1902.36,6065.383636,973.3958526,607.447827,0.080443166,AROSAL
61.16666565,0.085548384,21.3756,34.4016,1667.42,4197.941727,530.6125166,319.3865182,0.187366217,AROSAL
70.2687851,0.045548387,22.202,32.5128,5006.98,5162.644867,737.0117662,492.7941619,0.119435456,AROSAL
62.70329742,0.04348387,22.2308,32.0954,3114.88,4831.125122,672.9870117,417.5742879,0.134043199,AROSAL
61.33063583,0.097419352,22.7242,32.6794,2105.78,7571.846725,1102.900652,783.3195527,0.078223797,AROSAL
66.1611702,0.08819355,22.585,32.16,2121.54,2796.82193,712.1695443,371.8552966,0.069295955,AROSAL
60.98245697,0.051870966,16.606,44.05,1006.74,2062.058716,431.1079793,252.8914476,0.139424395,NORM
58.70175552,0.03948387,16.3776,44.63,1142.36,3056.566681,578.2399095,383.9972726,0.114875552,NORM
60.01416931,0.054354835,16.5062,44.1206,1352.06,3471.236771,463.7274887,295.485983,0.202846921,NORM
60.31376648,0.049419354,16.6396,44.0416,8177.82,3796.511719,359.2821896,200.3579607,0.369592569,NORM
52.32916667,0.058486021,16.844,44.3824,8915.76,3796.511719,359.2821896,200.3579607,0.369592569,NORM
53.25,0.04348387,17.0392,44.1778,8821.16,3647.176834,360.9869988,213.4121347,0.351709066,NORM
54.25,0.045419353,17.2676,44.0272,8824.3,3292.447952,375.7315932,213.9085798,0.293071343,NORM
58.49460144,0.042129031,17.796,42.3052,1167.6,4167.804398,366.6201972,186.2995078,0.389658738,AROSAL
59.87584267,0.048451612,17.4816,41.969,1087.16,5603.813736,757.4586566,526.3962681,0.122737052,NORM
57.58704516,0.04223656,17.201,43.3458,1101.36,4940.229294,644.8586243,449.3381277,0.149289047,NORM
57.20917702,0.040064514,16.9726,43.5354,4048.3,8585.057724,1056.316682,658.1916272,0.09668627,NORM
65.20593033,0.04204301,16.687,44.7494,3382.92,8650.410263,1059.449695,800.9415447,0.096846937,NORM
56.15789413,0.039806451,16.8392,44.7618,3187.4,8650.410263,1059.449695,800.9415447,0.096846937,AROSAL
60.88933868,0.040387096,16.6822,46.1178,4854.02,11271.11342,1993.301007,1211.413825,0.035647651,NORM
62.41025696,0.038451613,16.8776,44.0888,3313.56,6041.190689,833.6225665,631.970195,0.109242966,AROSAL
64.96062241,0.03916129,16.8966,44.1542,2492.06,5895.887115,825.039217,654.8882832,0.10884534,NORM
58.84075546,0.040129031,16.7964,44.997,1733.66,5851.256027,821.5335156,634.2568582,0.108945274,NORM
62.94322357,0.039664516,16.8584,44.251,2097.88,5755.126572,807.2608256,616.0813745,0.110978024,NORM
55.33771973,0.038752687,16.4246,47.4356,1002.02,1654.911255,438.8496859,156.8501489,0.107982404,NORM
62.19230843,0.042193549,15.5282,47.2272,7078.86,4073.579498,960.5526546,716.66562,0.055480927,NORM
64.48992653,0.039548386,15.4994,48.5394,7859.32,16477.22092,1989.155678,1513.623758,0.052330668,NORM
63.85714416,0.040451612,15.6002,48.4032,8204.64,9209.96814,1115.047044,899.0563862,0.093085409,NORM
64.0757019,0.041548385,17.2676,44.6742,6892.78,10648.1147,1242.019997,793.3960039,0.086741196,NORM
61.1934021,0.042709679,17.4912,43.8568,6519.1,10598.03326,1230.738767,808.4845751,0.087923179,NORM
60.36167374,0.040064514,15.972,46.9956,2730.14,18078.0144,1291.282354,551.5238679,0.136244243,AROSAL
57.9113252,0.040619354,16.2154,46.6752,2835.78,18078.0144,1291.282354,551.5238679,0.136244243,NORM
61.81196645,0.048064516,16.6298,45.1722,6047.64,4900.049454,977.1444268,795.9872821,0.064490064,NORM
67.75000229,0.046000001,17.4484,43.2158,6567.98,6948.812363,846.9353588,508.2828286,0.12173625,NORM
59.92996864,0.041870968,18.0954,42.2372,4948.64,2718.964615,351.8486136,167.6292627,0.275995329,NORM
63.49310875,0.044580646,18.3664,42.0442,5196.2,7644.66304,1110.231687,812.9986125,0.077936514,AROSAL
59.06680183,0.04363871,18.6848,41.766,5029.06,7644.66304,1110.231687,812.9986125,0.077936514,AROSAL
65.15018158,0.134322582,18.956,40.0444,8620.88,16247.91142,1998.296898,1179.968997,0.051131364,AROSAL
53.11904907,0.137548379,17.2502,22.364,4630.94,3357.720444,472.1600507,259.2200387,0.189267446,AROSAL
57.96491089,0.058881719,20.1838,29.8642,1511.32,2875.740128,418.7393443,220.670666,0.20609714,AROSAL
55.98026428,0.100516129,20.0834,29.7356,1236.96,2819.8246,409.6901478,229.0161324,0.211115888,AROSAL
54.83552704,0.061419352,20.1026,29.4698,1538.12,2819.8246,409.6901478,229.0161324,0.211115888,AROSAL
59.78609962,0.181032256,19.9598,29.4244,2137.28,2820.998718,411.2053543,225.4853926,0.209650176,AROSAL
59.61403478,0.163741935,19.4604,29.9836,1974.88,2644.737762,391.6634903,176.4151598,0.216653795,AROSAL
62.51282234,0.093677419,19.427,31.3238,6962.14,4865.717499,775.765545,435.5347499,0.101600485,AROSAL
54.41973694,0.084129031,17.9716,33.9046,2365.92,3846.023849,356.6492221,178.9691705,0.379961221,AROSAL
61.35042699,0.132602148,17.8528,34.4704,918.44,13236.00783,1693.257577,1019.931389,0.058012399,AROSAL
56.75263031,0.110064513,17.4106,35.6098,1030.38,5244.783249,729.608977,500.0978272,0.123810384,AROSAL
58.31106644,0.108322581,17.5196,35.4508,1462.42,5437.064026,701.3687895,476.6469082,0.138893346,AROSAL
62.89743652,0.121032255,17.51,36.2382,6098.08,10323.66219,1648.995822,1009.61726,0.047709464,AROSAL
56.56140315,0.113118279,17.6338,35.5534,1593.32,4417.621124,586.5790095,395.1899173,0.161341204,AROSAL
58.75078634,0.129720426,16.963,37.1248,1140.78,5156.367706,663.4001636,497.9882211,0.14723213,AROSAL
59.32128525,0.163225803,16.4584,38.6292,3367.14,7925.186264,1054.988342,637.5719884,0.089479597,AROSAL
55.03947334,0.064129031,16.8248,37.3246,2626.1,8248.863266,1026.229527,792.8596631,0.09842716,AROSAL
65.54548238,0.107763435,16.8106,36.6036,6236.86,8336.062607,1701.269152,1191.834941,0.036193016,AROSAL
62.28205147,0.172645155,16.7682,36.8586,2572.46,6116.997421,852.9957189,654.2745384,0.105646341,AROSAL
67.85834376,0.127462367,16.7726,36.7424,1473.48,5898.029831,805.2291772,608.5450142,0.114308315,NORM
62.41636187,0.136537634,16.7012,36.8258,1389.9,5966.44104,826.0954199,602.8527746,0.109866373,AROSAL
53.0,0.070129031,16.8056,38.9046,3917.46,1274.667603,341.5337946,186.6845355,0.137321787,NORM
53.5,0.067096772,16.796,38.8004,3915.88,1274.667603,341.5337946,186.6845355,0.137321787,AROSAL
61.80769196,0.092103225,16.963,37.623,4535.54,1545.993042,286.3735265,163.7540848,0.236892692,AROSAL
60.32478612,0.13176344,16.92,36.8222,3518.52,1328.334885,226.9343383,119.1453725,0.324128345,AROSAL
63.61538353,0.152967736,16.8104,36.6946,5358.56,1318.118042,208.7002553,113.4013547,0.380292892,AROSAL
64.88205223,0.135548388,17.225,36.2944,8316.58,2796.82193,712.1695443,371.8552966,0.069295955,AROSAL
62.10256424,0.14212903,17.4198,35.8712,6206.88,9441.705139,1046.023229,686.5131999,0.108437036,NORM
66.50643311,0.175741931,17.772,35.5018,2416.38,9858.853302,1050.883095,798.8614922,0.112183105,AROSAL
60.86471024,0.10993548,17.9288,35.9544,5492.62,3778.494003,533.7465931,333.6442557,0.166670358,AROSAL
59.99373398,0.104258067,17.962,35.8398,5306.58,4013.301315,538.3952493,319.1261857,0.173983953,AROSAL
54.69298197,0.10111828,17.9006,35.899,5041.66,4013.301315,538.3952493,319.1261857,0.173983953,AROSAL
61.397435,0.175806449,17.5772,36.3684,4467.74,2837.642746,329.2556571,171.1778024,0.328928187,AROSAL
59.35919978,0.094903223,17.577,36.3554,4861.94,17981.47408,1597.57397,858.1502055,0.088534636,AROSAL
72.15634613,0.102193549,17.943,35.962,10218.16,16523.87279,1552.580081,913.1134234,0.086141749,AROSAL
65.9681722,0.071268815,18.2048,35.2038,10974.98,14217.73578,1523.897863,758.4938403,0.076935819,AROSAL
63.46153679,0.092129031,18.3094,34.769,11276.12,8002.919388,1503.669483,756.0940337,0.044478848,AROSAL
61.43589783,0.107548385,19.3936,33.5172,17442.8,3418.91658,455.3817194,231.2980172,0.207179692,AROSAL
59.70917702,0.073419352,20.3454,31.0578,10971.84,7571.846725,1102.900652,783.3195527,0.078223797,AROSAL
65.30220032,0.091483871,20.455,31.2804,5620.32,9209.96814,1115.047044,899.0563862,0.093085409,NORM
54.61842117,0.04516129,20.3458,32.5262,1093.46,2707.192215,398.3641821,206.0868118,0.214372163,NORM
56.00000038,0.045419354,20.3976,32.3848,1061.94,2707.192215,398.3641821,206.0868118,0.214372163,NORM
52.70833333,0.044774194,20.412,32.38,1072.98,2707.192215,398.3641821,206.0868118,0.214372163,NORM
59.52704706,0.064344085,19.898,33.1344,5880.5,3122.790482,708.9103855,321.8223052,0.078085435,NORM
60.38461571,0.05096774,19.6602,33.6538,1024.1,1785.477127,303.0528411,120.9179907,0.244302232,NORM
63.87179321,0.044301076,19.66,33.7064,1207.02,3360.187881,558.8323918,319.8333349,0.135210458,NORM
59.66261864,0.054064514,18.9844,33.8414,1758.88,3865.437485,496.1589054,281.389685,0.197318105,NORM
59.64777298,0.079225807,19.1986,35.1164,9330.42,3328.953125,379.5090804,217.4716718,0.290451217,NORM
58.13157806,0.167741933,19.3176,35.5804,10185.02,3373.962418,380.0720645,226.1179482,0.293506825,NORM
60.57692261,0.047290321,20.6788,32.0846,1274.8,3742.970459,531.1056424,363.6714734,0.166749459,NORM
65.62087898,0.079458062,19.8218,32.9224,2132.54,4657.733734,608.9737766,408.5185945,0.157829194,NORM
59.63157883,0.044877419,19.746,32.9156,1230.66,4407.372086,576.2467055,378.9387472,0.166791022,NORM
61.10683645,0.046129031,19.4792,33.3602,1454.56,4940.229294,644.8586243,449.3381277,0.149289047,NORM
62.20879059,0.042752687,19.0128,34.0676,1058.78,8651.739807,1056.100442,664.7493103,0.097477159,NORM
58.26180827,0.044043012,19.0986,35.5722,3433.36,8248.863266,1026.229527,792.8596631,0.09842716,NORM
60.00472336,0.040774192,18.4044,37.7392,1544.44,1555.561615,287.441319,167.7034771,0.236591255,NORM
58.79999893,0.041032257,18.366,35.7556,860.12,1301.40239,208.8683169,112.883717,0.374866239,NORM
62.90707397,0.042193549,18.4708,35.5764,6787.14,6370.26326,1796.943568,1112.196108,0.024791247,NORM
68.61904755,0.044193549,18.9704,34.1952,8376.48,1327.761505,208.895056,113.3295656,0.382361022,NORM
63.97436066,0.045935483,20.8554,31.6746,9912.24,10270.00999,1157.180522,792.3228187,0.096378131,NORM
63.35897598,0.044580645,21.3228,31.0686,1708.4,3586.619598,486.0073367,258.6584102,0.19081369,NORM
59.70917625,0.046064515,20.5646,31.9816,1709.98,2799.813599,336.7952797,162.53168,0.310175143,NORM
65.15842552,0.062645162,20.8842,32.2424,5973.52,8002.919388,1503.669483,756.0940337,0.044478848,NORM
60.78243624,0.045591398,21.9294,30.7798,5547.8,3592.833405,781.2376662,553.6248888,0.073974254,NORM
66.98168564,0.044593548,22.4266,29.6076,5530.44,7644.66304,1110.231687,812.9986125,0.077936514,NORM
58.68003235,0.045354838,20.8794,30.6502,1375.72,2819.8246,409.6901478,229.0161324,0.211115888,NORM
63.56043854,0.044989247,19.8788,31.9936,3925.32,4220.47551,762.9689817,375.8646846,0.091108204,NORM
62.07946154,0.056430109,19.8456,32.4284,8083.22,9125.151688,1508.592971,968.7946241,0.050385526,NORM
58.50652262,0.047096772,20.9652,31.0446,7283.78,3336.458374,373.8842199,203.8461027,0.299930964,NORM
53.9254392,0.045677419,21.6328,29.777,453.3,10653.80118,1686.091908,976.0412903,0.047092524,NORM
55.40131493,0.045729032,21.7336,29.3222,459.62,5237.692795,699.3132212,474.1670396,0.134588021,NORM
62.82051468,0.044043012,20.698,30.074,1758.86,4657.733734,608.9737766,408.5185945,0.157829194,NORM
59.77192879,0.044451614,20.5312,30.8672,962.6,5098.316467,653.6821276,450.8537343,0.149935141,NORM
60.4615392,0.045591399,20.6174,30.6078,964.16,4907.588058,641.1910353,467.3455881,0.150004083,NORM
68.01482925,0.059935483,20.5742,31.124,4075.12,8755.084915,1074.49868,821.3389178,0.095292441,NORM
68.09828949,0.058774195,21.0652,30.546,1456.12,6077.39389,834.5599789,626.7353843,0.109650885,NORM
53.0,0.04683871,21.437,30.3368,1207.0,6221.416183,845.3615981,652.953307,0.109399185,NORM
60.2780014,0.050645161,21.4178,30.7766,2447.94,6154.90535,840.9968146,635.9802719,0.109355981,NORM
61.34552612,0.139741931,21.3658,30.685,2421.12,6041.190689,833.6225665,631.970195,0.109242966,NORM
60.52294159,0.047225804,21.2652,30.7098,3657.26,1645.968063,268.8547285,87.99535244,0.286151423,NORM
59.55263176,0.04548387,21.199,30.8912,3632.04,1570.02037,260.8942064,84.20423509,0.289858661,NORM
64.14468842,0.04516129,21.0554,30.4648,4319.52,1873.197845,443.0643946,156.0443855,0.119911217,NORM
58.9705363,0.043333333,20.7268,30.6306,4267.48,1323.738617,417.7672561,186.5161052,0.095311062,NORM
58.28947411,0.044580646,20.555,31.8812,4374.7,1599.528732,281.0186143,150.7790373,0.254525755,NORM
62.11111018,0.044344087,20.4216,31.3772,2403.76,1292.667847,210.7859395,112.1565844,0.365606186,NORM
67.04212494,0.046129031,20.6172,31.1544,8737.58,9459.28595,1045.317611,697.0621074,0.108785668,AROSAL
59.83805644,0.048731181,20.6314,31.156,7458.82,9908.115204,1050.995517,788.1233759,0.112719534,AROSAL
69.28832067,0.045230107,21.7384,30.7566,4822.5,4197.941727,530.6125166,319.3865182,0.187366217,AROSAL
68.17857285,0.048064516,21.8336,29.223,6607.38,5621.852753,832.0634066,596.55402,0.102041418,AROSAL
60.33288447,0.045462365,22.1204,28.8628,3937.94,4162.454361,528.5142436,332.9788452,0.187260404,AROSAL
54.12417793,0.043806453,21.8766,29.737,1892.9,4039.99939,629.744786,372.9809389,0.128015337,AROSAL
60.87179489,0.043548388,21.4178,30.3286,5658.18,3680.70491,530.4814515,304.466736,0.164361637,AROSAL
63.48717804,0.04683871,21.4466,30.2572,2783.76,14826.49474,1695.690096,712.6120663,0.064797072,AROSAL
60.66666527,0.046048386,21.2892,30.5784,2556.72,2979.101273,365.8225331,182.5302799,0.279739778,AROSAL
60.47368546,0.045612903,21.1222,30.631,3706.16,3038.244904,340.4630518,170.3685253,0.329376543,AROSAL
58.24561335,0.050924731,20.889,31.025,2924.08,23482.20082,2336.241711,921.2115389,0.054064615,AROSAL
59.76428223,0.045427957,20.8936,30.8848,2905.16,23482.20082,2336.241711,921.2115389,0.054064615,AROSAL
65.61904755,0.066258066,21.0746,30.9938,4317.92,3716.819138,423.6329204,217.7130861,0.260256682,AROSAL
63.04886983,0.046795697,21.6376,30.2598,7173.42,4464.094498,574.8837786,358.4909925,0.169739584,AROSAL
65.75915642,0.046387096,22.0062,29.7542,13283.36,6875.125809,842.3810794,544.137484,0.121751216,AROSAL
65.70879059,0.048774192,22.5466,29.4294,11083.8,2879.837189,348.7139612,160.317347,0.29760425,AROSAL
65.18986575,0.047548387,22.968,29.3086,10959.2,2715.856262,354.842951,170.7300093,0.271046798,AROSAL
62.90750961,0.048322579,23.4676,27.4696,13830.48,4073.579498,960.5526546,716.66562,0.055480927,AROSAL
65.06349246,0.048731181,23.1744,27.216,5607.7,9227.542587,1037.252676,832.0083913,0.107777175,AROSAL
67.53571472,0.198387093,20.3648,30.6662,622.02,2600.044525,386.0026595,187.8193455,0.219285571,NORM
66.46245422,0.044580645,20.3026,30.5612,1492.4,3732.779922,457.7464198,291.2689016,0.223868164,NORM
65.07783864,0.045505376,20.079,30.8218,724.5,3373.962418,380.0720645,226.1179482,0.293506825,NORM
64.10531311,0.045870967,20.1076,30.8778,513.22,3494.806427,359.7154939,209.7493542,0.339402237,AROSAL
61.14620005,0.044688173,19.4888,31.5682,603.1,3846.023849,356.6492221,178.9691705,0.379961221,NORM
64.75458069,0.063096774,18.8418,32.6156,587.32,3884.518173,378.1081907,199.847059,0.341440356,NORM
65.83882751,0.044129033,19.1414,32.55,1446.68,5393.97348,699.9668257,494.8959091,0.138345092,NORM
66.04761963,0.044258065,19.1414,32.2662,1066.68,4657.733734,608.9737766,408.5185945,0.157829194,NORM
68.8339447,0.043290324,18.8372,33.6764,2118.36,4748.480179,925.3451727,378.3796699,0.069687834,NORM
68.31746216,0.044161291,18.8844,33.5492,3594.22,7993.362518,1109.534424,680.5659086,0.081593923,NORM
66.63095169,0.043935485,18.889,34.135,486.42,8523.879425,1056.487831,648.7110516,0.09596617,NORM
61.102565,0.042903228,18.913,33.6308,582.62,8347.484436,1984.021863,941.9671972,0.026648488,NORM
58.82995949,0.043677419,18.794,33.2976,401.28,7318.44281,1311.065339,925.9283054,0.053503215,AROSAL
64.70513,0.042129031,18.6894,33.6892,577.9,1360.763977,247.8417334,96.7285599,0.278383693,NORM
53.83333333,0.041182795,18.6612,33.8114,477.0,1873.197845,443.0643946,156.0443855,0.119911217,NORM
65.81318385,0.043010755,18.58,33.8168,667.78,6370.26326,1796.943568,1112.196108,0.024791247,NORM
66.86904831,0.042606451,18.5522,33.5844,836.48,9046.970291,1036.534896,834.4636075,0.105814497,NORM
57.54386012,0.043569893,18.533,33.793,524.28,9432.126877,1044.663553,702.7801449,0.108609199,NORM
68.23412781,0.045870967,18.58,34.1192,661.44,10648.1147,1242.019997,793.3960039,0.086741196,NORM
68.21428375,0.069741936,18.771,33.6962,1093.46,3779.544128,521.2674714,326.6599561,0.174794609,NORM
63.83150177,0.043870969,18.747,33.5952,806.54,4136.27388,549.0942909,342.4609036,0.17239525,NORM
62.2044529,0.043290322,18.747,33.813,445.4,18078.0144,1291.282354,551.5238679,0.136244243,AROSAL
64.11538506,0.042903226,18.985,32.9516,1662.68,4464.094498,574.8837786,358.4909925,0.169739584,NORM
68.09463043,0.044967743,18.985,33.143,1404.1,17057.49397,1989.204072,1469.373424,0.054170945,NORM
65.43498154,0.04567742,19.008,33.3298,1071.4,9129.733887,1051.074084,832.7687846,0.103848763,AROSAL
69.17857056,0.04251613,13.8148,47.3012,1787.22,3135.828445,448.1708702,240.6897728,0.196189115,NORM
59.04948146,0.138623661,13.449,49.0254,2433.72,1878.760422,311.4385139,119.2887886,0.243408999,NORM
66.33333435,0.041290322,13.5844,48.6786,2745.9,3248.054214,601.6277208,343.3265785,0.112765813,NORM
61.08646558,0.146150541,13.642,48.2718,1951.22,9125.151688,1508.592971,968.7946241,0.050385526,NORM
56.38398458,0.041462364,13.738,48.0234,1244.86,3944.502914,370.5486504,195.976355,0.361003717,NORM
60.75528564,0.153445167,13.5312,48.8816,1900.78,5095.67981,683.3711051,481.7823882,0.137119358,NORM
58.79960302,0.041849461,13.5364,48.6472,1706.82,5315.946228,696.6753215,475.4245799,0.137635223,NORM
62.82314962,0.042064516,13.5316,48.4616,1911.84,4861.897507,619.6342098,408.1222831,0.159127372,NORM
60.903508,0.045741937,13.497,48.4936,1889.74,4171.05896,805.5069199,336.9796061,0.080782566,NORM
56.44315033,0.041290321,13.497,48.6672,601.54,8780.663574,1053.738199,824.8364676,0.099373767,AROSAL
53.3125,0.048064515,13.502,48.4326,565.28,8658.8461,1054.825979,788.4907338,0.097793108,AROSAL
62.42032967,0.042387097,13.2714,49.8338,3468.04,8515.145874,1107.835443,811.5399868,0.087186942,NORM
62.74358966,0.042881722,13.305,49.4752,2249.22,11975.15311,1934.912621,1110.241975,0.040194647,NORM
63.66666794,0.043612902,13.281,48.7994,1115.54,8336.062607,1701.269152,1191.834941,0.036193016,NORM
62.79487101,0.0412043,13.2282,48.6812,2238.2,5963.842911,827.8968773,657.7545296,0.109341133,NORM
61.61538417,0.043268819,13.2186,49.4386,544.76,1511.496674,253.4728025,88.9223392,0.295633964,NORM
59.90386302,0.051569892,13.127,50.938,1033.58,1610.164749,285.662451,154.6050932,0.247955566,NORM
58.83130798,0.042387097,12.9824,49.7024,1153.4,1405.062836,209.4041028,113.3583947,0.402656985,NORM
60.87256622,0.043806451,13.3338,49.7252,7641.74,9078.460266,1034.706327,822.6372752,0.10655844,NORM
61.38461558,0.041118279,13.3866,49.7076,1694.22,9144.13559,1037.409871,834.484777,0.106770621,NORM
57.38124123,0.044258065,13.425,48.9048,1098.2,9394.24733,1044.580139,698.9370447,0.1081903,NORM
62.12820511,0.04232258,13.3962,49.3946,1471.9,9071.434982,1052.959372,791.9558278,0.102816455,NORM
64.52564138,0.04304086,13.449,49.025,1352.08,4474.817017,563.749859,369.5893239,0.17693439,NORM
64.93131676,0.045935483,13.546,48.4944,1039.86,4290.720551,634.6678809,358.8330091,0.133858839,NORM
59.7145738,0.043268818,13.57,48.3548,831.74,4013.301315,538.3952493,319.1261857,0.173983953,NORM
62.19658152,0.042150538,13.517,48.9104,1293.72,2979.101273,365.8225331,182.5302799,0.279739778,NORM
56.2631588,0.040580644,13.522,48.5648,547.9,23482.20082,2336.241711,921.2115389,0.054064615,NORM
61.30128326,0.041612904,13.546,48.4882,1309.48,17041.38597,1335.939718,579.3515015,0.119988895,NORM
62.65384661,0.072000001,13.9972,47.6228,2687.58,2878.509628,347.7689547,156.1588671,0.299085894,NORM
64.26488266,0.05051613,14.2036,46.6402,9257.92,9441.029831,1130.084937,883.9300169,0.092898149,NORM
61.07692299,0.094258067,15.9816,43.6908,16905.14,2741.352905,403.526802,223.8515479,0.211558286,NORM
58.0,0.049741936,16.1388,42.9992,18204.38,2875.740128,418.7393443,220.670666,0.20609714,AROSAL
59.36437378,0.047999999,16.2582,42.3012,16514.1,2820.998718,411.2053543,225.4853926,0.209650176,AROSAL
60.67273941,0.047161288,16.9964,41.7094,17926.88,2627.945892,389.9947871,197.61958,0.217124424,AROSAL
59.58097076,0.066064515,18.247,38.073,3341.9,3328.953125,379.5090804,217.4716718,0.290451217,NORM
59.68735911,0.045225807,17.8052,39.185,3294.64,9013.399063,1675.893605,845.2877782,0.040327897,AROSAL
57.96491216,0.06980645,17.515,40.017,2838.92,6330.478516,986.1318297,729.5622865,0.08180436,NORM
56.73684349,0.046838708,17.4438,40.382,4079.86,12642.98363,2042.955507,1125.884587,0.038066384,NORM
59.65204748,0.106881721,17.4438,41.152,3955.3,5010.693542,650.0943167,468.166065,0.148989261,NORM
62.82393199,0.046580643,17.5724,40.0682,2255.54,5850.728317,809.6131034,616.8713002,0.112166906,AROSAL
62.90256287,0.043655913,17.539,39.9486,2184.58,5850.728317,809.6131034,616.8713002,0.112166906,AROSAL
58.98920492,0.044817204,17.0628,41.8258,1355.22,5866.321075,806.8020082,616.9755003,0.113250923,AROSAL
61.63675194,0.045999999,16.9582,42.2222,1289.0,1470.935654,249.5235089,86.85630832,0.296879767,AROSAL
53.3498807,0.044258065,16.9726,41.8154,1385.18,1471.960663,342.168934,172.1238536,0.157988296,AROSAL
53.2307017,0.044258065,16.668,42.2018,1506.6,1471.960663,342.168934,172.1238536,0.157988296,NORM
62.73076859,0.046967741,16.8248,42.4622,1793.56,1351.433456,321.6887465,184.1554877,0.164109149,AROSAL
60.07287445,0.057870967,16.344,41.8274,1307.92,1300.803024,224.1092199,116.9474031,0.325463248,NORM
69.35132167,0.046774192,16.8776,42.2512,8833.74,17057.49397,1989.204072,1469.373424,0.054170945,AROSAL
54.0,0.044774194,16.915,40.8754,2149.9,9102.410034,1038.548068,828.2577504,0.106050582,AROSAL
68.51774445,0.075268814,16.749,41.7198,6963.72,4411.402527,553.0118064,355.288211,0.181266582,AROSAL
59.89878616,0.043010753,16.2582,41.2558,1916.54,3778.494003,533.7465931,333.6442557,0.166670358,NORM
61.03846016,0.046774194,16.3488,42.2798,3646.24,15606.5126,1707.672922,940.526661,0.067252177,NORM
61.71794777,0.044258065,16.3824,42.3284,6429.2,12539.35779,1607.258687,474.7379375,0.060997719,AROSAL
70.97893715,0.046580644,16.415,42.052,2116.8,2851.547867,347.3789289,166.9544604,0.296950176,NORM
62.97680155,0.045591397,16.296,42.3632,2301.26,2808.390366,331.9453256,171.2969375,0.320283248,AROSAL
61.2435894,0.046322579,16.2816,42.5646,1695.8,2837.642746,329.2556571,171.1778024,0.328928187,AROSAL
63.96886482,0.047935483,16.177,42.5212,4649.06,15351.65564,1528.336956,858.3512376,0.082589884,AROSAL
59.50101318,0.04516129,16.5532,41.9464,5774.88,3057.951721,359.9743807,174.3526585,0.296549572,AROSAL
64.41941185,0.044193549,16.8966,42.0554,3693.54,2786.369446,340.3305014,149.1341221,0.302306034,NORM
56.94736862,0.048516128,17.2154,40.8636,4442.5,14436.0423,1985.01785,1182.869263,0.046039349,AROSAL
56.15789452,0.046516128,17.2628,40.6766,4425.14,12691.43449,1883.837832,1462.866856,0.04494005,AROSAL
51.85347862,0.039419355,13.756,33.048,6403.18,3357.720444,472.1600507,259.2200387,0.189267446,NORM
61.00809708,0.050838708,17.3008,41.3216,9847.6,3098.434418,444.1100334,235.9602137,0.197410843,NORM
55.18421021,0.053290322,18.0906,39.3316,10640.72,2741.352905,403.526802,223.8515479,0.211558286,NORM
60.4615387,0.068825804,18.2472,39.613,10462.54,2590.11734,385.4414932,219.0401255,0.219084863,NORM
64.89010887,0.052012901,19.4888,36.6442,2684.44,9764.52739,1459.58495,900.288343,0.057597328,NORM
60.43734245,0.048838708,19.5982,36.5178,1925.98,3420.606201,356.6982802,207.8043069,0.337839878,NORM
59.35492592,0.046903224,18.1904,39.0256,5901.0,4478.507721,590.6068253,394.3423801,0.161341566,NORM
59.21997299,0.055483873,18.2758,39.4094,4576.52,5225.683319,665.4206039,497.8010168,0.148306595,NORM
61.37220062,0.045419354,17.9956,39.8308,5380.68,5392.922592,998.0788056,437.1305127,0.068030613,NORM
55.19298197,0.043526881,17.6196,40.369,1722.62,5862.918167,818.2130973,633.5319899,0.110050202,NORM
58.79757156,0.155225806,17.7864,40.503,2473.14,5850.728317,809.6131034,616.8713002,0.112166906,NORM
58.52429123,0.04664516,17.724,40.6442,1071.4,1873.197845,443.0643946,156.0443855,0.119911217,NORM
53.8125,0.043870969,17.2914,41.2244,845.92,1517.006393,502.3466525,221.7025475,0.075542308,NORM
52.06666667,0.045580645,17.2864,42.1066,875.88,1323.738617,417.7672561,186.5161052,0.095311062,AROSAL
62.99999987,0.044064517,17.3344,41.7988,5377.5,4073.579498,960.5526546,716.66562,0.055480927,NORM
57.81579056,0.044774194,17.6576,40.38,1421.44,9524.54039,1048.092115,691.1927343,0.108956962,NORM
58.52923978,0.043161292,17.6338,41.0066,1523.96,10152.10281,1207.715101,949.8801924,0.087465519,AROSAL
63.20242767,0.046838708,17.7432,40.8196,1836.12,10648.1147,1242.019997,793.3960039,0.086741196,NORM
65.78479843,0.044645162,17.7816,40.6438,5834.76,4420.450058,557.3374134,369.4586116,0.178829827,NORM
57.91227976,0.048774192,17.819,40.3586,1930.72,4430.521591,640.6418046,421.704545,0.13565449,NORM
57.78947372,0.047612904,16.9438,43.335,2228.72,3985.707047,538.6806117,335.3146808,0.172604673,NORM
60.63022995,0.04729032,17.4006,41.3524,1678.44,2902.955765,334.0011657,175.670605,0.327004943,NORM
61.15384674,0.055354839,17.7194,40.7144,3961.58,34743.80023,2834.509892,1486.375959,0.054341451,AROSAL
60.2654068,0.050408601,18.5706,39.4994,6028.72,4831.125122,672.9870117,417.5742879,0.134043199,AROSAL
67.24247233,0.053763438,18.9514,39.2878,4046.74,3422.306076,509.4550271,305.4930573,0.165697902,AROSAL
61.36842232,0.048774192,18.9514,39.2942,3907.98,2879.837189,348.7139612,160.317347,0.29760425,AROSAL
61.8315333,0.060129034,19.9028,37.2804,6459.14,12691.43449,1883.837832,1462.866856,0.04494005,NORM
66.64700788,0.098537627,24.6722,31.7198,4012.04,3357.720444,472.1600507,259.2200387,0.189267446,AROSAL
62.27350245,0.04756989,24.7212,31.677,1591.74,3357.720444,472.1600507,259.2200387,0.189267446,AROSAL
57.0315802,0.045870967,22.6762,34.3514,1574.36,1888.850494,308.7390199,117.3497605,0.249014368,AROSAL
58.69635773,0.051526879,22.8096,34.2976,1850.32,1945.627899,431.8863181,252.9528891,0.131078287,NORM
56.42105217,0.046903224,23.112,34.7708,8001.22,4032.006821,365.4894786,190.9113629,0.379298708,AROSAL
54.0,0.050064516,24.1124,32.1542,1180.18,9591.529037,1684.06532,983.3388583,0.042499111,AROSAL
59.11361872,0.074688171,24.0836,31.541,1676.88,5352.200806,692.991763,476.0162414,0.140050969,NORM
59.42105286,0.04483871,23.0256,34.5836,1424.6,4979.20546,648.4009765,469.55633,0.148827296,AROSAL
57.4280248,0.045634407,22.7904,35.1246,5093.7,8650.410263,1059.449695,800.9415447,0.096846937,AROSAL
57.31578852,0.050666665,22.8672,36.5266,3696.66,8597.709091,1061.741792,799.2538515,0.095841761,AROSAL
61.06837552,0.049101075,23.5162,34.4168,4825.66,9427.63826,1186.571952,872.4914295,0.084144284,AROSAL
57.73684082,0.045341935,22.896,34.7172,2217.68,5862.918167,818.2130973,633.5319899,0.110050202,AROSAL
58.56635234,0.055182795,22.5706,35.7188,6654.7,4073.579498,960.5526546,716.66562,0.055480927,AROSAL
61.08974457,0.047870967,22.4026,35.4712,7424.14,4073.579498,960.5526546,716.66562,0.055480927,AROSAL
59.36842079,0.053580644,22.3786,35.1914,7703.22,4073.579498,960.5526546,716.66562,0.055480927,AROSAL
59.01034609,0.047010753,22.872,34.768,7826.18,9447.332275,1044.647468,706.0284778,0.108787637,AROSAL
56.9298233,0.048473117,22.9824,34.5128,7837.24,9432.126877,1044.663553,702.7801449,0.108609199,AROSAL
63.8376063,0.060774193,24.0212,33.2304,5175.7,5621.852753,832.0634066,596.55402,0.102041418,AROSAL
55.96491216,0.045204301,23.2848,34.435,2678.14,3850.819031,488.9431769,311.3516696,0.202416632,AROSAL
60.94871902,0.04683871,22.9728,34.3594,2753.8,8511.565643,1528.975814,418.1186319,0.045752843,AROSAL
68.30342026,0.044322579,22.9104,34.493,1889.74,2883.640381,353.0781183,163.2523057,0.290676121,AROSAL
62.29914398,0.148688177,22.9728,34.5318,2083.68,2787.4711,356.5338262,173.9932857,0.275561638,AROSAL
61.14350052,0.042623656,23.0544,33.6024,3561.1,17041.38597,1335.939718,579.3515015,0.119988895,AROSAL
61.27443581,0.061870966,22.9152,34.0284,6884.86,7633.697784,1852.719043,639.1067252,0.027946389,AROSAL
67.26190567,0.064645163,22.9152,34.0752,6835.98,16580.3914,1556.479507,939.2357943,0.086003837,AROSAL
63.38034108,0.062838709,23.1984,34.2876,6668.88,4868.130966,694.1605692,446.2188299,0.126955709,AROSAL
63.30677795,0.047032256,23.328,33.8138,5850.52,4433.436691,581.4339397,383.7492894,0.16479712,AROSAL
64.95112762,0.047741936,23.4822,33.4084,5637.68,4433.436691,581.4339397,383.7492894,0.16479712,AROSAL
59.98650589,0.046451611,23.6506,32.983,5614.04,4433.436691,581.4339397,383.7492894,0.16479712,AROSAL
64.15384636,0.047225805,23.7418,33.4452,4552.88,2981.750473,353.2285732,162.8628018,0.300309801,AROSAL
57.48717957,0.04972043,26.109,28.9398,1408.82,3098.434418,444.1100334,235.9602137,0.197410843,NORM
59.20512772,0.049574193,25.7196,29.1934,2001.68,2741.352905,403.526802,223.8515479,0.211558286,AROSAL
54.375,0.048361289,25.6904,29.2862,1735.22,2707.192215,398.3641821,206.0868118,0.214372163,AROSAL
58.91902873,0.080817204,24.3442,30.9786,2709.66,3524.880325,585.8220414,356.8207337,0.129069261,AROSAL
60.22942047,0.062967743,24.2238,31.3116,3069.14,3524.880325,585.8220414,356.8207337,0.129069261,NORM
62.12820435,0.075806453,24.0116,31.8034,6459.16,3647.176834,360.9869988,213.4121347,0.351709066,NORM
53.32456131,0.047634406,24.4118,31.6504,9240.58,3833.974533,358.319514,188.1263612,0.375247811,NORM
63.11538544,0.068322578,24.8422,30.8258,11403.84,3893.842102,372.0529997,195.1051253,0.353491178,NORM
52.70833333,0.062107525,24.8758,30.4914,1268.5,5449.970352,702.2449313,496.5640254,0.138875865,NORM
61.36630058,0.077806453,24.7064,30.7334,3274.12,5296.423126,694.9198023,481.2536652,0.137823464,NORM
57.03508886,0.104559138,24.166,31.589,2526.74,10323.66219,1648.995822,1009.61726,0.047709464,NORM
57.52631607,0.058387097,24.2718,31.5308,2734.9,4339.342651,887.6959086,371.0860667,0.069199885,NORM
57.10954463,0.048731182,24.4408,32.1096,4226.48,8796.603455,1069.331132,820.9213937,0.096671945,NORM
55.15789413,0.054193548,24.6242,32.7626,4343.16,8732.76442,1079.859067,809.5463884,0.094108196,AROSAL
62.80952454,0.082580646,24.726,31.3682,7652.76,16138.15868,2701.116972,1697.508298,0.027795665,NORM
59.72051315,0.085483871,24.808,31.3618,6195.84,14124.56232,2703.568651,1700.048041,0.024283432,NORM
59.04183578,0.046532257,24.8374,30.9602,2517.28,6122.567093,837.4425163,643.6262038,0.109706764,NORM
57.21052628,0.053032257,24.8662,31.104,2507.82,6077.39389,834.5599789,626.7353843,0.109650885,AROSAL
61.62393265,0.054516129,24.6434,30.6876,1508.16,5959.535309,808.0409063,613.6837096,0.114697927,AROSAL
57.21052666,0.049096774,24.7068,30.7468,4496.14,16088.91257,1770.155523,997.9111217,0.064522874,AROSAL
55.19298197,0.04455914,24.2092,32.3704,3400.26,1654.911255,438.8496859,156.8501489,0.107982404,AROSAL
59.7962204,0.060903225,24.7886,32.0998,4180.76,1303.268921,323.5616994,181.7048146,0.156433473,AROSAL
61.70085449,0.186064515,26.3192,28.5616,3942.68,4181.697586,553.7514448,350.6498291,0.171369189,AROSAL
61.48717995,0.074258065,26.3338,28.692,3676.2,3680.70491,530.4814515,304.466736,0.164361637,NORM
62.91623993,0.098494625,25.6762,29.3122,3332.46,6877.30188,1493.183575,460.0018655,0.038761586,AROSAL
61.06275368,0.049303226,24.9,31.0732,2217.68,3716.819138,423.6329204,217.7130861,0.260256682,AROSAL
64.78663127,0.051118279,25.147,30.7976,9015.06,21907.54071,1700.78295,890.2854022,0.095171235,AROSAL
58.76762772,0.061612901,25.1716,30.3606,6093.36,16580.3914,1556.479507,939.2357943,0.086003837,AROSAL
64.98626328,0.080580643,25.3552,29.9502,4483.48,5620.563187,809.7332742,539.0773591,0.107722327,AROSAL
66.12728729,0.06348387,25.3944,30.1836,8119.46,4831.125122,672.9870117,417.5742879,0.134043199,AROSAL
66.17124405,0.103548389,25.5106,29.692,9292.6,6875.125809,842.3810794,544.137484,0.121751216,AROSAL
64.78998922,0.085677415,25.5154,29.828,5867.88,3204.229996,371.2861669,177.3794121,0.292089542,AROSAL
65.71917114,0.050881721,25.8852,29.2002,7652.76,3329.189575,676.501739,478.8274779,0.091413546,AROSAL
62.19230766,0.051999998,26.085,29.3322,5040.08,9118.392258,1037.061032,826.0110349,0.106541671,AROSAL
62.96581179,0.055466665,16.0724,33.8642,14920.02,3357.720444,472.1600507,259.2200387,0.189267446,AROSAL
55.51622187,0.049655914,16.8584,32.4956,14013.36,2707.192215,398.3641821,206.0868118,0.214372163,NORM
60.3623497,0.102322574,18.5424,29.3678,16690.72,1821.875107,304.7928174,113.3881719,0.246444431,NORM
63.84157562,0.059548388,18.7662,28.726,12830.82,3360.187881,558.8323918,319.8333349,0.135210458,NORM
55.01923014,0.101118281,17.7578,29.8078,3338.76,9591.529037,1684.06532,983.3388583,0.042499111,NORM
59.50697174,0.070752688,17.382,30.8354,2980.88,10653.80118,1686.091908,976.0412903,0.047092524,NORM
54.79934235,0.06116129,17.4534,31.1062,3267.82,12775.35063,1692.20196,998.6417822,0.056063255,NORM
61.6324791,0.049419353,17.9908,30.3182,7507.68,4682.319504,608.13864,416.2830751,0.159098363,NORM
61.1538456,0.058387096,18.1808,29.4442,5549.36,4171.05896,805.5069199,336.9796061,0.080782566,NORM
62.45299072,0.058924729,18.1712,28.9642,5973.52,5392.922592,998.0788056,437.1305127,0.068030613,NORM
64.485348,0.071827956,18.0952,28.6784,5286.06,8429.013962,1185.735105,767.217699,0.075337513,NORM
60.02249247,0.047268817,18.1284,29.513,3263.1,8755.084915,1074.49868,821.3389178,0.095292441,NORM
60.74224014,0.078064512,18.0378,30.9382,2589.8,8732.76442,1079.859067,809.5463884,0.094108196,NORM
59.02631645,0.052322579,18.0714,31.1728,2572.46,8248.863266,1026.229527,792.8596631,0.09842716,NORM
63.48717804,0.06223656,18.2566,30.314,4860.34,19207.73433,2711.896626,1681.650486,0.032820088,NORM
59.06477687,0.128516127,18.1286,29.5732,2006.42,5963.842911,827.8968773,657.7545296,0.109341133,NORM
55.10197436,0.061720429,18.0288,29.5584,1784.08,5963.842911,827.8968773,657.7545296,0.109341133,NORM
55.84210587,0.045612904,17.7098,29.7906,1661.1,5851.256027,821.5335156,634.2568582,0.108945274,NORM
56.44736824,0.054451611,17.3582,29.993,1695.8,5851.256027,821.5335156,634.2568582,0.108945274,NORM
62.74358864,0.059483868,17.0344,31.9988,2783.76,5693.266052,804.3006986,597.7632368,0.110594735,NORM
58.11538467,0.079806451,16.9726,31.6706,6922.74,8055.48732,1780.554756,1079.182648,0.031929419,NORM
63.39914627,0.28148386,16.3964,32.4212,17712.46,9062.688828,1034.737068,821.806974,0.106367002,NORM
58.49527664,0.098387097,16.8584,31.588,3387.64,9537.968124,1047.806681,687.5577292,0.109170024,NORM
56.42982559,0.059483868,17.1868,30.5474,2873.62,9537.968124,1047.806681,687.5577292,0.109170024,NORM
62.8076931,0.073677418,17.153,30.1146,3502.76,10669.19955,1219.71743,878.4894382,0.090120427,NORM
66.59157562,0.077225805,17.2442,30.3014,6585.3,11673.16156,1467.096304,995.0679781,0.068152394,NORM
61.99145126,0.055397849,17.0868,30.109,2175.12,4039.99939,629.744786,372.9809389,0.128015337,NORM
61.42307663,0.100516128,16.3104,31.9208,2900.44,3726.904266,464.0130824,289.3411205,0.217519227,NORM
63.24359207,0.070838711,16.2438,31.9742,2966.66,4136.72699,547.3096043,332.0456948,0.173540396,NORM
63.23077037,0.099311824,16.2342,32.0652,4844.56,14826.49474,1695.690096,712.6120663,0.064797072,NORM
59.35222677,0.07023656,16.3344,31.851,5962.5,5277.847641,1476.467651,467.6650709,0.030424177,NORM
56.62753029,0.057290321,15.8004,32.7534,3143.28,17041.38597,1335.939718,579.3515015,0.119988895,NORM
61.94166641,0.093118276,16.201,32.364,7383.1,6685.361542,820.1311756,522.0195733,0.124901634,NORM
64.56140518,0.121032256,16.201,32.364,7383.1,4018.076447,561.4008289,319.9369726,0.160207174,NORM
60.01147118,0.123655916,16.201,32.364,7383.1,9430.942764,1045.710558,685.0161518,0.108378213,NORM
53.47916667,0.060731182,22.705,22.058,1561.78,2642.637512,390.5669659,226.4940211,0.217699005,AROSAL
57.47307739,0.10096774,22.7098,22.0242,1804.62,2642.637512,390.5669659,226.4940211,0.217699005,AROSAL
59.62402145,0.053096773,20.4886,25.1126,12277.38,3464.096512,403.9707314,230.7028145,0.266747308,AROSAL
55.77083359,0.068516127,21.437,24.2224,8688.68,4600.112015,392.3431801,177.7853186,0.375531226,AROSAL
60.55600548,0.053999999,18.2046,25.7888,1564.92,9013.399063,1675.893605,845.2877782,0.040327897,NORM
55.89473686,0.060483871,17.572,27.7496,864.86,5447.986557,708.1006231,497.5108022,0.136538755,NORM
63.20512695,0.206064516,18.3282,28.3438,2887.84,12642.98363,2042.955507,1125.884587,0.038066384,NORM
59.40260849,0.065496774,18.5474,27.6126,1582.26,4478.507721,590.6068253,394.3423801,0.161341566,AROSAL
60.24595165,0.074632257,18.5186,27.9582,1435.64,4665.545868,601.7004561,397.5212335,0.161939072,AROSAL
61.34682922,0.11212903,18.6612,27.3736,4261.18,7925.186264,1054.988342,637.5719884,0.089479597,AROSAL
61.60548757,0.060559139,18.7754,26.3292,2946.16,8755.084915,1074.49868,821.3389178,0.095292441,AROSAL
60.29037272,0.071204302,18.9036,26.3118,2931.96,8732.76442,1079.859067,809.5463884,0.094108196,AROSAL
59.34592768,0.090752687,18.856,26.6578,3792.86,9388.188248,1957.138648,1078.628029,0.03079984,NORM
61.62685585,0.067806448,19.0368,26.5972,2266.56,6221.416183,845.3615981,652.953307,0.109399185,AROSAL
62.8461544,0.051741933,18.7326,27.2184,3091.22,22330.74892,1837.937003,1007.653591,0.083071473,NORM
54.11184235,0.065741932,18.3522,28.7526,2649.74,1388.805435,267.3551244,107.755157,0.244159848,AROSAL
58.26315829,0.091440859,18.842,26.9588,6862.82,8055.48732,1780.554756,1079.182648,0.031929419,AROSAL
60.6106617,0.102838708,19.0272,26.9862,8855.82,9097.290176,1037.331213,822.8061385,0.106239745,NORM
58.18420982,0.071677423,19.3224,27.3112,9896.48,9432.126877,1044.663553,702.7801449,0.108609199,NORM
62.14102516,0.095354837,19.6554,25.7144,9084.46,10411.96289,1252.669913,799.8322402,0.0833814,NORM
66.82906036,0.129870968,19.527,25.9948,2088.42,4474.817017,563.749859,369.5893239,0.17693439,NORM
61.81376648,0.083096774,18.4188,28.0704,3587.92,3726.904266,464.0130824,289.3411205,0.217519227,NORM
62.35087624,0.058967741,18.509,28.131,6828.14,4136.72699,547.3096043,332.0456948,0.173540396,NORM
61.30769119,0.051096773,18.428,27.8306,2362.76,2785.483246,339.8963771,164.0989263,0.30298236,NORM
64.18922943,0.053729031,18.4426,28.1792,2149.9,2902.955765,334.0011657,175.670605,0.327004943,NORM
70.39841232,0.1216129,18.4092,27.9226,6824.96,14217.73578,1523.897863,758.4938403,0.076935819,NORM
63.10805779,0.073290319,20.2504,26.5546,6337.74,4190.595596,1316.849248,653.1038047,0.030367812,AROSAL
58.64687449,0.057462365,20.8554,25.9042,5276.6,7644.66304,1110.231687,812.9986125,0.077936514,AROSAL
61.97855377,0.101806454,21.6904,25.0294,8896.84,7571.846725,1102.900652,783.3195527,0.078223797,AROSAL
60.97480799,0.10752688,21.652,24.183,13310.16,16247.91142,1998.296898,1179.968997,0.051131364,NORM
