@relation esum_filtered_keel_nom
@attribute Sound real [46.22267342, 79.2527832]
@attribute Dust real [0.02916129, 0.39787096]
@attribute TempEN real [10.521, 26.891]
@attribute RH real [17.24, 60.8856]
@attribute Light real [287.76, 32280.1]
@attribute Area real [1274.667603, 36208.28889]
@attribute Perimeter real [205.8863296, 2834.509892]
@attribute Occlusivity real [84.20423509, 2375.982044]
@attribute Compactness real [0.022584873, 0.402656985]
@attribute EDA_label {AROSAL, NORM}
@data
57.01821899,0.05864516,20.3602,30.5192,2022.16,3357.720444,472.1600507,259.2200387,0.189267446,NORM
59.48583031,0.061548386,20.3836,30.7214,1563.36,3175.061584,453.3668625,230.9361102,0.194116508,NORM
62.06837438,0.05776344,20.031,31.0706,1487.66,3090.560501,441.979236,230.2761894,0.19881236,NORM
55.8026329,0.050129031,19.6506,31.6486,2085.24,2777.109253,406.9191399,217.3479957,0.210759225,AROSAL
59.18151207,0.046709677,19.1702,32.7182,2894.14,2600.044525,386.0026595,187.8193455,0.219285571,NORM
59.70040474,0.040838709,16.82,37.893,2645.0,3884.518173,378.1081907,199.847059,0.341440356,NORM
59.41430511,0.053935482,16.7012,37.8678,2728.58,3944.502914,370.5486504,195.976355,0.361003717,AROSAL
59.10728683,0.049419355,15.9484,38.8968,1435.64,9013.399063,1675.893605,845.2877782,0.040327897,NORM
60.64102554,0.039225806,14.6394,42.274,3785.02,5598.7061,767.0898087,487.2883081,0.119565286,NORM
60.83265839,0.068387098,14.6106,41.8964,3805.48,12642.98363,2042.955507,1125.884587,0.038066384,NORM
58.50000038,0.037096774,14.5722,42.5194,4001.0,4411.479263,571.1523032,380.210441,0.169937898,NORM
60.30634193,0.059161291,14.409,42.013,1309.5,7993.362518,1109.534424,680.5659086,0.081593923,NORM
57.05263176,0.05651613,14.2612,43.462,1230.68,8650.410263,1059.449695,800.9415447,0.096846937,NORM
59.00809822,0.052903224,14.194,43.4288,2280.78,8644.483566,1065.085671,800.2501603,0.095759051,NORM
56.16329257,0.078688169,14.1556,43.3612,3449.14,8650.410263,1059.449695,800.9415447,0.096846937,NORM
57.13157806,0.054322578,14.0836,43.2014,2354.88,8580.889771,1029.522064,805.1030405,0.101735113,NORM
60.6241581,0.060645162,13.8388,43.6008,3226.82,21484.71613,2715.384874,1969.477034,0.036616489,NORM
61.07692299,0.044903223,13.4682,44.6552,2006.4,6077.39389,834.5599789,626.7353843,0.109650885,NORM
61.70085335,0.062946235,13.3674,45.0184,1634.32,5994.397171,830.1933371,613.9162175,0.109294144,NORM
60.58412018,0.06348387,13.2282,45.2264,1627.98,16088.91257,1770.155523,997.9111217,0.064522874,NORM
61.5897438,0.059483869,13.2186,45.1,1646.92,15257.61072,2148.204367,1206.308293,0.041547529,NORM
63.99672165,0.060258063,13.0978,45.3166,1602.76,1570.02037,260.8942064,84.20423509,0.289858661,NORM
61.6093118,0.042989246,12.8424,45.8274,1602.78,1360.763977,247.8417334,96.7285599,0.278383693,NORM
57.84210548,0.082451612,12.703,46.3074,2277.62,1654.911255,438.8496859,156.8501489,0.107982404,NORM
57.18421097,0.076129033,12.7606,46.5884,2381.66,1555.561615,287.441319,167.7034771,0.236591255,NORM
56.10526466,0.048193548,12.7702,46.2042,1836.14,1598.458481,269.6503028,149.367234,0.276254525,NORM
60.07354813,0.109419354,12.7462,46.3504,2818.44,1327.761505,208.895056,113.3295656,0.382361022,NORM
60.85641006,0.048774192,12.8374,46.3562,3781.86,8055.48732,1780.554756,1079.182648,0.031929419,NORM
64.19658152,0.074967738,12.9344,45.9818,2733.32,9204.011215,1112.960938,886.8501018,0.093374257,NORM
63.79487419,0.037741935,12.992,45.7896,2793.2,9118.392258,1037.061032,826.0110349,0.106541671,NORM
54.86074511,0.063419357,13.1024,45.8474,3709.32,9524.54039,1048.092115,691.1927343,0.108956962,NORM
64.26800995,0.038967743,13.064,46.31,2788.5,4334.779327,544.9933154,328.0388132,0.183397963,NORM
59.35627518,0.050709679,13.0592,46.11,1795.14,4181.697586,553.7514448,350.6498291,0.171369189,NORM
61.53126272,0.039139784,12.7414,46.5674,1880.26,3626.231064,454.3773666,268.2283782,0.220715055,NORM
58.62550545,0.04948387,12.6108,46.7372,1719.44,4136.72699,547.3096043,332.0456948,0.173540396,NORM
62.79487152,0.078387096,12.63,46.6776,1829.82,5277.847641,1476.467651,467.6650709,0.030424177,NORM
62.23076859,0.082580648,12.63,46.2612,797.04,2837.642746,329.2556571,171.1778024,0.328928187,NORM
59.72983716,0.053591397,12.606,46.7366,3332.46,3716.819138,423.6329204,217.7130861,0.260256682,NORM
60.65776016,0.049161291,12.534,46.9942,1814.06,4718.566208,568.6947863,297.8493775,0.183341772,NORM
60.52496643,0.061290324,12.524,47.3276,1490.82,20686.61787,1582.393434,797.9472466,0.103817463,NORM
66.72747231,0.047827955,12.5532,47.2508,1568.08,15597.04939,1552.688077,955.634984,0.081298751,NORM
63.83162308,0.050774194,12.5436,47.2248,1460.86,15256.42426,1527.236263,872.8004876,0.082195902,NORM
59.79419632,0.044967741,12.5628,47.3512,1883.46,4464.094498,574.8837786,358.4909925,0.169739584,NORM
59.85830078,0.050193549,12.654,47.3688,1569.66,7076.028961,863.7342042,524.686098,0.119189838,NORM
59.21052704,0.039999999,12.654,47.9692,1099.78,6685.361542,820.1311756,522.0195733,0.124901634,NORM
61.32051239,0.046580645,12.654,47.6664,1300.02,4018.076447,561.4008289,319.9369726,0.160207174,NORM
60.95726344,0.041118278,12.654,46.9472,1730.5,7571.846725,1102.900652,783.3195527,0.078223797,NORM
59.965588,0.051225804,12.678,46.9006,845.94,9129.733887,1051.074084,832.7687846,0.103848763,NORM
59.08411967,0.046193549,12.678,47.2912,1143.92,9140.071152,1038.561377,827.5771493,0.106486636,NORM
60.40755692,0.053935483,18.5522,31.0424,614.14,2543.278412,385.0618856,175.3072261,0.215547357,AROSAL
61.38056717,0.050967742,18.5426,30.9822,601.54,2789.326645,449.7705602,207.8368013,0.173271522,AROSAL
61.02564163,0.066967741,18.457,31.1268,640.96,4865.717499,775.765545,435.5347499,0.101600485,AROSAL
60.9102562,0.038516129,18.1098,31.6256,827.02,3056.566681,578.2399095,383.9972726,0.114875552,AROSAL
61.74358902,0.050967743,17.4054,33.0972,647.28,9733.130707,1436.112811,835.0276787,0.05930418,AROSAL
62.03846245,0.039741934,16.101,36.0526,371.34,3904.903625,367.0661916,191.2928652,0.364192847,AROSAL
59.68960851,0.04967742,16.0388,36.5324,421.76,3846.023849,356.6492221,178.9691705,0.379961221,AROSAL
57.19298299,0.060000002,16.0724,36.4194,423.34,3884.518173,378.1081907,199.847059,0.341440356,AROSAL
54.85526314,0.051677419,16.082,36.1092,451.74,10653.80118,1686.091908,976.0412903,0.047092524,AROSAL
61.38461558,0.050967742,15.867,36.651,844.34,5897.136444,866.8770679,628.1504841,0.098613418,AROSAL
61.94871635,0.040645161,15.127,37.8332,366.6,8585.057724,1056.316682,658.1916272,0.09668627,NORM
53.23333333,0.054516128,14.8928,37.976,694.56,8248.863266,1026.229527,792.8596631,0.09842716,AROSAL
53.475,0.03823656,14.888,38.0588,778.14,8732.76442,1079.859067,809.5463884,0.094108196,AROSAL
62.16239306,0.048021504,14.7018,38.5848,686.66,8347.484436,1984.021863,941.9671972,0.026648488,AROSAL
64.44231033,0.123483868,14.3564,38.9962,552.64,16138.15868,2701.116972,1697.508298,0.027795665,NORM
59.21052589,0.038387097,14.17,39.6916,357.14,5963.842911,827.8968773,657.7545296,0.109341133,AROSAL
62.29914449,0.055311828,14.0596,40.482,470.68,5908.763046,813.0329466,598.4705682,0.112328549,AROSAL
53.375,0.03432258,13.7668,41.6356,533.74,1303.268921,323.5616994,181.7048146,0.156433473,AROSAL
57.42105331,0.068774192,13.4874,41.8314,458.06,6370.26326,1796.943568,1112.196108,0.024791247,AROSAL
57.54736862,0.04167742,13.2762,42.7538,571.58,9430.942764,1045.710558,685.0161518,0.108378213,AROSAL
56.96491216,0.067053765,13.281,42.8802,451.72,9537.968124,1047.806681,687.5577292,0.109170024,AROSAL
60.94196968,0.067290321,13.281,42.8488,527.42,9538.586426,1050.642752,698.4344003,0.108588478,AROSAL
62.30769348,0.114967742,13.161,43.256,612.58,10701.15103,1236.810439,839.3876597,0.087909149,AROSAL
57.94534531,0.040580645,13.016,43.3396,801.8,3778.494003,533.7465931,333.6442557,0.166670358,AROSAL
63.61477178,0.042344086,12.968,43.6792,614.14,3707.205521,459.7813127,276.167446,0.220370723,AROSAL
63.2115387,0.056258064,12.9872,43.6692,653.54,15606.5126,1707.672922,940.526661,0.067252177,AROSAL
63.29975662,0.081053763,12.92,43.5794,295.6,2860.30867,333.3502504,169.7427286,0.323460456,AROSAL
63.16666756,0.055935485,12.871,43.6804,577.88,21181.68806,2367.663881,1207.47645,0.047482145,AROSAL
63.51474869,0.03268817,12.823,44.2704,732.4,4458.621948,645.5602301,458.2132346,0.134442623,AROSAL
65.23900909,0.059419355,12.8518,44.0918,670.9,4667.278122,648.5515429,395.0431448,0.139439094,AROSAL
65.24908524,0.065870965,12.8278,44.5458,517.96,3771.790573,504.2878417,269.9513896,0.186380486,AROSAL
64.07936274,0.050709675,12.847,44.2666,374.5,2982.87323,355.2156838,164.1866144,0.297071093,AROSAL
54.78289528,0.057225805,16.344,39.241,2974.54,2875.740128,418.7393443,220.670666,0.20609714,NORM
59.52766457,0.038387097,16.0436,39.6966,3696.7,2920.837875,423.6434831,220.6520392,0.204510804,NORM
62.3002697,0.03967742,15.5474,41.7046,2649.74,2489.698975,376.5672187,184.8728479,0.220633616,AROSAL
63.10256373,0.041806451,15.022,42.7866,3018.68,2847.350021,655.170278,326.5109751,0.083357052,NORM
61.70940221,0.037935484,14.6202,43.4476,4313.2,1910.508102,444.3996967,266.8744633,0.121565752,NORM
63.37179604,0.069935482,14.7114,43.566,4125.54,1813.676529,434.7555549,256.4953891,0.120581149,NORM
61.65384636,0.041741936,14.754,43.1034,4369.96,3386.889023,555.3306076,314.9627067,0.138009064,NORM
52.85,0.034193549,13.4394,46.9046,5076.36,3337.952225,394.2306023,218.5386461,0.269891566,NORM
59.00219231,0.033612905,13.3578,47.4098,2591.4,3391.124741,429.2304026,255.5893533,0.231298426,NORM
63.83198395,0.032903225,13.0736,47.3238,2208.26,5315.946228,696.6753215,475.4245799,0.137635223,NORM
60.13765208,0.042021505,12.8954,48.3466,2198.76,12775.35063,1692.20196,998.6417822,0.056063255,NORM
60.21907438,0.039956989,12.606,49.535,4895.04,5441.59816,722.9915833,476.1430697,0.130818706,NORM
59.89878464,0.051741936,12.582,49.1748,4281.66,12642.98363,2042.955507,1125.884587,0.038066384,NORM
58.66666692,0.036516129,12.534,49.2668,4585.96,4491.703247,580.3531971,382.0634662,0.167585391,NORM
58.15789413,0.036451612,12.509,49.823,4135.02,4626.232635,593.2012466,392.9923476,0.165208817,NORM
62.16358337,0.037419354,12.364,49.9628,2272.9,6116.174072,1043.586799,413.8852471,0.07057202,NORM
54.77302704,0.033806451,12.0058,50.7344,3788.16,8427.496796,1026.131925,792.5241002,0.100577784,NORM
62.44444555,0.053892473,11.8416,51.9068,3023.42,8336.062607,1701.269152,1191.834941,0.036193016,NORM
64.78510412,0.035763441,11.827,51.9354,2958.76,6358.024536,868.7419697,664.6548999,0.105864526,NORM
66.74267349,0.033419355,11.783,52.0688,3289.9,6116.997421,852.9957189,654.2745384,0.105646341,NORM
64.05735626,0.035161291,11.7686,52.097,2898.86,6122.567093,837.4425163,643.6262038,0.109706764,NORM
59.62078171,0.039419355,11.1318,54.4846,2914.62,1345.910065,205.8863296,111.4983611,0.39899815,NORM
64.52991384,0.031655914,10.883,55.282,2173.54,9105.543228,1035.2995,829.8216836,0.106753892,NORM
59.56248377,0.033591397,10.8244,55.5314,2599.26,9522.91716,1048.199109,686.2211806,0.108916154,AROSAL
61.30769196,0.032645161,10.81,55.421,3491.72,9021.681717,1055.73648,760.5045049,0.101715306,NORM
61.65384598,0.078451613,10.7802,56.2782,3777.12,4362.693497,548.2920135,320.3156759,0.182364679,AROSAL
61.52564049,0.036580645,10.785,55.8246,2689.16,4203.44191,551.8934153,356.5997943,0.173422119,AROSAL
61.48717918,0.057935486,10.785,55.651,2575.62,4430.521591,640.6418046,421.704545,0.13565449,AROSAL
64.17765732,0.03348387,10.7168,56.4652,4433.02,4095.414978,547.4024738,325.0550873,0.17174902,NORM
68.45828451,0.03204301,10.756,56.0052,3371.86,3767.352539,474.554767,269.2369653,0.210219716,NORM
59.50877151,0.040064516,10.761,55.9166,3740.84,2945.576035,357.800172,176.4977813,0.289133898,AROSAL
57.04228388,0.034064518,10.7312,56.0552,2471.56,4718.566208,568.6947863,297.8493775,0.183341772,AROSAL
58.22807058,0.031354838,10.692,56.2168,2684.42,23482.20082,2336.241711,921.2115389,0.054064615,NORM
57.44129537,0.032150536,10.687,56.598,2370.64,4528.619247,639.2883701,412.3505231,0.139245787,AROSAL
57.6578949,0.03762309,16.9248,39.297,4040.44,2741.352905,403.526802,223.8515479,0.211558286,NORM
62.04273554,0.040688173,14.8832,44.714,4276.94,4766.62056,767.7915221,466.7505966,0.101609385,AROSAL
60.52911186,0.035806452,15.2608,44.6652,4483.5,1937.812607,314.3084946,132.1576755,0.246495732,NORM
55.14524307,0.043548387,15.2658,44.395,4264.34,2847.350021,655.170278,326.5109751,0.083357052,NORM
62.51608429,0.042967742,15.1126,44.2126,4094.04,2847.350021,655.170278,326.5109751,0.083357052,NORM
61.16958898,0.037935484,14.6826,44.966,6635.74,3463.73645,462.1921789,289.9437367,0.203755584,NORM
59.5121465,0.038688171,14.6922,45.093,6012.94,3723.524338,459.3934846,292.6922277,0.221714654,NORM
62.46153908,0.036774193,14.4906,45.1874,5241.9,3361.053635,390.9698179,222.1997608,0.276311425,NORM
59.74088974,0.121677418,13.666,46.6536,3017.1,5457.617554,701.2222249,477.7090253,0.139476685,NORM
53.41666667,0.034269645,13.5508,46.053,3043.92,12775.35063,1692.20196,998.6417822,0.056063255,NORM
54.71381531,0.034789082,13.5364,46.1384,2766.4,12775.35063,1692.20196,998.6417822,0.056063255,NORM
55.78947372,0.035741936,13.4586,46.4342,3368.72,12775.35063,1692.20196,998.6417822,0.056063255,NORM
58.73481827,0.036193548,13.4154,46.8084,3234.7,12775.35063,1692.20196,998.6417822,0.056063255,NORM
60.49864998,0.037548387,13.3386,46.8484,3291.46,12775.35063,1692.20196,998.6417822,0.056063255,NORM
60.02384135,0.033935485,12.683,48.251,6443.38,5010.693542,650.0943167,468.166065,0.148989261,NORM
56.23684273,0.031935482,12.5868,49.8272,2657.62,6376.82515,1019.782999,623.0030918,0.077054648,NORM
61.93589745,0.069032259,18.3426,34.1296,1596.46,3357.720444,472.1600507,259.2200387,0.189267446,NORM
60.48448029,0.074838711,18.1002,33.9496,1814.06,2967.921295,427.9753244,232.8389317,0.20362204,AROSAL
58.07894745,0.054774195,18.0332,33.8904,2060.02,2920.837875,423.6434831,220.6520392,0.204510804,AROSAL
55.39473724,0.037548387,17.8052,34.0856,2071.06,2843.716171,413.7934294,213.8970911,0.208703115,AROSAL
54.85526326,0.048258063,16.9058,35.7816,2455.78,2774.293182,404.5494113,219.7982244,0.213019358,NORM
61.17543882,0.043247311,16.5388,37.6508,2624.5,3251.924301,616.50364,355.9280066,0.107517461,NORM
60.45794017,0.039655912,16.525,37.5072,2681.28,4878.81163,769.0770711,416.9537631,0.103653552,NORM
56.76315804,0.044258065,16.082,37.623,3028.16,1785.477127,303.0528411,120.9179907,0.244302232,NORM
57.08771947,0.049677418,16.0724,37.6798,3122.74,1824.752258,432.3268882,259.382603,0.122684382,NORM
57.46153819,0.090193546,16.0628,37.6854,3422.32,2005.267761,428.8935215,257.4903786,0.136988233,NORM
62.45613937,0.041677419,16.058,37.601,3300.92,2118.109177,429.1978464,254.7048409,0.144491779,NORM
59.93117447,0.046451611,14.5482,41.8704,2206.64,5095.67981,683.3711051,481.7823882,0.137119358,NORM
56.75438614,0.054107525,14.553,41.8014,2250.8,5393.97348,699.9668257,494.8959091,0.138345092,NORM
57.34210561,0.051827955,14.553,41.744,2247.66,5457.617554,701.2222249,477.7090253,0.139476685,NORM
52.8125,0.065419352,14.4906,41.7244,2796.38,5417.22551,706.2353795,467.1270213,0.136485916,NORM
57.5526329,0.04916129,13.8484,44.1552,4308.48,5225.683319,665.4206039,497.8010168,0.148306595,NORM
57.10526352,0.133935482,13.858,44.734,2315.48,7993.362518,1109.534424,680.5659086,0.081593923,AROSAL
60.08546982,0.038236559,13.497,44.9654,2890.98,21785.71443,2714.20822,1940.556384,0.037161681,AROSAL
63.40553398,0.053354839,13.473,45.3878,2687.58,6281.440796,848.7348091,649.3137632,0.109578438,NORM
54.4078949,0.068000001,13.497,44.9468,3209.48,6041.190689,833.6225665,631.970195,0.109242966,NORM
53.89144707,0.043677419,13.473,45.3006,2329.64,5994.397171,830.1933371,613.9162175,0.109294144,NORM
58.00000076,0.042967741,13.4586,45.1546,3646.24,5959.535309,808.0409063,613.6837096,0.114697927,NORM
58.13157883,0.112000002,13.3866,45.2956,3512.2,22330.74892,1837.937003,1007.653591,0.083071473,NORM
55.87499924,0.034709678,13.353,45.1916,2894.16,1554.546158,283.7828131,149.7393316,0.242572356,NORM
61.07692261,0.053032258,13.0544,45.4736,2228.76,6370.26326,1796.943568,1112.196108,0.024791247,AROSAL
57.92510109,0.049741934,12.944,46.5058,2903.58,9538.586426,1050.642752,698.4344003,0.108588478,AROSAL
58.77867686,0.063526883,13.016,46.335,2602.44,4283.13765,540.1102482,319.3920232,0.184504541,NORM
57.73684311,0.048322581,13.0256,46.2364,2444.74,4121.533081,524.6805813,321.1767847,0.188138931,AROSAL
60.25101369,0.035526882,12.9872,45.5028,1725.76,3680.70491,530.4814515,304.466736,0.164361637,AROSAL
58.52631658,0.041892472,12.9392,45.6212,2853.12,3626.231064,454.3773666,268.2283782,0.220715055,NORM
61.93589745,0.038645162,12.881,46.1622,1921.26,10950.02054,1581.991381,481.3748679,0.054981498,NORM
65.4706955,0.057032258,12.775,46.5654,1385.18,2837.642746,329.2556571,171.1778024,0.328928187,AROSAL
60.65519562,0.059032258,12.7702,46.664,2804.24,4718.566208,568.6947863,297.8493775,0.183341772,NORM
61.77260361,0.038645162,12.775,46.3542,2353.32,16625.87091,1552.485608,915.0496458,0.086684032,NORM
56.20526408,0.048688171,12.698,46.3504,3226.8,5162.644867,737.0117662,492.7941619,0.119435456,NORM
63.14102478,0.039913979,12.519,47.2528,2559.86,4969.187149,649.5822009,397.3861305,0.147988165,NORM
62.41025658,0.035612903,12.534,47.1926,1643.76,3771.790573,504.2878417,269.9513896,0.186380486,NORM
61.53846169,0.040709677,12.3888,47.8358,2149.9,7571.846725,1102.900652,783.3195527,0.078223797,NORM
61.11111018,0.051698925,12.413,47.7584,1664.28,7571.846725,1102.900652,783.3195527,0.078223797,NORM
54.97478078,0.050795697,16.3868,37.745,2673.4,2843.716171,413.7934294,213.8970911,0.208703115,NORM
59.72604713,0.047032258,15.079,40.3718,3567.42,3524.880325,585.8220414,356.8207337,0.129069261,NORM
60.82051353,0.036193549,14.8544,41.0158,2714.38,3294.541183,376.3198655,217.2374072,0.29234153,NORM
59.05667953,0.046322581,14.29,42.9416,3133.78,3550.262558,357.5479059,210.805739,0.348981061,NORM
56.91228104,0.051892473,13.642,45.0582,1443.54,5370.425385,704.8751874,497.3829182,0.135829501,NORM
55.92982381,0.043698924,13.618,45.0864,1341.02,5449.970352,702.2449313,496.5640254,0.138875865,NORM
59.44736824,0.068924731,13.257,45.9352,4757.82,4570.87384,586.6267002,397.5174607,0.166911187,NORM
58.40350927,0.041290321,13.257,45.854,4794.1,4485.895172,575.6921357,381.784642,0.170089847,NORM
57.07017644,0.04404301,13.0784,46.4796,3245.76,4940.229294,644.8586243,449.3381277,0.149289047,NORM
57.26315969,0.034451614,13.0688,47.255,2756.94,5119.370865,760.0061038,580.5422287,0.111376174,NORM
57.39473724,0.034967743,12.7654,46.5332,3952.14,8644.483566,1065.085671,800.2501603,0.095759051,NORM
61.87179489,0.032258063,12.775,46.273,1839.28,8248.863266,1026.229527,792.8596631,0.09842716,NORM
62.71367582,0.032731183,12.799,46.1458,3751.86,9267.88002,1151.966127,841.1082487,0.087762876,NORM
59.89014801,0.036258065,12.6444,46.7724,2922.52,6596.570724,1051.730074,669.1538839,0.074941003,NORM
53.41666667,0.032215054,12.534,47.5946,3619.44,1654.911255,438.8496859,156.8501489,0.107982404,NORM
57.42105255,0.147419357,12.529,47.4576,2430.56,1387.820175,236.2008809,120.4230331,0.312593566,NORM
57.1578949,0.042193549,12.4754,47.5748,2482.58,1300.803024,224.1092199,116.9474031,0.325463248,NORM
59.74898682,0.049677421,12.3496,48.1086,2490.48,1327.761505,208.895056,113.3295656,0.382361022,NORM
58.23670685,0.042064518,12.3208,48.6844,1907.08,2828.504593,610.8027081,255.2299657,0.095271904,NORM
62.21727409,0.060000003,12.3986,47.8554,2072.64,9164.242905,1037.890439,835.1233456,0.106906333,NORM
56.93684082,0.036903227,12.389,47.7492,2170.42,9144.13559,1037.409871,834.484777,0.106770621,NORM
63.28113327,0.045741933,12.4082,47.4736,3094.36,10513.3221,1250.372827,796.7876849,0.084502738,NORM
62.28205185,0.038709677,12.3496,47.6824,4001.02,10270.00999,1157.180522,792.3228187,0.096378131,NORM
60.80993996,0.04455914,12.389,47.6686,2394.3,4334.779327,544.9933154,328.0388132,0.183397963,NORM
60.67003975,0.042645163,12.4322,47.3588,4295.84,3984.659546,495.5549768,293.4887624,0.203900082,NORM
58.42105357,0.03092473,12.4418,46.7772,3359.26,14826.49474,1695.690096,712.6120663,0.064797072,NORM
60.36977005,0.034107527,12.437,46.9812,1359.92,2860.30867,333.3502504,169.7427286,0.323460456,NORM
62.70512924,0.042451612,12.379,46.6578,2700.2,3586.619598,486.0073367,258.6584102,0.19081369,NORM
65.29267517,0.041677419,12.364,45.5122,1432.48,3592.833405,781.2376662,553.6248888,0.073974254,AROSAL
63.38864578,0.036129034,12.34,45.4968,1424.6,7644.66304,1110.231687,812.9986125,0.077936514,AROSAL
60.76923116,0.039311827,12.2334,45.714,4064.04,7571.846725,1102.900652,783.3195527,0.078223797,NORM
57.88056679,0.032064517,12.2382,45.7952,3409.72,8792.590195,1207.860044,847.7691987,0.075734448,NORM
60.70445366,0.148903232,12.171,46.6258,1560.18,9432.126877,1044.663553,702.7801449,0.108609199,NORM
55.11184235,0.079612902,16.0102,58.5878,32280.1,2774.293182,404.5494113,219.7982244,0.213019358,AROSAL
58.60863647,0.04251613,17.0296,55.7002,32280.1,2518.086533,386.9763452,186.5930517,0.211305926,AROSAL
62.12820536,0.048172044,17.1438,55.191,32280.1,3251.924301,616.50364,355.9280066,0.107517461,AROSAL
60.64867401,0.072559136,17.3296,53.5924,28264.1,3865.345474,766.262663,390.2210892,0.082726157,AROSAL
61.76922989,0.061548385,17.5912,53.3776,32280.1,1785.477127,303.0528411,120.9179907,0.244302232,AROSAL
61.73077011,0.055677418,17.677,53.4264,32280.1,1824.752258,432.3268882,259.382603,0.122684382,AROSAL
66.94349848,0.03944086,18.0714,49.4204,14631.48,3326.652115,380.8161333,228.2812983,0.288261454,AROSAL
54.0,0.050752685,17.7672,51.9004,3244.18,4167.804398,366.6201972,186.2995078,0.389658738,AROSAL
60.45029297,0.05311828,17.5866,53.161,2942.98,9013.399063,1675.893605,845.2877782,0.040327897,AROSAL
53.29166667,0.037634409,17.344,54.2708,3622.58,5391.870239,733.6308862,486.236393,0.125890826,AROSAL
54.62019272,0.03832258,17.3632,54.0462,3652.52,5943.269852,959.8439266,700.9478286,0.081065128,AROSAL
62.03418605,0.042451613,17.201,53.9432,7014.2,5897.136444,866.8770679,628.1504841,0.098613418,AROSAL
55.5087719,0.037483871,16.8248,57.9722,2556.7,8732.76442,1079.859067,809.5463884,0.094108196,AROSAL
55.55789469,0.035526882,16.8248,58.6734,2583.52,8732.76442,1079.859067,809.5463884,0.094108196,AROSAL
62.61153056,0.040430108,16.8536,55.9788,4215.44,8280.027023,1041.064834,772.0021124,0.096003278,AROSAL
62.84615428,0.037204302,16.8966,55.8326,5915.2,6238.14415,862.560892,657.8205578,0.105362421,AROSAL
61.00000076,0.040387097,16.8344,56.2436,3182.68,6077.39389,834.5599789,626.7353843,0.109650885,AROSAL
57.15789566,0.038193548,16.701,53.9384,2569.32,9441.705139,1046.023229,686.5131999,0.108437036,AROSAL
61.64102631,0.038193548,16.7106,53.4916,4273.8,9838.690094,1052.385247,800.403158,0.111634297,AROSAL
61.66666679,0.041741935,16.6866,53.2976,3609.98,10701.15103,1236.810439,839.3876597,0.087909149,AROSAL
62.06837641,0.036645162,16.3966,54.3232,2137.3,24853.95938,2326.113195,900.5801814,0.057722317,AROSAL
63.01880407,0.036129033,16.2536,54.4428,4868.24,21907.54071,1700.78295,890.2854022,0.095171235,AROSAL
60.60323791,0.058322582,16.1578,54.3556,5585.66,15256.42426,1527.236263,872.8004876,0.082195902,AROSAL
57.63157959,0.064580645,16.8008,53.879,4936.04,8792.590195,1207.860044,847.7691987,0.075734448,AROSAL
60.58299484,0.052258063,16.8296,53.7114,4784.64,8792.590195,1207.860044,847.7691987,0.075734448,AROSAL
62.90598175,0.046838709,23.328,29.6684,2468.42,3357.720444,472.1600507,259.2200387,0.189267446,AROSAL
54.52724342,0.049083869,22.6474,31.2432,1287.4,3213.005905,457.0934083,233.3532041,0.193246426,AROSAL
64.43955994,0.158838709,21.9294,32.6282,3786.58,8768.522034,1442.654309,858.2146681,0.052943385,AROSAL
64.15995026,0.042365592,21.9534,32.0844,2000.12,3494.806427,359.7154939,209.7493542,0.339402237,AROSAL
56.43960876,0.099225803,22.0104,32.0428,2279.16,3796.511719,359.2821896,200.3579607,0.369592569,AROSAL
61.86813126,0.041870969,21.0462,34.364,940.52,5352.200806,692.991763,476.0162414,0.140050969,AROSAL
63.39743538,0.056387096,20.8554,34.5838,1779.38,10718.6013,1719.795777,1004.638214,0.045540126,AROSAL
62.53722471,0.14204301,21.0032,35.0796,1752.56,8127.374756,1349.290415,759.5546607,0.056098246,AROSAL
63.30036647,0.111268817,20.9648,35.023,1102.92,8651.739807,1056.100442,664.7493103,0.097477159,AROSAL
60.01956863,0.050322579,20.841,35.1958,978.38,8302.942261,1054.033626,809.257342,0.093914565,AROSAL
53.92763138,0.061032259,20.9888,35.1572,1259.06,8796.603455,1069.331132,820.9213937,0.096671945,AROSAL
63.90476278,0.046967742,20.9696,34.9904,2354.92,8248.863266,1026.229527,792.8596631,0.09842716,AROSAL
61.98717918,0.043096773,20.7744,35.459,1273.24,6154.90535,840.9968146,635.9802719,0.109355981,AROSAL
62.94018669,0.095419355,20.889,34.8574,1405.68,6596.570724,1051.730074,669.1538839,0.074941003,AROSAL
62.28362668,0.063741934,20.936,35.1584,1550.74,19278.3916,2163.360325,1240.754385,0.051763417,AROSAL
60.32118607,0.050322582,21.0746,35.297,2364.34,9062.688828,1034.737068,821.806974,0.106367002,AROSAL
60.56882706,0.064838708,21.2414,35.2996,2242.9,2113.712585,287.1117067,144.5507027,0.322221115,AROSAL
60.70985184,0.06464516,21.318,34.4952,2463.66,2113.712585,287.1117067,144.5507027,0.322221115,AROSAL
60.7820507,0.044580644,21.3612,33.1686,1626.4,9102.159683,1038.607287,828.1835639,0.106035572,AROSAL
56.81579018,0.047096774,21.1558,32.5322,1527.08,9459.28595,1045.317611,697.0621074,0.108785668,AROSAL
61.82051353,0.041290322,21.366,34.2814,1634.3,10513.3221,1250.372827,796.7876849,0.084502738,AROSAL
53.98026352,0.049677417,21.1654,34.1966,4667.96,3985.707047,538.6806117,335.3146808,0.172604673,AROSAL
57.92307688,0.048387096,21.199,34.0806,3542.18,4013.301315,538.3952493,319.1261857,0.173983953,AROSAL
64.53571281,0.048903226,21.175,36.1492,4100.34,3680.70491,530.4814515,304.466736,0.164361637,AROSAL
62.80341886,0.039354838,21.1126,35.4064,6011.38,8985.363785,1503.003286,934.8500395,0.049983385,AROSAL
59.11403529,0.052215052,21.6328,33.7636,2545.66,24853.95938,2326.113195,900.5801814,0.057722317,AROSAL
65.25091629,0.047096773,21.8142,34.8662,6025.56,17981.47408,1597.57397,858.1502055,0.088534636,AROSAL
65.33211365,0.050365591,22.106,33.0166,9015.1,15617.73747,1553.24724,934.7435033,0.081347985,AROSAL
68.97460175,0.048645161,22.5082,33.2928,3032.88,3204.229996,371.2861669,177.3794121,0.292089542,AROSAL
64.33241653,0.085999998,22.6282,32.6174,2058.46,7571.846725,1102.900652,783.3195527,0.078223797,AROSAL
66.07351786,0.036946237,22.5754,31.912,3357.7,4073.579498,960.5526546,716.66562,0.055480927,AROSAL
64.05677643,0.05251613,22.5946,32.1542,1416.7,9645.646957,1306.610612,815.6503042,0.070998449,AROSAL
56.19298248,0.043569891,17.515,41.1536,1180.2,2820.998718,411.2053543,225.4853926,0.209650176,NORM
54.26973724,0.043548386,17.2628,42.2762,1166.0,2741.352905,403.526802,223.8515479,0.211558286,NORM
56.15789604,0.04116129,17.2768,42.0546,1210.16,2741.352905,403.526802,223.8515479,0.211558286,NORM
58.89473572,0.040180644,17.0532,42.5714,1216.46,2521.692581,378.8448681,187.0156778,0.220789892,NORM
63.18406563,0.084954838,16.6818,44.0654,2551.98,1908.551636,312.9940358,122.1700021,0.244817046,NORM
60.58974342,0.057032257,16.4582,45.1132,10536.66,3294.541183,376.3198655,217.2374072,0.29234153,AROSAL
60.41497917,0.059870965,16.6866,44.5218,8674.48,3464.096512,403.9707314,230.7028145,0.266747308,NORM
60.39743614,0.043032257,17.805,42.1274,1930.74,4167.804398,366.6201972,186.2995078,0.389658738,AROSAL
63.60683848,0.042864515,17.7008,41.751,894.82,5352.200806,692.991763,476.0162414,0.140050969,NORM
60.54791005,0.040215052,17.4628,41.6022,1411.98,4485.895172,575.6921357,381.784642,0.170089847,NORM
58.02091751,0.039806451,17.1484,43.6004,961.02,5156.367706,663.4001636,497.9882211,0.14723213,NORM
61.01417058,0.03944086,16.868,43.7704,3340.34,10659.13885,1721.501699,1254.957908,0.045197777,NORM
67.51190567,0.052064513,16.8536,44.0542,4322.68,6107.725174,854.3554045,642.0423734,0.10515071,AROSAL
61.82051239,0.040451613,16.8728,44.107,1888.16,6122.567093,837.4425163,643.6262038,0.109706764,NORM
63.49938939,0.041883872,16.82,44.2974,1941.76,5948.618073,810.6317167,607.4947197,0.113757167,NORM
60.7379659,0.045440858,16.6492,45.1364,1352.08,1532.360977,256.7783871,86.52018913,0.292047851,NORM
52.9,0.037225807,16.4058,47.8712,1016.2,1517.006393,502.3466525,221.7025475,0.075542308,NORM
57.7157901,0.044193549,16.0292,46.6522,926.34,1318.482986,216.1865556,114.2426942,0.354508808,NORM
67.80952148,0.039948386,15.6336,48.2142,6917.98,9156.371765,1037.928879,831.7025723,0.1068066,NORM
62.41768074,0.043225806,16.6538,45.9944,7838.82,9548.219803,1048.074143,695.8062982,0.109231591,NORM
61.84615377,0.042150537,16.9534,45.2686,7520.32,9071.434982,1052.959372,791.9558278,0.102816455,NORM
73.4392573,0.060408601,17.9146,43.1362,2911.48,4595.423035,812.0051959,611.4960217,0.087582582,NORM
56.714807,0.040516128,17.4722,43.0084,1505.0,4013.301315,538.3952493,319.1261857,0.173983953,NORM
61.20512848,0.052709679,17.1578,43.6332,3099.08,4136.72699,547.3096043,332.0456948,0.173540396,NORM
61.46086349,0.043741936,17.1344,43.2176,1519.22,2744.866745,331.0370417,167.0729425,0.314758846,NORM
62.65384636,0.04264516,15.7,45.9644,3614.72,24853.95938,2326.113195,900.5801814,0.057722317,NORM
66.6772789,0.040795699,16.1722,46.5258,2815.28,18078.0144,1291.282354,551.5238679,0.136244243,AROSAL
65.01190491,0.04232258,16.3822,45.5582,3649.36,19499.26257,1607.767888,840.5864417,0.094794109,AROSAL
64.53113581,0.043707526,16.3344,44.991,6027.1,15597.04939,1552.688077,955.634984,0.081298751,NORM
64.90475922,0.039354838,16.2154,45.3678,5355.44,4528.619247,639.2883701,412.3505231,0.139245787,NORM
65.25812149,0.042580646,17.5532,42.6222,7063.06,4315.973145,617.5874652,361.7228827,0.142197399,NORM
64.61111272,0.042946238,18.2048,42.5184,6039.74,3405.412109,640.415243,436.1705499,0.104341294,AROSAL
62.74359093,0.042451612,18.747,41.3424,5082.66,7644.66304,1110.231687,812.9986125,0.077936514,AROSAL
60.37516848,0.260666667,19.1558,30.5566,1937.04,2553.638855,381.6681385,208.2307887,0.220291393,AROSAL
59.47030983,0.092645159,18.8704,31.885,1922.84,3248.054214,601.6277208,343.3265785,0.112765813,AROSAL
63.58699493,0.125161291,17.6102,34.4142,5174.1,3361.053635,390.9698179,222.1997608,0.276311425,AROSAL
62.28204994,0.133999997,17.5482,34.3626,2545.68,3373.962418,380.0720645,226.1179482,0.293506825,AROSAL
54.19780721,0.070107528,18.1238,33.5052,2446.34,3893.842102,372.0529997,195.1051253,0.353491178,AROSAL
53.41666667,0.064989247,18.2,33.3936,2419.52,3884.518173,378.1081907,199.847059,0.341440356,AROSAL
58.52884674,0.074903223,18.2712,33.2226,2851.58,3893.842102,372.0529997,195.1051253,0.353491178,AROSAL
54.62019234,0.097806452,17.805,34.485,670.9,13236.00783,1693.257577,1019.931389,0.058012399,AROSAL
54.01973648,0.09877419,17.748,34.7414,685.08,5408.877014,811.9864546,597.4190417,0.103090679,AROSAL
64.14835205,0.117741935,17.5864,35.255,2578.78,5897.136444,866.8770679,628.1504841,0.098613418,AROSAL
59.74403941,0.123913979,17.6146,35.819,2436.86,4570.87384,586.6267002,397.5174607,0.166911187,AROSAL
58.1725146,0.15191398,16.7154,38.3664,1120.3,7329.381851,1265.027402,791.722092,0.057554243,AROSAL
57.29824613,0.072193547,16.8344,37.2606,2597.7,8522.591888,1023.716115,766.8836055,0.102193312,AROSAL
66.43406754,0.09722581,16.7964,36.745,2230.32,8419.304214,1038.13462,798.8164989,0.098169983,AROSAL
59.32330933,0.096967742,16.9152,36.6532,1271.64,5963.842911,827.8968773,657.7545296,0.109341133,AROSAL
58.55263138,0.101935481,16.963,36.5152,1336.32,5963.842911,827.8968773,657.7545296,0.109341133,AROSAL
52.6875,0.080193545,16.8296,38.7522,3923.78,1323.738617,417.7672561,186.5161052,0.095311062,AROSAL
52.96875,0.12270968,16.82,38.6544,3903.24,1274.667603,341.5337946,186.6845355,0.137321787,AROSAL
62.31959724,0.141870967,17.3536,35.9754,1877.14,9166.396271,1036.223396,833.8711306,0.107275786,AROSAL
59.45838928,0.099913977,17.6338,35.5728,5967.2,9537.968124,1047.806681,687.5577292,0.109170024,AROSAL
65.24381638,0.128387096,17.8192,35.4866,1837.72,9908.115204,1050.995517,788.1233759,0.112719534,AROSAL
63.32509079,0.10393548,17.8526,35.2352,912.16,9030.152161,1049.361312,774.9771344,0.103051623,AROSAL
65.13308919,0.120215058,17.9382,35.622,5590.36,4401.477478,638.5768481,347.4912655,0.135638198,AROSAL
63.06964569,0.108580641,17.5196,36.018,5448.5,4673.625748,656.8711464,369.9116824,0.136114197,AROSAL
57.26315842,0.083225804,17.6674,35.8306,5011.68,24853.95938,2326.113195,900.5801814,0.057722317,AROSAL
62.38461533,0.215677417,18.5042,34.322,15006.72,4831.125122,672.9870117,417.5742879,0.134043199,AROSAL
63.30769234,0.095032256,19.0322,34.017,16296.54,7076.028961,863.7342042,524.686098,0.119189838,AROSAL
65.29853516,0.072129033,19.6836,32.6258,14456.46,2982.87323,355.2156838,164.1866144,0.297071093,AROSAL
63.70156326,0.187677417,19.96,32.4586,13617.62,3348.010345,634.6027112,401.9158356,0.104470292,AROSAL
63.97161407,0.065032257,20.2504,31.0094,10885.12,7644.66304,1110.231687,812.9986125,0.077936514,AROSAL
64.58058472,0.057677418,20.2978,31.0404,10930.82,7644.66304,1110.231687,812.9986125,0.077936514,AROSAL
61.10256348,0.078838708,20.2124,31.3392,16154.62,13148.63513,1900.656089,1476.362901,0.045738662,AROSAL
57.82186228,0.070967744,20.079,31.414,5606.14,7571.846725,1102.900652,783.3195527,0.078223797,AROSAL
68.23443146,0.048774191,21.0794,31.5078,4433.06,3357.720444,472.1600507,259.2200387,0.189267446,NORM
63.25213687,0.046941934,20.6504,31.8828,823.86,3098.434418,444.1100334,235.9602137,0.197410843,NORM
55.78947258,0.045354838,20.3978,32.4514,1069.82,2672.965866,393.3427641,221.0833502,0.217100561,NORM
60.7179493,0.047225804,20.0838,32.6286,1057.22,2518.086533,386.9763452,186.5930517,0.211305926,NORM
59.04093552,0.073333334,19.8788,33.2976,8173.1,1937.812607,314.3084946,132.1576755,0.246495732,NORM
60.74359055,0.045225806,19.4936,33.7704,1032.0,2010.048798,428.3209465,254.0358956,0.137682213,NORM
60.85469971,0.046537633,19.4268,33.8564,1087.14,2118.109177,429.1978464,254.7048409,0.144491779,NORM
58.33130798,0.047999998,19.9314,33.8374,8844.8,3796.511719,359.2821896,200.3579607,0.369592569,AROSAL
63.86950582,0.048279567,20.5502,33.0282,9767.2,3904.903625,367.0661916,191.2928652,0.364192847,NORM
62.8888888,0.047440858,20.341,32.287,1192.82,5315.946228,696.6753215,475.4245799,0.137635223,NORM
63.29487305,0.043935483,19.0606,36.7124,6290.46,8427.496796,1026.131925,792.5241002,0.100577784,NORM
60.75371056,0.042709678,19.2316,35.1522,4562.34,8515.145874,1107.835443,811.5399868,0.087186942,NORM
63.41025772,0.044064517,19.3554,35.0658,4480.34,20605.18929,2708.031736,1953.212639,0.035308476,NORM
62.03388214,0.043548388,19.4792,34.1314,4467.74,6296.003403,865.08582,667.2235825,0.105719824,NORM
62.86202698,0.042193548,19.484,34.2176,2952.46,6107.725174,854.3554045,642.0423734,0.10515071,NORM
61.5627533,0.077032259,19.2508,33.9518,1618.54,1676.187531,276.4149939,103.187715,0.275682549,NORM
59.21052704,0.096774196,18.9658,34.8844,856.96,1417.263382,244.6246071,89.96570957,0.297618654,NORM
59.83805847,0.043548388,18.985,34.8204,1000.44,1379.906677,242.9330804,91.1183656,0.293823323,NORM
55.3368425,0.044241933,18.8846,35.3418,1055.66,1388.805435,267.3551244,107.755157,0.244159848,NORM
64.37227707,0.044516129,18.3426,36.3078,2061.62,1482.599152,316.6286704,184.820283,0.185837407,NORM
65.36874441,0.049935483,19.6554,33.3894,8157.32,9206.565109,1037.147784,829.7462244,0.107553911,NORM
63.7042099,0.04483871,20.0312,32.6436,8059.56,9874.752701,1057.5957,813.6162437,0.110942191,NORM
66.07142843,0.04516129,20.3598,32.5538,8614.58,10386.07396,1216.877212,875.5233392,0.088138927,NORM
63.70085449,0.112688174,21.2988,30.933,1229.08,3821.625046,488.4375065,314.054573,0.201298217,NORM
60.33041051,0.042043009,20.1836,31.868,2279.2,23482.20082,2336.241711,921.2115389,0.054064615,NORM
63.06410332,0.04371613,20.4216,32.0488,2976.1,18078.0144,1291.282354,551.5238679,0.136244243,NORM
56.94736888,0.044645162,20.5074,32.7396,2933.54,11641.59657,1541.89134,961.3621988,0.061533961,NORM
65.69597168,0.045548387,20.6742,32.5754,6895.92,4464.094498,574.8837786,358.4909925,0.169739584,NORM
66.0384613,0.047225805,21.2796,31.565,4686.9,3422.306076,509.4550271,305.4930573,0.165697902,NORM
62.52856344,0.048344085,22.0534,30.4756,5584.06,3405.412109,640.415243,436.1705499,0.104341294,NORM
62.41025696,0.046516128,22.1828,30.252,5593.54,3316.072525,501.3046567,272.5678066,0.165817517,NORM
57.39473763,0.044709678,23.6506,25.729,1645.34,3357.720444,472.1600507,259.2200387,0.189267446,NORM
63.74175858,0.045419354,22.0678,28.2524,1385.18,2875.740128,418.7393443,220.670666,0.20609714,NORM
64.7023819,0.044451613,21.7622,28.7128,1713.16,2819.8246,409.6901478,229.0161324,0.211115888,NORM
55.28947296,0.044774194,21.2368,30.1726,1383.6,2967.921295,427.9753244,232.8389317,0.20362204,NORM
65.50091553,0.090258063,20.1548,31.7528,8534.18,3361.053635,390.9698179,222.1997608,0.276311425,NORM
63.39743576,0.157548389,20.479,31.4292,7627.54,3734.288544,497.9242375,315.4784428,0.189274105,NORM
65.67307625,0.097870971,21.2846,30.5374,7767.84,4600.112015,392.3431801,177.7853186,0.375531226,NORM
58.77953262,0.054580644,21.5138,31.2452,7148.18,3336.458374,373.8842199,203.8461027,0.299930964,NORM
63.96520233,0.051225806,21.5522,30.8074,12783.52,3391.124741,429.2304026,255.5893533,0.231298426,NORM
55.60526352,0.045109677,21.7,29.487,464.36,5296.423126,694.9198023,481.2536652,0.137823464,NORM
58.98110771,0.04744086,21.5806,29.3968,454.9,5598.7061,767.0898087,487.2883081,0.119565286,NORM
62.41273006,0.046516129,21.3896,29.4686,570.0,5598.7061,767.0898087,487.2883081,0.119565286,NORM
63.98978348,0.045032258,20.7028,30.2948,4917.1,4748.480179,925.3451727,378.3796699,0.069687834,AROSAL
61.25530281,0.044322581,20.5406,31.4276,2663.9,8695.935043,1056.789114,807.5834506,0.097847445,NORM
67.88095245,0.042967744,20.5358,31.1742,3685.68,8644.483566,1065.085671,800.2501603,0.095759051,NORM
60.89743652,0.04548387,21.0984,29.9268,1017.8,8347.484436,1984.021863,941.9671972,0.026648488,NORM
60.57287521,0.045935483,21.2038,30.678,1076.14,5963.842911,827.8968773,657.7545296,0.109341133,NORM
58.02226791,0.045806451,21.2892,30.6652,4019.92,1655.767502,272.4660115,96.83035384,0.280275122,NORM
58.77193095,0.044430108,21.1846,31.3702,3942.68,1379.906677,242.9330804,91.1183656,0.293823323,NORM
61.4615387,0.044516129,20.0552,31.3452,4265.92,1517.006393,502.3466525,221.7025475,0.075542308,NORM
55.98684235,0.064903228,19.8648,31.5746,7350.04,1578.3797,225.0002323,121.0043412,0.391791868,AROSAL
60.69230652,0.043870969,19.8646,32.496,7178.16,9430.942764,1045.710558,685.0161518,0.108378213,AROSAL
64.70329514,0.048322579,21.963,29.8516,4836.7,4362.693497,548.2920135,320.3156759,0.182364679,AROSAL
66.65872752,0.045247312,22.269,29.2986,2468.4,6457.314331,989.0805555,611.5189345,0.082946576,AROSAL
58.70962728,0.044322581,22.0964,28.9956,3723.48,4203.44191,551.8934153,356.5997943,0.173422119,AROSAL
55.80701752,0.044731183,21.9818,29.2014,2283.92,4430.521591,640.6418046,421.704545,0.13565449,AROSAL
54.45091165,0.044129033,21.8142,29.7588,1948.08,4401.477478,638.5768481,347.4912655,0.135638198,AROSAL
62.04700915,0.043591399,21.4562,30.3118,3841.76,3767.352539,474.554767,269.2369653,0.210219716,AROSAL
66.10439728,0.064580648,21.8526,29.869,11566.28,7650.764679,1452.495796,779.0695077,0.04557062,AROSAL
63.75091324,0.05296774,23.4048,28.0268,5812.7,12691.43449,1883.837832,1462.866856,0.04494005,AROSAL
64.12698568,0.081419351,23.1648,27.1816,9265.76,12691.43449,1883.837832,1462.866856,0.04494005,AROSAL
62.23076935,0.054516128,23.5114,27.4052,14092.22,4073.579498,960.5526546,716.66562,0.055480927,AROSAL
65.62820435,0.047580643,23.5402,27.3122,6840.72,9122.123199,1036.100118,831.9636055,0.106783057,AROSAL
66.77777913,0.046838708,23.0928,27.5016,4994.36,9140.071152,1038.561377,827.5771493,0.106486636,AROSAL
58.65991821,0.043741936,20.5074,30.7254,486.42,3047.412354,437.2078671,231.8402919,0.200338839,NORM
67.60899582,0.047161291,20.3694,30.9398,929.48,2789.326645,449.7705602,207.8368013,0.173271522,NORM
63.28205147,0.044580646,20.126,30.7662,533.72,3795.727982,363.0956931,215.0871529,0.361795158,AROSAL
68.76190491,0.044817204,19.189,32.5018,1284.28,5370.425385,704.8751874,497.3829182,0.135829501,NORM
53.425,0.044473117,19.3986,31.706,547.92,5943.269852,959.8439266,700.9478286,0.081065128,NORM
65.86904678,0.046903226,19.1128,32.7654,995.72,4417.621124,586.5790095,395.1899173,0.161341204,NORM
60.81092224,0.045419354,18.8324,33.5508,7584.98,8800.217896,1268.75655,792.5233175,0.068698412,NORM
64.5927948,0.04516129,18.9034,33.4982,1055.66,8370.078094,1048.888554,808.3228238,0.095605017,NORM
63.0641037,0.048967741,18.913,32.8334,1090.32,8365.816956,1054.517362,807.518133,0.094538945,NORM
67.07234421,0.043870967,18.913,32.906,2304.44,8695.935043,1056.789114,807.5834506,0.097847445,NORM
75.51111069,0.04348387,18.9178,33.743,1281.12,8350.87735,1046.964271,788.3546828,0.095736655,NORM
55.59649124,0.041548388,18.861,33.7048,555.82,7318.44281,1311.065339,925.9283054,0.053503215,AROSAL
55.69298197,0.043698926,18.8228,33.7082,555.82,7318.44281,1311.065339,925.9283054,0.053503215,AROSAL
64.0503685,0.043535485,18.675,33.8324,570.0,1417.263382,244.6246071,89.96570957,0.297618654,NORM
60.82051239,0.044258064,18.6942,33.729,494.32,1471.960663,342.168934,172.1238536,0.157988296,NORM
61.60073191,0.045204301,18.5944,33.8312,666.2,2113.712585,287.1117067,144.5507027,0.322221115,NORM
55.34210587,0.042096773,18.533,33.7864,514.82,9447.332275,1044.647468,706.0284778,0.108787637,NORM
64.54444542,0.055741936,18.5522,33.7814,533.72,9102.410034,1038.548068,828.2577504,0.106050582,NORM
63.62820536,0.043802152,18.5944,33.8312,825.44,6457.314331,989.0805555,611.5189345,0.082946576,NORM
63.15384598,0.044903226,18.6424,33.7306,836.46,6861.415955,1037.409718,591.4747867,0.080116688,NORM
67.99603195,0.044516129,18.6942,33.9132,1137.62,4595.423035,812.0051959,611.4960217,0.087582582,NORM
67.11904831,0.042096773,18.7662,33.7882,1088.74,4238.811768,632.480708,351.2602617,0.133155598,NORM
58.43859762,0.042787096,18.747,33.5824,719.8,4013.301315,538.3952493,319.1261857,0.173983953,NORM
66.19047699,0.043419355,18.723,33.8562,751.32,2977.948807,338.6455689,174.7546881,0.326314443,NORM
67.65476303,0.059806451,18.866,33.7976,1568.1,16580.3914,1556.479507,939.2357943,0.086003837,NORM
66.86904678,0.051548387,18.8938,33.662,1596.46,15351.65564,1528.336956,858.3512376,0.082589884,NORM
66.80158742,0.043344087,18.9942,33.0712,1552.32,6835.823166,843.7256699,544.3947222,0.120669679,NORM
66.27380753,0.044645161,19.008,33.2506,596.78,9122.123199,1036.100118,831.9636055,0.106783057,NORM
54.04276276,0.042580645,13.8292,47.694,1339.44,3090.560501,441.979236,230.2761894,0.19881236,NORM
60.31106491,0.042451613,13.69,47.5338,1378.86,2777.109253,406.9191399,217.3479957,0.210759225,NORM
61.29622383,0.041612904,13.3866,49.0296,2153.06,2847.350021,655.170278,326.5109751,0.083357052,NORM
60.30701752,0.041935482,13.4974,48.7598,4872.94,2010.048798,428.3209465,254.0358956,0.137682213,NORM
56.10985819,0.045892472,13.5748,48.4236,1259.02,5457.617554,701.2222249,477.7090253,0.139476685,NORM
60.4139183,0.077096771,13.5316,48.8326,3554.8,5244.783249,729.608977,500.0978272,0.123810384,NORM
60.9871788,0.042903225,13.5316,48.133,2257.12,4417.621124,586.5790095,395.1899173,0.161341204,NORM
64.47985268,0.042387097,13.497,48.7416,973.66,8952.23645,1055.240936,828.4957104,0.101027161,AROSAL
60.84229991,0.179827958,13.122,48.8954,2045.82,6221.416183,845.3615981,652.953307,0.109399185,NORM
61.43589783,0.045419354,13.233,49.4528,629.9,1483.378754,249.6611717,86.94734208,0.299061088,NORM
60.49999962,0.042258064,13.233,49.3666,612.56,1417.263382,244.6246071,89.96570957,0.297618654,NORM
55.12236786,0.056516128,13.1802,49.7044,740.3,1873.197845,443.0643946,156.0443855,0.119911217,NORM
61.24786224,0.077419351,13.0592,50.438,797.06,1542.962814,260.1753731,148.8361342,0.286439529,NORM
60.30904198,0.043225808,13.0112,49.7308,3272.54,1578.3797,225.0002323,121.0043412,0.391791868,NORM
61.46581179,0.052688171,13.4106,49.4028,1259.02,9140.071152,1038.561377,827.5771493,0.106486636,AROSAL
63.27617111,0.043741936,13.5748,48.3058,623.6,3985.707047,538.6806117,335.3146808,0.172604673,NORM
56.24156532,0.044451612,13.507,48.78,552.64,3038.244904,340.4630518,170.3685253,0.329376543,NORM
61.95726547,0.043225805,13.522,48.6888,3699.86,16625.87091,1552.485608,915.0496458,0.086684032,NORM
62.57435745,0.044193549,13.8004,49.0164,4540.26,4507.358246,606.2995828,362.2916962,0.15408395,NORM
64.22832642,0.040860213,13.8772,48.2278,4059.36,7076.028961,863.7342042,524.686098,0.119189838,NORM
61.07692413,0.043096774,13.9492,47.6292,3051.8,3168.904755,386.7807528,202.1950329,0.266188532,NORM
62.79487279,0.042107527,13.978,47.639,2916.2,2981.750473,353.2285732,162.8628018,0.300309801,NORM
61.17948608,0.049849462,14.314,46.9288,1451.4,1578.3797,225.0002323,121.0043412,0.391791868,AROSAL
63.21679344,0.053225804,18.2568,38.068,9942.22,3757.950974,543.5904833,323.96712,0.159814906,NORM
62.34359111,0.061161288,17.7672,38.929,3474.36,3833.974533,358.319514,188.1263612,0.375247811,AROSAL
63.41902924,0.058774195,17.8766,39.2826,3690.38,9013.399063,1675.893605,845.2877782,0.040327897,AROSAL
60.18848292,0.045376344,17.748,39.5206,3162.16,9013.399063,1675.893605,845.2877782,0.040327897,NORM
61.05128212,0.043741937,17.1962,40.0146,6571.12,11160.97964,1877.578301,1055.607062,0.039784698,NORM
62.65812022,0.05367742,17.0584,40.237,6605.8,9064.394089,1605.017444,1034.0842,0.044216985,NORM
56.23684273,0.047483871,17.0916,40.786,1880.28,8796.603455,1069.331132,820.9213937,0.096671945,AROSAL
52.2594697,0.042778497,17.1818,40.7192,1979.62,8522.591888,1023.716115,766.8836055,0.102193312,NORM
65.50457916,0.06664516,17.2344,41.3014,3658.86,8580.889771,1029.522064,805.1030405,0.101735113,NORM
57.79605293,0.045096774,16.5488,41.493,2370.66,5850.728317,809.6131034,616.8713002,0.112166906,AROSAL
63.31495819,0.045806451,17.1626,42.0284,6708.3,19278.3916,2163.360325,1240.754385,0.051763417,NORM
66.85384674,0.043677421,17.0964,41.9954,2118.36,4872.688278,1043.19682,826.3518254,0.056265993,NORM
53.00681818,0.046322582,16.9342,41.722,1377.28,1388.805435,267.3551244,107.755157,0.244159848,AROSAL
60.42481155,0.045419354,16.8392,42.5782,2971.38,2094.907532,540.3637015,371.8122918,0.090157609,AROSAL
61.27845357,0.044516129,16.6108,41.8894,2146.78,1402.522552,238.8209825,119.2723468,0.309011581,NORM
56.59986572,0.044032259,16.8822,41.2426,2124.66,9140.071152,1038.561377,827.5771493,0.106486636,AROSAL
59.28025157,0.052043011,17.0532,41.16,2570.9,9874.752701,1057.5957,813.6162437,0.110942191,AROSAL
61.41970367,0.046193548,16.8962,41.187,3797.62,9021.681717,1055.73648,760.5045049,0.101715306,AROSAL
64.04029083,0.046064516,16.725,41.5066,8914.16,4411.402527,553.0118064,355.288211,0.181266582,AROSAL
62.897435,0.043741937,16.773,41.0582,2165.68,3943.386627,493.5752763,310.7479722,0.20341006,AROSAL
61.69230728,0.043225807,16.4152,42.3132,7531.36,8511.565643,1528.975814,418.1186319,0.045752843,AROSAL
63.69230881,0.05051613,16.8056,41.4838,4034.12,16247.91142,1998.296898,1179.968997,0.051131364,AROSAL
59.49415169,0.045419354,17.1058,40.922,4444.06,16247.91142,1998.296898,1179.968997,0.051131364,AROSAL
60.82618088,0.045290323,17.3488,40.6412,5112.62,13148.63513,1900.656089,1476.362901,0.045738662,AROSAL
55.13508738,0.050172042,18.1096,39.856,9863.36,2741.352905,403.526802,223.8515479,0.211558286,NORM
61.2393163,0.110967735,19.1606,37.635,11876.9,3330.557297,605.1824271,348.4882164,0.11427577,NORM
62.89743398,0.064430105,19.3462,37.5302,11908.4,3691.187546,463.4765823,291.8724514,0.215933679,NORM
60.10256424,0.053935483,19.6414,36.6136,1784.1,3854.645172,362.6299822,194.8982936,0.368355241,NORM
54.375,0.05032258,18.2144,39.6676,1534.98,3973.923035,365.8333527,191.0530706,0.373132194,AROSAL
58.28205109,0.064516128,17.9528,40.515,3125.92,5417.22551,706.2353795,467.1270213,0.136485916,NORM
52.775,0.046516128,18.3474,40.0238,3436.52,10653.80118,1686.091908,976.0412903,0.047092524,NORM
61.5213679,0.049419354,18.5708,39.3764,6117.02,10718.6013,1719.795777,1004.638214,0.045540126,NORM
59.14332062,0.060516128,18.0952,39.7128,4116.12,7329.381851,1265.027402,791.722092,0.057554243,NORM
55.10964966,0.065505375,17.7862,41.3312,2884.66,8732.76442,1079.859067,809.5463884,0.094108196,NORM
57.75641098,0.046387096,18.0474,39.714,4800.42,21484.71613,2715.384874,1969.477034,0.036616489,NORM
58.1970314,0.044825807,17.5912,40.565,1073.0,5908.763046,813.0329466,598.4705682,0.112328549,NORM
60.674764,0.04576344,17.7576,40.9366,2184.58,9118.392258,1037.061032,826.0110349,0.106541671,NORM
62.57692261,0.044580646,17.724,40.952,2339.12,9900.172363,1065.33816,794.5987042,0.109616935,NORM
61.69597066,0.046279569,17.3104,41.9628,2012.72,6877.30188,1493.183575,460.0018655,0.038761586,AROSAL
62.03846207,0.044645161,17.7056,41.0464,3814.94,17981.47408,1597.57397,858.1502055,0.088534636,AROSAL
64.84224731,0.046451611,17.9384,40.5072,4062.48,15617.73747,1553.24724,934.7435033,0.081347985,AROSAL
59.4331974,0.046258063,18.3758,40.4328,3862.24,15351.65564,1528.336956,858.3512376,0.082589884,AROSAL
66.84798584,0.047225806,18.6894,39.4342,6780.82,6828.094742,830.7418571,501.1090999,0.124330367,AROSAL
64.43131866,0.049354837,19.0272,39.3734,4866.64,2755.356079,343.3419087,158.0231052,0.293720299,AROSAL
60.68067576,0.049462366,19.3318,38.5238,5150.48,3348.010345,634.6027112,401.9158356,0.104470292,AROSAL
65.22954839,0.047492472,19.8124,37.4144,5141.0,7644.66304,1110.231687,812.9986125,0.077936514,NORM
61.23076909,0.05255914,22.6138,34.5844,8994.58,8513.122787,1401.788024,800.3521868,0.054442,AROSAL
58.08771922,0.046451611,23.6314,34.4476,8203.06,4333.322952,373.6676626,183.4871828,0.389995765,AROSAL
57.58353668,0.049354837,23.7706,33.0272,1315.8,3510.135376,464.7756353,300.5300898,0.204195903,AROSAL
62.52811521,0.052602149,23.9684,32.4698,1180.22,5393.97348,699.9668257,494.8959091,0.138345092,AROSAL
63.08392715,0.213677414,23.9538,31.7852,1842.44,5244.783249,729.608977,500.0978272,0.123810384,NORM
63.246064,0.049634407,23.497,32.8358,2469.98,4598.484421,590.7043947,399.3035092,0.165609093,NORM
55.92105293,0.045096774,22.633,35.5926,3652.52,8650.410263,1059.449695,800.9415447,0.096846937,AROSAL
57.5,0.046967741,22.7764,36.1152,3695.1,8650.410263,1059.449695,800.9415447,0.096846937,AROSAL
63.57692413,0.048516129,23.2848,35.6754,6487.56,8522.591888,1023.716115,766.8836055,0.102193312,AROSAL
61.67948685,0.043741937,23.3856,34.2916,3121.18,5963.842911,827.8968773,657.7545296,0.109341133,AROSAL
63.42852249,0.047870967,23.1696,34.5238,2159.36,5862.918167,818.2130973,633.5319899,0.110050202,AROSAL
56.53396365,0.044344085,23.1216,34.765,2123.1,5862.918167,818.2130973,633.5319899,0.110050202,AROSAL
60.85875015,0.093591391,22.7718,35.3942,1888.14,1388.805435,267.3551244,107.755157,0.244159848,AROSAL
57.98223101,0.045741935,22.537,36.052,1620.1,1469.296646,215.8297512,117.685093,0.396366308,AROSAL
61.13135503,0.045548387,22.7572,35.0418,7778.9,9102.410034,1038.548068,828.2577504,0.106050582,AROSAL
62.23076897,0.070890323,23.5162,33.4778,2441.6,4203.44191,551.8934153,356.5997943,0.173422119,AROSAL
61.21025752,0.051698923,23.0784,33.9108,2693.88,3944.915726,539.691145,327.184026,0.170199002,AROSAL
62.53724009,0.054881719,22.824,34.803,7093.02,4136.72699,547.3096043,332.0456948,0.173540396,AROSAL
65.26556664,0.044774193,22.9632,34.5644,2988.72,12539.35779,1607.258687,474.7379375,0.060997719,AROSAL
61.52564125,0.04980645,22.824,34.3654,2362.76,2979.101273,365.8225331,182.5302799,0.279739778,AROSAL
62.84615211,0.050322579,22.9872,34.248,3685.66,23482.20082,2336.241711,921.2115389,0.054064615,AROSAL
63.32967072,0.128774189,23.0784,33.884,3580.02,17041.38597,1335.939718,579.3515015,0.119988895,AROSAL
60.0609539,0.049978494,23.0496,33.622,3565.82,17041.38597,1335.939718,579.3515015,0.119988895,AROSAL
63.15384598,0.044954839,23.8714,32.9762,6891.22,7076.028961,863.7342042,524.686098,0.119189838,AROSAL
67.28571625,0.051096774,23.713,33.2358,4450.4,2781.290192,343.0586469,154.6647036,0.296974683,AROSAL
66.63553212,0.05232258,23.6074,33.3262,6064.98,7644.66304,1110.231687,812.9986125,0.077936514,AROSAL
59.69230843,0.045903225,24.32,33.2174,5636.1,7644.66304,1110.231687,812.9986125,0.077936514,AROSAL
62.21367594,0.051784945,24.3342,31.7714,11821.7,4073.579498,960.5526546,716.66562,0.055480927,AROSAL
64.58058853,0.048709676,24.3682,32.3176,7996.5,16591.36649,1998.945721,1411.778082,0.052178311,AROSAL
53.50833333,0.053866667,25.744,29.345,1694.22,2672.965866,393.3427641,221.0833502,0.217100561,AROSAL
60.57624817,0.047677417,25.4528,29.6194,1754.16,2553.638855,381.6681385,208.2307887,0.220291393,NORM
60.68170497,0.053763438,24.8322,30.3864,3127.5,2789.326645,449.7705602,207.8368013,0.173271522,NORM
65.72893791,0.050580644,24.7986,30.7208,6418.16,4540.392166,770.4824895,384.0148028,0.096112015,NORM
64.96886253,0.04940645,24.6628,30.8712,3584.74,3500.370682,757.504976,364.9415686,0.076657195,NORM
63.75641098,0.060645161,24.0836,31.6354,7272.78,3524.880325,585.8220414,356.8207337,0.129069261,NORM
61.82051353,0.085600003,24.1658,31.9174,8573.62,9733.130707,1436.112811,835.0276787,0.05930418,NORM
61.4615387,0.049290323,24.0164,31.7566,6659.44,3550.262558,357.5479059,210.805739,0.348981061,NORM
52.25189394,0.067118278,24.9192,30.5358,1309.5,5449.970352,702.2449313,496.5640254,0.138875865,NORM
60.88461456,0.047870966,24.9728,30.7024,1776.2,5315.946228,696.6753215,475.4245799,0.137635223,NORM
57.63157857,0.06873118,24.161,31.9776,2466.8,9064.394089,1605.017444,1034.0842,0.044216985,NORM
57.22807007,0.049109675,24.4984,32.698,4202.84,8755.084915,1074.49868,821.3389178,0.095292441,NORM
55.97368393,0.050516129,24.6822,32.6006,4371.52,8732.76442,1079.859067,809.5463884,0.094108196,AROSAL
57.9406208,0.051612902,24.8758,30.8962,1952.8,8419.304214,1038.13462,798.8164989,0.098169983,AROSAL
63.70329539,0.069849461,24.5516,31.2858,4336.86,20605.18929,2708.031736,1953.212639,0.035308476,NORM
62.9102553,0.079161288,24.905,31.35,3989.96,6358.024536,868.7419697,664.6548999,0.105864526,AROSAL
58.25910873,0.048451611,24.6724,30.8452,4116.1,5985.046707,850.9008452,602.203429,0.103877024,AROSAL
61.28205109,0.049806451,24.702,30.8274,3291.46,16088.91257,1770.155523,997.9111217,0.064522874,AROSAL
56.75328827,0.064258066,24.6674,32.1494,4029.4,1417.263382,244.6246071,89.96570957,0.297618654,NORM
57.89473648,0.051935482,24.992,31.2564,5259.24,2180.319626,511.524486,339.7093783,0.104712173,AROSAL
54.95192299,0.06967742,25.1276,30.8902,7484.04,9394.24733,1044.580139,698.9370447,0.1081903,AROSAL
59.95681419,0.049956987,25.9874,29.636,10700.62,10411.96289,1252.669913,799.8322402,0.0833814,AROSAL
63.26495705,0.074989246,26.1482,28.6234,3487.0,4401.477478,638.5768481,347.4912655,0.135638198,AROSAL
59.08097153,0.075096774,25.9484,29.4972,3876.44,3778.494003,533.7465931,333.6442557,0.166670358,AROSAL
65.09645793,0.0572043,25.113,30.3222,7838.8,24843.627,2368.523703,1203.375674,0.055650541,AROSAL
68.88937683,0.04967742,25.1034,30.2134,5052.72,5162.644867,737.0117662,492.7941619,0.119435456,AROSAL
70.42328288,0.075741937,25.525,30.0318,8023.28,4507.358246,606.2995828,362.2916962,0.15408395,AROSAL
67.28156281,0.052258064,25.5254,29.6932,8737.56,7574.842453,1461.376283,841.4357622,0.044571716,AROSAL
67.6873024,0.055161287,25.4136,29.8196,9950.08,3418.91658,455.3817194,231.2980172,0.207179692,AROSAL
66.10714416,0.052645162,25.9092,29.2974,6388.22,2715.856262,354.842951,170.7300093,0.271046798,AROSAL
69.280159,0.096580645,25.9436,29.3682,4172.88,17060.54555,2011.639029,1423.737678,0.052978868,AROSAL
58.18421059,0.080387099,16.701,32.2516,13901.44,2707.192215,398.3641821,206.0868118,0.214372163,NORM
53.59375,0.054645161,17.0296,32.7148,13888.82,2707.192215,398.3641821,206.0868118,0.214372163,NORM
56.0,0.058903225,17.2296,31.9702,13767.4,2672.965866,393.3427641,221.0833502,0.217100561,NORM
62.48534851,0.101032258,19.4222,28.271,14002.36,3361.053635,390.9698179,222.1997608,0.276311425,NORM
61.75640945,0.046064515,19.4936,28.1158,3455.44,3616.447052,492.0162571,299.2954948,0.187729736,NORM
61.52564011,0.134193551,19.4552,28.3004,3890.62,3833.974533,358.319514,188.1263612,0.375247811,NORM
56.34736908,0.047268817,19.546,28.6354,2873.64,4167.804398,366.6201972,186.2995078,0.389658738,NORM
55.92261963,0.09380645,16.7154,32.4172,3543.76,13236.00783,1693.257577,1019.931389,0.058012399,NORM
61.52564201,0.064774196,17.8478,31.1338,6541.14,10323.66219,1648.995822,1009.61726,0.047709464,NORM
59.88933945,0.075225809,18.1616,28.8238,904.28,8365.816956,1054.517362,807.518133,0.094538945,NORM
60.02946447,0.049483869,18.1336,29.1208,2402.18,8644.483566,1065.085671,800.2501603,0.095759051,NORM
61.85897446,0.079483871,18.176,30.3072,4595.44,8580.889771,1029.522064,805.1030405,0.101735113,NORM
60.91633034,0.140516132,18.1904,30.2292,5047.96,8377.681274,1105.468724,846.3205541,0.086147123,NORM
55.57894669,0.066838709,17.6818,29.6224,1858.22,5851.256027,821.5335156,634.2568582,0.108945274,NORM
57.39473724,0.060064514,16.9678,31.0238,1743.1,5851.256027,821.5335156,634.2568582,0.108945274,NORM
60.50764771,0.069462365,17.5388,30.3856,1815.64,1532.360977,256.7783871,86.52018913,0.292047851,NORM
56.12171071,0.051548387,17.377,31.2574,1333.14,1274.667603,341.5337946,186.6845355,0.137321787,NORM
57.4035085,0.047784946,17.263,31.4854,1320.52,1274.667603,341.5337946,186.6845355,0.137321787,NORM
62.87179489,0.060709679,15.8576,31.1776,6995.26,2113.712585,287.1117067,144.5507027,0.322221115,AROSAL
56.92105331,0.063612902,17.1156,31.0638,2848.42,9430.942764,1045.710558,685.0161518,0.108378213,NORM
64.13829397,0.146365594,17.1252,30.7204,2704.92,9537.968124,1047.806681,687.5577292,0.109170024,NORM
62.63247681,0.067913979,17.2154,30.2394,5230.88,9900.172363,1065.33816,794.5987042,0.109616935,NORM
63.79487076,0.074709676,16.3296,31.9424,6143.82,9285.362762,1552.352164,491.060139,0.048420385,NORM
63.09279582,0.074709675,15.8054,32.741,2140.44,3410.305161,373.6571132,182.714175,0.306942197,NORM
71.25555445,0.106817204,16.1198,32.2062,3408.16,5162.644867,737.0117662,492.7941619,0.119435456,NORM
61.4871788,0.077612903,16.201,32.364,7383.1,3168.904755,386.7807528,202.1950329,0.266188532,NORM
61.39333878,0.121096776,16.201,32.364,7383.1,3283.061508,663.8542674,456.2304895,0.093614556,NORM
65.41391983,0.088774193,16.201,32.364,7383.1,13148.63513,1900.656089,1476.362901,0.045738662,NORM
62.83333244,0.069612905,16.201,32.364,7383.1,9447.332275,1044.647468,706.0284778,0.108787637,NORM
66.88644943,0.05296774,23.3712,21.4814,5185.14,3357.720444,472.1600507,259.2200387,0.189267446,AROSAL
61.13495178,0.092064514,20.4456,24.791,2613.46,3647.832947,452.547466,284.2769379,0.223829091,NORM
59.07017517,0.117935482,20.603,24.7752,7195.54,3524.880325,585.8220414,356.8207337,0.129069261,NORM
59.91767883,0.071741932,20.722,25.3122,13023.18,3292.447952,375.7315932,213.9085798,0.293071343,AROSAL
57.71471069,0.058709678,20.5168,24.8164,14897.94,3647.176834,360.9869988,213.4121347,0.351709066,AROSAL
59.32726021,0.064322579,20.6884,24.7946,12348.32,3884.518173,378.1081907,199.847059,0.341440356,AROSAL
62.85897598,0.102709679,21.4372,23.9772,14402.84,4600.112015,392.3431801,177.7853186,0.375531226,AROSAL
61.33333359,0.051612902,18.8086,24.451,1616.94,8498.949936,1584.934672,773.1094848,0.042516,NORM
60.41498032,0.054677416,17.9478,26.8096,1344.2,5095.67981,683.3711051,481.7823882,0.137119358,NORM
60.30364304,0.060903227,16.5678,30.27,868.02,5457.617554,701.2222249,477.7090253,0.139476685,AROSAL
58.30769196,0.072903224,16.3868,30.433,844.36,5417.22551,706.2353795,467.1270213,0.136485916,AROSAL
57.47368507,0.096903226,18.661,27.7086,1339.44,5098.316467,653.6821276,450.8537343,0.149935141,AROSAL
57.34210434,0.091483869,18.6328,28.3014,1266.92,8387.737534,1057.194872,621.3354386,0.094307146,NORM
62.12820435,0.058064515,18.6422,26.5208,6186.36,8580.889771,1029.522064,805.1030405,0.101735113,NORM
61.34188054,0.106838708,18.9656,27.0554,2118.36,5895.887115,825.039217,654.8882832,0.10884534,AROSAL
53.225,0.066580645,18.723,28.4622,2567.74,1360.763977,247.8417334,96.7285599,0.278383693,AROSAL
64.75323029,0.045935483,18.8988,26.8488,8231.44,2796.82193,712.1695443,371.8552966,0.069295955,AROSAL
60.72132301,0.145741932,18.9562,26.907,9090.76,9630.192902,1312.372586,807.7690701,0.070263625,AROSAL
63.87179642,0.053870967,19.7838,25.8928,6520.66,9838.690094,1052.385247,800.403158,0.111634297,AROSAL
58.68286057,0.170451615,19.7364,25.8082,8203.06,10701.15103,1236.810439,839.3876597,0.087909149,NORM
64.42034963,0.061978493,19.8458,26.0726,6615.26,7253.916443,1185.891354,644.8084552,0.064817549,NORM
62.9358963,0.068129032,19.2462,26.7344,1703.68,4105.337082,543.2602935,339.0356572,0.174800535,NORM
60.24156647,0.052258063,18.4138,27.9432,2908.32,3654.836548,454.7891603,260.3192185,0.222053495,NORM
61.60256233,0.078903223,18.366,27.9528,2093.14,2744.866745,331.0370417,167.0729425,0.314758846,NORM
58.31578903,0.074258063,18.5378,28.2868,2993.46,17981.47408,1597.57397,858.1502055,0.088534636,AROSAL
70.10015895,0.083268815,18.4188,28.0106,5998.74,4528.619247,639.2883701,412.3505231,0.139245787,NORM
72.3830068,0.125806447,19.1128,27.6034,3452.3,4667.278122,648.5515429,395.0431448,0.139439094,AROSAL
62.89743576,0.073741938,19.408,27.0826,8720.22,4900.049454,977.1444268,795.9872821,0.064490064,NORM
63.95758514,0.154258064,20.3646,26.489,8980.42,4243.014267,752.9393365,535.9980925,0.094051209,AROSAL
