@relation esum_filtered_keel_nom
@attribute Sound real [46.22267342, 79.2527832]
@attribute Dust real [0.02916129, 0.39787096]
@attribute TempEN real [10.521, 26.891]
@attribute RH real [17.24, 60.8856]
@attribute Light real [287.76, 32280.1]
@attribute Area real [1274.667603, 36208.28889]
@attribute Perimeter real [205.8863296, 2834.509892]
@attribute Occlusivity real [84.20423509, 2375.982044]
@attribute Compactness real [0.022584873, 0.402656985]
@attribute EDA_label {AROSAL, NORM}
@data
62.12820587,0.043716128,19.9692,31.358,1604.36,2819.8246,409.6901478,229.0161324,0.211115888,NORM
53.66666667,0.043354838,19.4456,32.1608,2294.96,2777.109253,406.9191399,217.3479957,0.210759225,AROSAL
58.60728861,0.076516127,18.9754,33.096,2610.32,3251.924301,616.50364,355.9280066,0.107517461,NORM
63.46356201,0.042580644,18.9562,33.1538,2381.68,4878.81163,769.0770711,416.9537631,0.103653552,NORM
58.78947449,0.059329034,18.4188,34.0906,2791.64,1865.179535,437.9570628,250.3884327,0.122198939,NORM
58.82456207,0.041290323,18.252,34.0424,3261.52,2522.818008,545.1415469,360.1489186,0.106678579,NORM
56.97368431,0.061870968,17.7958,35.4582,3561.1,3732.779922,457.7464198,291.2689016,0.223868164,NORM
57.0526329,0.05088172,17.344,36.2542,3116.46,9764.52739,1459.58495,900.288343,0.057597328,NORM
61.76833038,0.045397849,14.7828,40.7844,1459.3,5370.425385,704.8751874,497.3829182,0.135829501,NORM
56.16140315,0.043698925,14.5626,42.2208,4057.78,4486.253983,582.0922101,384.9612685,0.166383458,NORM
56.50000076,0.040129033,14.5242,42.1526,3766.1,4861.897507,619.6342098,408.1222831,0.159127372,NORM
59.3117396,0.038709677,14.433,41.8132,1716.28,6116.174072,1043.586799,413.8852471,0.07057202,NORM
56.63157845,0.060838712,14.2228,43.5644,1225.94,8644.483566,1065.085671,800.2501603,0.095759051,NORM
57.89473686,0.04767742,14.1412,43.24,3753.46,8796.603455,1069.331132,820.9213937,0.096671945,NORM
56.92982483,0.044954839,13.9972,43.5126,1612.22,8515.145874,1107.835443,811.5399868,0.087186942,NORM
66.20128365,0.053677418,13.4586,44.6602,3054.96,21484.71613,2715.384874,1969.477034,0.036616489,NORM
61.7299145,0.046881721,13.4106,44.836,1793.56,5994.397171,830.1933371,613.9162175,0.109294144,NORM
62.41025569,0.079053764,13.3242,45.063,1367.82,5994.397171,830.1933371,613.9162175,0.109294144,NORM
60.14777222,0.042322581,13.1946,45.3718,1645.34,5693.266052,804.3006986,597.7632368,0.110594735,NORM
58.3421051,0.040709676,12.9824,45.5642,1552.32,1483.378754,249.6611717,86.94734208,0.299061088,NORM
59.80611801,0.067870966,12.7702,46.1296,1976.48,1471.960663,342.168934,172.1238536,0.157988296,NORM
58.5,0.047999998,12.7606,46.1534,1708.4,1515.439331,255.5941344,135.7710701,0.291505432,NORM
61.69230766,0.058129031,12.7942,46.2506,2889.38,1578.3797,225.0002323,121.0043412,0.391791868,NORM
64.49755554,0.102494624,13.185,45.5336,2752.22,9071.434982,1052.959372,791.9558278,0.102816455,NORM
63.40476189,0.084838711,13.064,46.1354,1905.52,4162.454361,528.5142436,332.9788452,0.187260404,NORM
63.21385345,0.051161291,13.016,46.2538,1616.94,4290.720551,634.6678809,358.8330091,0.133858839,NORM
60.33040975,0.041015054,12.9824,46.15,2097.86,3779.544128,521.2674714,326.6599561,0.174794609,NORM
60.42442513,0.040000001,12.582,47.2544,1768.32,4468.130707,578.6943911,347.9572928,0.167662982,NORM
61.17948723,0.037032258,12.678,46.6898,489.6,2715.856262,354.842951,170.7300093,0.271046798,NORM
63.48718185,0.064258062,12.654,46.9472,2009.54,7644.66304,1110.231687,812.9986125,0.077936514,NORM
62.20512733,0.053612902,12.683,46.6532,975.22,16247.91142,1998.296898,1179.968997,0.051131364,NORM
53.125,0.038516129,19.0366,29.9748,549.5,2774.293182,404.5494113,219.7982244,0.213019358,AROSAL
54.79605306,0.034580646,18.937,30.4916,693.0,2820.998718,411.2053543,225.4853926,0.209650176,AROSAL
60.09919128,0.041290323,18.176,31.7906,655.14,1945.627899,431.8863181,252.9528891,0.131078287,AROSAL
60.78340187,0.046774194,17.929,31.623,790.74,3750.653778,463.6029537,259.8951879,0.21929284,AROSAL
59.54453659,0.04083871,15.9006,36.5898,806.52,10653.80118,1686.091908,976.0412903,0.047092524,AROSAL
53.5,0.04916129,14.888,38.0204,834.86,8732.76442,1079.859067,809.5463884,0.094108196,AROSAL
63.79487101,0.048817202,13.9012,40.5594,546.36,1417.263382,244.6246071,89.96570957,0.297618654,AROSAL
59.76855736,0.08851613,13.449,41.9536,812.84,2113.712585,287.1117067,144.5507027,0.322221115,AROSAL
62.26855698,0.054838713,13.425,41.9572,514.8,9447.332275,1044.647468,706.0284778,0.108787637,AROSAL
63.12820473,0.043806451,13.1898,43.0834,683.54,9908.115204,1050.995517,788.1233759,0.112719534,AROSAL
65.77930527,0.075612901,13.1222,43.2516,664.62,4362.693497,548.2920135,320.3156759,0.182364679,AROSAL
65.92857056,0.090193549,12.823,44.2826,618.88,4528.619247,639.2883701,412.3505231,0.139245787,AROSAL
67.1428566,0.046129033,12.7894,44.466,678.8,4433.436691,581.4339397,383.7492894,0.16479712,AROSAL
67.85164795,0.062064514,12.7798,44.5716,563.72,4468.130707,578.6943911,347.9572928,0.167662982,AROSAL
64.41392136,0.04883871,12.896,43.8402,451.72,9067.672134,1036.232897,830.917423,0.106118456,AROSAL
59.7726059,0.124903221,15.8004,40.2592,3398.68,2875.740128,418.7393443,220.670666,0.20609714,AROSAL
65.04212494,0.040516129,15.328,41.9658,2987.14,2571.111496,405.5176619,205.3414032,0.196476777,NORM
62.0470089,0.053569893,14.9216,42.9016,2905.16,1937.812607,314.3084946,132.1576755,0.246495732,NORM
63.20512924,0.038709678,14.768,43.2188,4450.38,3056.566681,578.2399095,383.9972726,0.114875552,NORM
60.00539818,0.052774191,13.9012,45.3656,3319.86,3796.511719,359.2821896,200.3579607,0.369592569,NORM
53.54166667,0.066451612,13.5652,46.1358,2739.62,4167.804398,366.6201972,186.2995078,0.389658738,NORM
58.73684158,0.063716127,12.413,49.9266,3304.08,5170.613998,662.7571213,495.1861539,0.147925544,NORM
63.15384674,0.114064518,11.856,51.988,2985.58,12091.94945,1714.43857,1251.344639,0.051696642,NORM
59.87719421,0.032064515,11.734,52.1894,2663.92,6041.190689,833.6225665,631.970195,0.109242966,NORM
60.45128281,0.031096773,11.589,53.72,2697.02,5948.618073,810.6317167,607.4947197,0.113757167,NORM
66.59096527,0.031440859,11.5112,54.0704,3419.2,15257.61072,2148.204367,1206.308293,0.041547529,NORM
60.70175476,0.035225806,11.492,53.8866,3805.5,19278.3916,2163.360325,1240.754385,0.051763417,NORM
59.61403465,0.03148387,11.273,53.227,2446.34,1577.66626,285.2882052,158.8376592,0.243588829,NORM
60.07489802,0.030795698,10.8974,55.1584,1916.56,17057.49397,1989.204072,1469.373424,0.054170945,NORM
55.44736862,0.031419353,10.868,55.0582,3300.94,9102.159683,1038.607287,828.1835639,0.106035572,NORM
61.50634277,0.034387096,10.81,55.637,1462.44,9499.346558,1052.575491,698.4072298,0.107744991,AROSAL
61.01282082,0.05412903,10.81,55.7324,1443.52,10669.19955,1219.71743,878.4894382,0.090120427,AROSAL
61.10931193,0.036564516,10.6774,56.2026,3643.08,3985.707047,538.6806117,335.3146808,0.172604673,AROSAL
63.89743805,0.042193547,10.736,56.289,3737.68,3810.68277,534.371536,318.3132257,0.167697283,NORM
61.5441597,0.031935484,10.751,56.0944,3654.14,3623.139084,456.1576986,269.0661877,0.218808834,NORM
63.11538429,0.056516128,10.761,55.9282,3597.36,9285.362762,1552.352164,491.060139,0.048420385,NORM
63.23809509,0.041935483,10.6822,56.8236,2616.62,17981.47408,1597.57397,858.1502055,0.088534636,AROSAL
63.34757996,0.032430108,10.653,57.0214,2242.94,21907.54071,1700.78295,890.2854022,0.095171235,NORM
65.0222229,0.056258065,10.687,56.9196,2301.28,16580.3914,1556.479507,939.2357943,0.086003837,AROSAL
56.07017543,0.033978495,10.712,56.661,2916.22,4900.049454,977.1444268,795.9872821,0.064490064,NORM
62.56410268,0.047311827,10.541,57.052,1773.06,1743.673645,240.4385509,126.0600254,0.379024134,AROSAL
61.02429214,0.051548385,14.821,43.0604,4407.8,2527.866837,384.5554844,185.7109858,0.214805817,AROSAL
60.01282005,0.035870968,14.8448,44.3002,5402.74,1945.627899,431.8863181,252.9528891,0.131078287,NORM
62.15384674,0.043870968,14.8832,44.519,6303.06,2522.818008,545.1415469,360.1489186,0.106678579,NORM
62.65381597,0.035010753,14.6874,45.0924,5412.18,3524.880325,585.8220414,356.8207337,0.129069261,NORM
60.38731333,0.036451613,14.347,44.5044,4251.7,3647.176834,360.9869988,213.4121347,0.351709066,NORM
61.37179565,0.037290323,14.146,44.8818,4166.58,3884.518173,378.1081907,199.847059,0.341440356,NORM
61.42919769,0.03528536,13.512,46.154,3081.76,12775.35063,1692.20196,998.6417822,0.056063255,NORM
54.27111115,0.033978495,13.257,47.0118,4010.46,12775.35063,1692.20196,998.6417822,0.056063255,NORM
62.13450394,0.043956989,12.92,47.6446,6831.26,11160.97964,1877.578301,1055.607062,0.039784698,NORM
62.32928467,0.046322581,15.7768,38.403,3907.98,3360.187881,558.8323918,319.8333349,0.135210458,NORM
58.81039085,0.042967741,15.2086,40.0282,2615.06,9889.684326,1512.294901,939.9724563,0.05433996,NORM
53.45833333,0.054193549,14.888,40.9814,3758.22,3510.135376,464.7756353,300.5300898,0.204195903,NORM
58.90620689,0.068709677,14.529,41.976,2258.7,5447.986557,708.1006231,497.5108022,0.136538755,NORM
52.7375,0.059225804,14.481,41.7678,2663.92,5417.22551,706.2353795,467.1270213,0.136485916,NORM
55.22039413,0.043741935,13.8388,44.399,2105.76,8523.879425,1056.487831,648.7110516,0.09596617,AROSAL
57.73684158,0.059161289,13.7428,43.9666,3643.08,8796.603455,1069.331132,820.9213937,0.096671945,NORM
60.69995448,0.038064516,13.377,44.738,3871.72,1873.197845,443.0643946,156.0443855,0.119911217,NORM
57.65789452,0.040516129,13.377,44.6628,4384.14,1517.006393,502.3466525,221.7025475,0.075542308,NORM
57.86842041,0.039225805,13.3722,44.756,4541.82,1517.006393,502.3466525,221.7025475,0.075542308,NORM
55.15131531,0.069741935,13.353,44.8478,4472.44,1323.738617,417.7672561,186.5161052,0.095311062,NORM
56.50000076,0.058150536,13.329,45.0512,3179.52,1498.164856,253.7481353,132.7827313,0.292390831,AROSAL
58.10121498,0.042645161,13.1466,44.8348,2980.86,1405.062836,209.4041028,113.3583947,0.402656985,NORM
59.53351313,0.048903225,13.0976,45.098,5301.84,4073.579498,960.5526546,716.66562,0.055480927,NORM
67.05860804,0.042322579,13.064,45.0686,2842.1,4073.579498,960.5526546,716.66562,0.055480927,NORM
60.75505981,0.041419355,13.016,45.9114,3042.34,9522.91716,1048.199109,686.2211806,0.108916154,AROSAL
56.26315816,0.049075269,12.968,46.1606,1041.44,9538.586426,1050.642752,698.4344003,0.108588478,AROSAL
55.84210587,0.048903225,12.9536,45.5544,2369.08,3626.231064,454.3773666,268.2283782,0.220715055,NORM
60.41295586,0.054258063,12.775,46.429,2350.16,15351.65564,1528.336956,858.3512376,0.082589884,NORM
56.3947361,0.077419352,12.775,46.2792,2534.62,15351.65564,1528.336956,858.3512376,0.082589884,NORM
60.36842016,0.042086021,12.509,47.1896,1708.42,3122.184433,367.6121683,174.3448142,0.290327825,NORM
61.8675223,0.06868817,12.437,47.6686,942.1,8792.590195,1207.860044,847.7691987,0.075734448,NORM
57.92105179,0.047419353,12.3496,48.09,1415.12,17041.38597,1335.939718,579.3515015,0.119988895,AROSAL
63.92307846,0.044451612,17.1578,36.1446,2268.14,3037.521652,434.7511214,220.2220114,0.201951845,AROSAL
56.79166679,0.037913978,16.5582,37.1998,2406.92,2843.716171,413.7934294,213.8970911,0.208703115,NORM
61.02609049,0.036688173,15.055,40.5348,3472.82,3524.880325,585.8220414,356.8207337,0.129069261,NORM
60.21187515,0.039548386,14.9888,40.5526,2785.34,9125.151688,1508.592971,968.7946241,0.050385526,NORM
64.93681107,0.04051613,14.218,43.1476,1933.88,3796.511719,359.2821896,200.3579607,0.369592569,NORM
63.58974202,0.038064516,14.146,43.3978,3923.74,3846.023849,356.6492221,178.9691705,0.379961221,NORM
53.125,0.036387097,13.5892,45.1704,1993.8,5393.97348,699.9668257,494.8959091,0.138345092,NORM
52.55,0.039741936,13.401,45.7098,2121.52,9591.529037,1684.06532,983.3388583,0.042499111,AROSAL
54.02083333,0.034021506,13.3242,45.7442,4519.76,12775.35063,1692.20196,998.6417822,0.056063255,NORM
60.00539894,0.036645162,12.871,47.0372,2346.98,8750.497086,1056.348336,675.4763072,0.098543568,NORM
57.66441803,0.043483871,12.876,46.8828,2348.58,8523.879425,1056.487831,648.7110516,0.09596617,NORM
64.87750664,0.031999999,12.7222,46.0866,1522.34,5805.36705,808.2310013,629.5994365,0.111678234,NORM
62.8461525,0.054903223,12.678,46.354,2473.12,5959.535309,808.0409063,613.6837096,0.114697927,NORM
61.76743317,0.038623656,12.63,46.783,2310.74,1676.187531,276.4149939,103.187715,0.275682549,NORM
56.71052704,0.036709676,12.6156,46.9548,2260.26,1615.315674,265.2694879,88.72415192,0.288464699,NORM
53.75219371,0.035698925,12.5484,47.708,3580.0,1873.197845,443.0643946,156.0443855,0.119911217,NORM
58.19298248,0.033462364,12.524,47.55,2583.52,1610.164749,285.662451,154.6050932,0.247955566,NORM
62.07692337,0.036903225,12.4226,47.5434,2648.18,9447.332275,1044.647468,706.0284778,0.108787637,NORM
57.08070119,0.03836559,12.384,47.699,2520.44,9118.392258,1037.061032,826.0110349,0.106541671,AROSAL
59.24898796,0.037483871,12.413,47.591,2979.26,9874.752701,1057.5957,813.6162437,0.110942191,NORM
61.67476387,0.037032257,12.374,47.7908,3061.24,3984.659546,495.5549768,293.4887624,0.203900082,NORM
61.40395889,0.034580646,12.379,47.4822,3922.16,4039.99939,629.744786,372.9809389,0.128015337,NORM
61.41025581,0.036709677,12.437,46.851,3401.86,6877.30188,1493.183575,460.0018655,0.038761586,NORM
61.47493858,0.030967741,12.3838,47.3776,4278.52,23482.20082,2336.241711,921.2115389,0.054064615,NORM
62.65201263,0.034580646,12.4322,47.4084,1656.36,15351.65564,1528.336956,858.3512376,0.082589884,NORM
67.24114838,0.107139784,12.379,46.4284,1355.2,2781.290192,343.0586469,154.6647036,0.296974683,NORM
63.04395472,0.104967743,15.5138,59.8244,32280.1,3090.560501,441.979236,230.2761894,0.19881236,NORM
58.39001236,0.097983873,15.9198,58.8084,32280.1,2774.293182,404.5494113,219.7982244,0.213019358,AROSAL
55.53508809,0.084064514,16.2914,58.614,32280.1,2820.998718,411.2053543,225.4853926,0.209650176,AROSAL
59.52091904,0.110580645,17.4294,53.1078,32280.1,1937.812607,314.3084946,132.1576755,0.246495732,AROSAL
62.35384445,0.130129029,17.8432,53.6416,32280.1,2522.818008,545.1415469,360.1489186,0.106678579,AROSAL
63.745725,0.040817205,17.9052,50.4968,4831.96,3734.288544,497.9242375,315.4784428,0.189274105,AROSAL
65.89853007,0.042365592,17.9004,51.3604,4992.78,3464.096512,403.9707314,230.7028145,0.266747308,AROSAL
57.67881165,0.039177418,18.033,51.7386,4076.7,3647.176834,360.9869988,213.4121347,0.351709066,AROSAL
57.59649099,0.037376343,17.9812,51.3656,3542.18,3904.903625,367.0661916,191.2928652,0.364192847,AROSAL
60.58082695,0.045741934,17.605,52.3424,4202.84,3742.970459,531.1056424,363.6714734,0.166749459,AROSAL
57.7631588,0.04232258,17.605,52.7564,1842.44,9013.399063,1675.893605,845.2877782,0.040327897,AROSAL
61.89608726,0.043935484,17.296,54.0794,3740.84,5296.423126,694.9198023,481.2536652,0.137823464,AROSAL
60.58479563,0.038150537,17.011,54.6822,4615.94,4884.837219,636.8043342,466.6669574,0.151372833,AROSAL
61.79487038,0.036580645,16.9774,55.5518,4130.28,6519.618759,1069.399205,833.786453,0.071639468,AROSAL
61.84615402,0.036322581,16.9822,54.9044,5716.52,5392.922592,998.0788056,437.1305127,0.068030613,NORM
55.58333282,0.063612904,16.844,57.133,5874.18,8522.591888,1023.716115,766.8836055,0.102193312,AROSAL
66.38461456,0.051354839,16.892,55.0746,3608.4,20605.18929,2708.031736,1953.212639,0.035308476,AROSAL
58.70107956,0.037690323,16.82,56.5156,3305.66,5895.887115,825.039217,654.8882832,0.10884534,AROSAL
56.55482508,0.036903226,16.82,56.0712,3294.64,5895.887115,825.039217,654.8882832,0.10884534,AROSAL
54.93157923,0.037505376,16.8152,56.016,3289.92,5963.842911,827.8968773,657.7545296,0.109341133,AROSAL
60.47503281,0.039483871,16.773,56.4352,1992.22,1547.137207,256.6398212,86.47700506,0.2951825,NORM
55.76585709,0.038344086,16.582,55.359,1714.72,1654.911255,438.8496859,156.8501489,0.107982404,AROSAL
58.54504073,0.03939785,16.558,55.343,1750.98,1654.911255,438.8496859,156.8501489,0.107982404,AROSAL
59.15519485,0.041548386,16.5248,55.4418,2704.92,1303.268921,323.5616994,181.7048146,0.156433473,AROSAL
62.38914642,0.051935486,16.3822,56.0968,4267.48,1555.561615,287.441319,167.7034771,0.236591255,AROSAL
67.5429068,0.058322582,16.1058,56.5894,3414.44,1489.898544,249.5795553,128.1958466,0.300572018,NORM
62.61538429,0.044064517,15.9246,55.9486,2190.88,1301.40239,208.8683169,112.883717,0.374866239,AROSAL
63.70055084,0.06948387,15.9244,55.9852,4456.68,1743.673645,240.4385509,126.0600254,0.379024134,AROSAL
61.47908173,0.043225806,16.3104,55.9092,14379.2,8055.48732,1780.554756,1079.182648,0.031929419,NORM
64.88154246,0.03595699,16.7202,53.53,3433.38,9430.942764,1045.710558,685.0161518,0.108378213,AROSAL
62.31908785,0.03772043,16.725,53.512,4217.04,9538.586426,1050.642752,698.4344003,0.108588478,AROSAL
64.49084244,0.054451614,16.6914,53.9432,3278.84,4275.976349,538.3978222,320.9647876,0.185369624,AROSAL
63.8692318,0.136709674,16.5014,55.8648,3975.78,3654.836548,454.7891603,260.3192185,0.222053495,AROSAL
59.58299599,0.036193549,16.4438,54.122,4726.3,4433.436691,581.4339397,383.7492894,0.16479712,AROSAL
58.60526339,0.041655913,16.7394,54.0972,4866.62,7571.846725,1102.900652,783.3195527,0.078223797,AROSAL
62.83333359,0.048580645,17.106,52.7414,2580.34,9432.126877,1044.663553,702.7801449,0.108609199,AROSAL
48.46783562,0.031419354,18.7008,23.653,4055.42,3357.720444,472.1600507,259.2200387,0.189267446,AROSAL
63.75640869,0.060838708,22.9488,30.0676,1091.92,3357.720444,472.1600507,259.2200387,0.189267446,NORM
61.38461494,0.065354837,22.1636,32.0026,1125.0,3003.228561,432.1739949,231.0828473,0.202060298,AROSAL
63.37606735,0.054064514,21.6664,33.2158,1251.14,4766.62056,767.7915221,466.7505966,0.101609385,AROSAL
61.50854734,0.050795699,21.8478,32.7542,5115.8,3691.187546,463.4765823,291.8724514,0.215933679,AROSAL
63.5769249,0.087741937,21.9006,32.679,8581.48,3524.880325,585.8220414,356.8207337,0.129069261,AROSAL
57.14777298,0.087999998,21.6904,32.081,2249.26,3833.974533,358.319514,188.1263612,0.375247811,AROSAL
66.03541082,0.043698925,21.0272,34.6266,3133.8,3337.952225,394.2306023,218.5386461,0.269891566,AROSAL
61.183535,0.049999998,21.0934,34.6394,790.72,5417.22551,706.2353795,467.1270213,0.136485916,AROSAL
57.07894707,0.055419356,20.8984,34.2644,746.58,5391.870239,733.6308862,486.236393,0.125890826,AROSAL
55.18092041,0.043612904,20.9552,34.4212,738.68,5391.870239,733.6308862,486.236393,0.125890826,AROSAL
63.40000259,0.041849462,21.0224,34.3024,3229.98,5603.813736,757.4586566,526.3962681,0.122737052,AROSAL
58.34210587,0.063806451,20.8026,35.521,1312.64,8695.935043,1056.789114,807.5834506,0.097847445,AROSAL
61.41497917,0.042709676,20.8506,35.5324,1282.68,8650.410263,1059.449695,800.9415447,0.096846937,AROSAL
62.28205083,0.045333333,20.8986,35.4186,1271.62,8597.709091,1061.741792,799.2538515,0.095841761,AROSAL
54.15131577,0.054193546,21.0128,35.4292,1251.18,8796.603455,1069.331132,820.9213937,0.096671945,AROSAL
61.97435799,0.044709676,20.9552,35.0746,1907.06,8377.681274,1105.468724,846.3205541,0.086147123,AROSAL
55.08350138,0.039655912,20.9936,35.388,997.28,5851.256027,821.5335156,634.2568582,0.108945274,AROSAL
58.07894783,0.038516128,20.984,36.0188,1197.54,1547.137207,256.6398212,86.47700506,0.2951825,AROSAL
54.47807096,0.042623657,20.9408,36.33,1434.06,1654.911255,438.8496859,156.8501489,0.107982404,AROSAL
53.6875,0.046064516,20.9792,37.042,1482.94,1323.738617,417.7672561,186.5161052,0.095311062,AROSAL
61.43589859,0.052645161,20.9504,36.9934,1894.48,1395.231125,320.0620919,185.4932802,0.171154192,AROSAL
60.14102631,0.039354838,21.0128,35.798,1413.56,1610.164749,285.662451,154.6050932,0.247955566,AROSAL
61.11111145,0.049483871,21.056,35.348,1514.48,1328.334885,226.9343383,119.1453725,0.324128345,AROSAL
60.45074158,0.042193549,21.2748,32.603,1604.34,9447.332275,1044.647468,706.0284778,0.108787637,AROSAL
52.875,0.03948387,21.1318,34.1146,4269.04,3985.707047,538.6806117,335.3146808,0.172604673,AROSAL
63.93599294,0.049935485,21.3276,35.3806,3750.28,2808.390366,331.9453256,171.2969375,0.320283248,AROSAL
59.10323944,0.055870964,21.4322,35.7072,2539.36,4718.566208,568.6947863,297.8493775,0.183341772,AROSAL
60.61457458,0.10393548,21.5666,34.8952,2616.62,4718.566208,568.6947863,297.8493775,0.183341772,AROSAL
59.41781347,0.045591396,21.5902,34.1504,2570.88,24853.95938,2326.113195,900.5801814,0.057722317,AROSAL
65.0641037,0.101161287,22.058,33.4312,8849.52,16523.87279,1552.580081,913.1134234,0.086141749,AROSAL
68.47142944,0.055741933,22.5178,32.761,3225.26,4458.621948,645.5602301,458.2132346,0.134442623,AROSAL
72.2479365,0.105720426,22.2976,32.894,3223.66,6762.574554,832.5908301,522.0576528,0.122591027,AROSAL
66.05689824,0.048903225,22.5418,33.0364,2343.84,2876.500305,350.7680726,163.5787812,0.293788083,AROSAL
62.0384613,0.04980645,22.6618,32.707,2077.36,7571.846725,1102.900652,783.3195527,0.078223797,AROSAL
62.20512924,0.088516131,22.705,32.9978,2071.06,7571.846725,1102.900652,783.3195527,0.078223797,AROSAL
63.05128301,0.041333335,22.6666,32.374,3352.96,12691.43449,1883.837832,1462.866856,0.04494005,AROSAL
49.65519524,0.037612902,14.0274,35.666,5972.72,3213.005905,457.0934083,233.3532041,0.193246426,AROSAL
67.15292816,0.045870967,17.6148,44.202,4746.8,3263.18988,462.2215702,239.6852709,0.191933946,AROSAL
61.03643761,0.042967744,17.7008,42.0708,893.22,3090.560501,441.979236,230.2761894,0.19881236,AROSAL
55.34210548,0.040258063,17.3292,41.5488,1150.24,2777.109253,406.9191399,217.3479957,0.210759225,NORM
59.7941967,0.041496773,16.9582,42.8086,1259.04,2527.866837,384.5554844,185.7109858,0.214805817,NORM
58.493927,0.039999999,16.7538,43.9156,1229.08,1785.477127,303.0528411,120.9179907,0.244302232,NORM
58.56410179,0.04111828,16.2534,44.1474,1913.38,3524.880325,585.8220414,356.8207337,0.129069261,NORM
60.48582993,0.059483872,16.3488,45.0182,8852.64,9433.610046,1407.165781,843.6144511,0.059868345,NORM
57.19070435,0.044709677,17.1534,44.1406,8832.18,3464.096512,403.9707314,230.7028145,0.266747308,NORM
63.10622635,0.041161289,17.5196,41.807,2892.56,10323.66219,1648.995822,1009.61726,0.047709464,NORM
58.36302363,0.050494623,17.2488,42.9822,1072.98,5010.693542,650.0943167,468.166065,0.148989261,NORM
62.26617864,0.063698927,17.0582,42.7946,1285.82,7993.362518,1109.534424,680.5659086,0.081593923,NORM
61.26113243,0.038193548,16.663,45.151,2127.8,8658.8461,1054.825979,788.4907338,0.097793108,NORM
64.55751007,0.04064516,16.7914,43.9582,3256.8,8248.863266,1026.229527,792.8596631,0.09842716,NORM
60.38349063,0.055827957,16.682,44.4834,4313.18,9427.63826,1186.571952,872.4914295,0.084144284,NORM
57.38301277,0.040580644,16.7962,44.5732,1371.0,4872.688278,1043.19682,826.3518254,0.056265993,NORM
53.43596497,0.048774192,16.4486,47.3444,989.4,1517.006393,502.3466525,221.7025475,0.075542308,NORM
52.61666667,0.04052473,16.4342,47.6182,1027.24,1517.006393,502.3466525,221.7025475,0.075542308,NORM
57.11268539,0.037367742,16.058,47.3382,3531.12,1580.254181,265.2187749,148.694257,0.282311314,AROSAL
58.42982457,0.041161289,16.034,46.5148,789.16,1327.761505,208.895056,113.3295656,0.382361022,NORM
66.3513443,0.040137633,15.6952,48.1972,6842.32,9164.242905,1037.890439,835.1233456,0.106906333,NORM
54.53289452,0.041935484,16.2298,47.4542,7952.36,9430.942764,1045.710558,685.0161518,0.108378213,NORM
64.95054855,0.041999999,16.6726,45.7324,7741.06,9874.752701,1057.5957,813.6162437,0.110942191,NORM
63.51282043,0.042400001,16.8392,45.5324,7127.68,9858.853302,1050.883095,798.8614922,0.112183105,NORM
66.74391378,0.188258056,17.8098,43.2518,6301.5,6065.383636,973.3958526,607.447827,0.080443166,NORM
60.78461426,0.081247309,17.344,43.178,2094.74,4441.137833,1361.48471,237.7687887,0.030107769,NORM
60.52564049,0.041096773,17.1626,43.0298,1454.54,2799.813599,336.7952797,162.53168,0.310175143,NORM
65.53156128,0.042602149,16.5248,45.374,5527.3,4900.049454,977.1444268,795.9872821,0.064490064,NORM
67.63369904,0.043612904,17.5532,42.8266,5688.14,6685.361542,820.1311756,522.0195733,0.124901634,NORM
63.62969933,0.041741934,18.0048,42.2206,4822.48,2749.891663,346.8845091,162.9280458,0.287180956,NORM
60.09716721,0.045264516,18.5804,42.0042,4939.18,7644.66304,1110.231687,812.9986125,0.077936514,AROSAL
59.81219101,0.041488171,18.8324,40.5794,5032.22,7644.66304,1110.231687,812.9986125,0.077936514,AROSAL
65.61904984,0.043419356,18.9704,40.272,4984.88,13148.63513,1900.656089,1476.362901,0.045738662,AROSAL
61.77594503,0.132623658,21.1318,28.333,1230.64,3357.720444,472.1600507,259.2200387,0.189267446,AROSAL
54.3210527,0.098967744,19.9168,29.9616,1273.24,2843.716171,413.7934294,213.8970911,0.208703115,AROSAL
59.59514313,0.188709685,19.1748,30.9372,2105.76,1937.812607,314.3084946,132.1576755,0.246495732,AROSAL
57.76315651,0.121032261,19.0892,31.0888,1468.76,1910.508102,444.3996967,266.8744633,0.121565752,AROSAL
64.12364248,0.098838707,18.252,33.208,7848.28,3524.880325,585.8220414,356.8207337,0.129069261,AROSAL
63.06410255,0.113483869,17.3724,34.516,2299.7,3616.447052,492.0162571,299.2954948,0.187729736,AROSAL
58.47368444,0.123010755,17.4152,34.8792,2868.9,3833.974533,358.319514,188.1263612,0.375247811,AROSAL
60.57692223,0.127032257,17.786,34.1166,1167.6,9591.529037,1684.06532,983.3388583,0.042499111,AROSAL
55.11631317,0.100232253,17.4628,36.201,2183.02,11160.97964,1877.578301,1055.607062,0.039784698,AROSAL
56.49910037,0.147806451,16.806,37.872,1153.42,5419.163544,777.1735835,569.660546,0.112747277,AROSAL
67.36581319,0.100860215,16.7012,37.9454,1143.94,8370.078094,1048.888554,808.3228238,0.095605017,NORM
58.5522953,0.123548387,16.7058,37.2864,1952.8,20605.18929,2708.031736,1953.212639,0.035308476,AROSAL
60.07557297,0.105419356,16.9342,37.0444,2145.16,20605.18929,2708.031736,1953.212639,0.035308476,AROSAL
62.02564163,0.116387098,16.6344,36.9034,1473.46,6122.567093,837.4425163,643.6262038,0.109706764,AROSAL
65.07519035,0.116580646,16.9486,36.5788,1289.0,5963.842911,827.8968773,657.7545296,0.109341133,AROSAL
56.62390362,0.080860216,16.9198,38.2588,3731.38,1351.433456,321.6887465,184.1554877,0.164109149,AROSAL
58.39946098,0.116580645,16.796,36.5762,5746.46,1405.062836,209.4041028,113.3583947,0.402656985,AROSAL
57.71749929,0.13870967,17.8958,35.1152,5960.9,6861.415955,1037.409718,591.4747867,0.080116688,AROSAL
58.10526276,0.107677417,17.9476,36.0278,5260.84,4013.301315,538.3952493,319.1261857,0.173983953,AROSAL
58.85150414,0.138580646,17.7624,36.0092,5705.48,15484.30011,1554.581609,962.9173018,0.080514554,AROSAL
68.59523926,0.114322579,17.8574,35.9794,14948.4,16580.3914,1556.479507,939.2357943,0.086003837,AROSAL
58.96761093,0.089419353,18.4376,34.4536,11184.68,5620.563187,809.7332742,539.0773591,0.107722327,AROSAL
67.71094208,0.112946234,19.579,33.1452,14406.0,3358.136063,401.1140423,203.6148107,0.262284376,AROSAL
61.92490807,0.109225803,20.3554,31.1584,10919.78,7644.66304,1110.231687,812.9986125,0.077936514,AROSAL
64.03312378,0.107741935,20.536,31.7396,8873.18,4073.579498,960.5526546,716.66562,0.055480927,AROSAL
64.21795044,0.046387095,20.8934,31.4518,1489.22,3357.720444,472.1600507,259.2200387,0.189267446,NORM
57.62820435,0.044774194,20.3646,32.3884,1251.16,2644.737762,391.6634903,176.4151598,0.216653795,NORM
60.75897446,0.04980645,19.6506,33.7388,897.94,1821.875107,304.7928174,113.3881719,0.246444431,NORM
61.17948608,0.060967739,19.127,34.8076,10546.12,3373.962418,380.0720645,226.1179482,0.293506825,NORM
59.53238869,0.22574193,19.4316,35.6504,10580.8,3822.274765,492.8174673,290.6805442,0.197769621,NORM
60.26324743,0.051634407,19.603,34.9126,9519.64,3550.262558,357.5479059,210.805739,0.348981061,NORM
63.02564011,0.046193547,20.6408,32.4332,1493.96,3379.778198,362.8887869,196.6962656,0.322515778,NORM
53.13596497,0.047483871,20.2884,32.7728,549.5,5417.22551,706.2353795,467.1270213,0.136485916,NORM
62.53846105,0.044645162,19.8884,32.7762,1691.04,4598.484421,590.7043947,399.3035092,0.165609093,NORM
64.08767242,0.044322581,19.2796,33.3876,1356.8,4748.480179,925.3451727,378.3796699,0.069687834,NORM
63.11268539,0.045741935,19.3126,33.081,3975.78,8204.975235,1112.325656,717.1325947,0.083334192,AROSAL
60.23549194,0.043096776,19.246,34.1686,3311.96,8650.410263,1059.449695,800.9415447,0.096846937,NORM
55.88070297,0.052516127,19.0464,34.4454,3412.9,8644.483566,1065.085671,800.2501603,0.095759051,NORM
60.51889458,0.042451614,18.9466,36.5506,5180.42,8427.496796,1026.131925,792.5241002,0.100577784,NORM
60.2264946,0.044679572,18.3568,37.1102,2318.62,1610.164749,285.662451,154.6050932,0.247955566,NORM
59.89293747,0.055561291,18.3616,36.1598,1016.24,1469.296646,215.8297512,117.685093,0.396366308,NORM
60.48538157,0.044172041,18.4188,35.9108,6534.86,6370.26326,1796.943568,1112.196108,0.024791247,NORM
60.7774231,0.04167742,18.5378,35.367,6910.1,4073.579498,960.5526546,716.66562,0.055480927,NORM
62.01281929,0.046709678,19.3936,33.8268,9447.1,3316.072525,501.3046567,272.5678066,0.165817517,NORM
64.54944992,0.045935483,21.1366,30.959,1883.44,4420.450058,557.3374134,369.4586116,0.178829827,NORM
63.21538467,0.050516128,21.218,30.9798,1205.4,4212.828201,586.0932349,375.6802367,0.154116876,NORM
59.46558609,0.042503225,21.175,30.5886,1285.84,7076.028961,863.7342042,524.686098,0.119189838,NORM
66.42033005,0.044322581,20.8938,31.225,1410.42,3767.352539,474.554767,269.2369653,0.210219716,NORM
63.44444529,0.044473119,20.5838,31.9964,1484.48,2881.185837,353.6744402,169.1822756,0.289450154,NORM
59.75843353,0.041720431,20.4646,31.8066,1465.6,3183.782333,352.8692675,176.3944033,0.321310976,NORM
63.29243011,0.043612905,20.4456,32.1306,4690.04,19499.26257,1607.767888,840.5864417,0.094794109,NORM
59.99229329,0.043892474,20.3928,32.3048,4989.64,34743.80023,2834.509892,1486.375959,0.054341451,NORM
66.11538544,0.04483871,20.7886,32.8976,7715.84,4969.187149,649.5822009,397.3861305,0.147988165,NORM
63.77533722,0.052774194,21.1078,31.7434,4813.04,6685.361542,820.1311756,522.0195733,0.124901634,NORM
65.43040504,0.04780645,21.7814,30.1312,8833.74,9102.410034,1038.548068,828.2577504,0.106050582,NORM
61.8376063,0.043509679,21.5378,29.5546,1334.72,2920.837875,423.6434831,220.6520392,0.204510804,NORM
63.83333321,0.043432259,20.0884,31.7536,1610.66,2600.044525,386.0026595,187.8193455,0.219285571,NORM
65.45357081,0.051010751,19.9742,32.115,11003.38,9125.151688,1508.592971,968.7946241,0.050385526,NORM
62.53846207,0.183741941,20.2694,31.6302,7394.2,8513.122787,1401.788024,800.3521868,0.054442,NORM
59.68151093,0.046387095,20.8744,30.797,8537.34,4600.112015,392.3431801,177.7853186,0.375531226,NORM
57.96491241,0.050838708,20.8458,30.387,7233.34,3379.778198,362.8887869,196.6962656,0.322515778,NORM
64.61538315,0.04780645,21.7048,30.6402,7711.1,3510.135376,464.7756353,300.5300898,0.204195903,NORM
54.92719386,0.045720429,21.5616,29.5768,476.98,10653.80118,1686.091908,976.0412903,0.047092524,NORM
62.15384483,0.044709678,21.2132,29.8492,1069.8,6330.478516,986.1318297,729.5622865,0.08180436,NORM
59.5985157,0.043806453,20.6884,30.0798,1892.88,4339.342651,887.6959086,371.0860667,0.069199885,NORM
56.46311251,0.047268817,20.6266,31.2752,3047.1,8248.863266,1026.229527,792.8596631,0.09842716,NORM
55.19078979,0.044774194,20.9222,30.8938,2886.24,8427.496796,1026.131925,792.5241002,0.100577784,NORM
64.61721649,0.044774194,20.9176,30.2258,4816.18,8350.87735,1046.964271,788.3546828,0.095736655,NORM
66.09706955,0.044000001,21.1032,30.7494,1208.58,5895.887115,825.039217,654.8882832,0.10884534,NORM
62.4401694,0.061397849,21.199,30.9246,1240.12,5755.126572,807.2608256,616.0813745,0.110978024,AROSAL
60.88461456,0.046258064,21.3036,30.7198,2602.46,15257.61072,2148.204367,1206.308293,0.041547529,NORM
59.05263285,0.043509679,20.46,32.0918,4412.54,1649.651123,452.4562616,317.1880721,0.101262528,NORM
58.84817734,0.048580646,20.2552,30.957,6869.1,1743.673645,240.4385509,126.0600254,0.379024134,AROSAL
60.12307632,0.044129034,19.7172,32.344,7301.16,9499.346558,1052.575491,698.4072298,0.107744991,AROSAL
62.3412707,0.245677416,20.2456,31.9066,6208.44,9164.242905,1037.890439,835.1233456,0.106906333,AROSAL
61.97098541,0.054903226,20.5502,30.6824,7799.4,9430.942764,1045.710558,685.0161518,0.108378213,AROSAL
60.25640945,0.045109677,22.2212,28.8038,3039.18,4362.693497,548.2920135,320.3156759,0.182364679,AROSAL
60.88596497,0.04516129,21.9102,29.5918,1866.1,3943.386627,493.5752763,310.7479722,0.20341006,AROSAL
62.51281993,0.044929032,21.1558,30.7136,2808.96,2902.955765,334.0011657,175.670605,0.327004943,AROSAL
64.52142995,0.044430108,21.294,30.7458,9267.36,4528.619247,639.2883701,412.3505231,0.139245787,AROSAL
65.54334412,0.045806452,21.4226,30.5694,4958.1,4464.116821,583.2969106,384.2740673,0.164879273,AROSAL
61.64449539,0.045393548,21.4466,30.3444,5008.56,4464.094498,574.8837786,358.4909925,0.169739584,AROSAL
64.04212448,0.046322579,21.9534,29.8844,11903.68,7076.028961,863.7342042,524.686098,0.119189838,AROSAL
66.20238113,0.051225806,22.4698,29.5572,10449.92,2879.837189,348.7139612,160.317347,0.29760425,AROSAL
67.43253886,0.044924731,21.2606,28.0,547.92,3357.720444,472.1600507,259.2200387,0.189267446,NORM
66.22618942,0.135274194,20.479,30.4364,516.4,3003.228561,432.1739949,231.0828473,0.202060298,NORM
63.51002731,0.044274194,20.5406,30.4618,547.92,2967.921295,427.9753244,232.8389317,0.20362204,NORM
66.9523819,0.05083871,20.4836,30.5234,492.74,2843.716171,413.7934294,213.8970911,0.208703115,NORM
66.92857056,0.043870969,20.2694,30.7982,558.96,1937.812607,314.3084946,132.1576755,0.246495732,NORM
66.9218544,0.044876344,19.2892,32.3522,1801.44,3742.970459,531.1056424,363.6714734,0.166749459,AROSAL
67.15476151,0.044258065,19.1892,32.5216,850.66,5457.617554,701.2222249,477.7090253,0.139476685,NORM
56.22149048,0.045075269,19.3794,31.7974,563.7,5391.870239,733.6308862,486.236393,0.125890826,NORM
54.86184235,0.043806453,19.389,31.7118,544.74,9591.529037,1684.06532,983.3388583,0.042499111,NORM
55.35526352,0.045225805,19.3746,31.704,557.38,9591.529037,1684.06532,983.3388583,0.042499111,NORM
64.86324895,0.043767743,19.246,32.1958,585.78,5546.331711,741.4980706,475.6844761,0.126763918,NORM
62.9791139,0.043161292,18.889,32.97,1102.96,8302.942261,1054.033626,809.257342,0.093914565,NORM
60.43454781,0.042774195,18.9082,32.8594,1054.06,8780.663574,1053.738199,824.8364676,0.099373767,NORM
68.15873108,0.042451613,18.913,32.9126,2673.38,8695.935043,1056.789114,807.5834506,0.097847445,NORM
60.96153831,0.042580645,18.794,33.3172,352.38,11975.15311,1934.912621,1110.241975,0.040194647,AROSAL
68.42063293,0.052516128,18.7662,33.3536,1225.92,21484.71613,2715.384874,1969.477034,0.036616489,NORM
62.01282005,0.044387097,18.723,33.9026,792.34,6077.39389,834.5599789,626.7353843,0.109650885,NORM
66.59523849,0.04407742,18.675,34.4234,666.16,5948.618073,810.6317167,607.4947197,0.113757167,NORM
64.10485229,0.045763442,18.6612,33.752,618.88,1517.006393,502.3466525,221.7025475,0.075542308,NORM
64.60073395,0.047354838,18.6376,33.454,648.86,1555.561615,287.441319,167.7034771,0.236591255,NORM
67.82142792,0.045806451,18.5616,34.2356,413.9,9071.434982,1052.959372,791.9558278,0.102816455,NORM
68.63492126,0.042666666,18.7326,33.6996,926.36,4105.337082,543.2602935,339.0356572,0.174800535,NORM
68.55860672,0.043122581,18.747,33.6876,863.3,14826.49474,1695.690096,712.6120663,0.064797072,NORM
66.30464096,0.043182797,18.7422,33.753,1052.48,5277.847641,1476.467651,467.6650709,0.030424177,AROSAL
60.56477674,0.041892473,18.723,33.758,639.4,24853.95938,2326.113195,900.5801814,0.057722317,NORM
66.76190491,0.043032257,18.9942,33.4276,1536.54,4900.049454,977.1444268,795.9872821,0.064490064,NORM
59.09189695,0.042817204,19.0034,33.171,1345.74,5277.847641,1476.467651,467.6650709,0.030424177,NORM
58.04448662,0.044064517,18.961,33.0486,1314.24,4464.094498,574.8837786,358.4909925,0.169739584,NORM
60.40215836,0.043612904,18.985,32.9714,1331.54,4491.214554,569.3560844,352.8845072,0.174102792,NORM
67.59523697,0.092774193,18.9466,33.1464,986.26,3418.91658,455.3817194,231.2980172,0.207179692,NORM
68.81745987,0.044645162,18.9706,33.4718,1095.06,2919.848663,348.598277,154.0203088,0.301939363,NORM
65.84126892,0.044602151,18.985,33.572,935.8,2786.369446,340.3305014,149.1341221,0.302306034,NORM
66.29365133,0.04363441,18.9988,33.494,976.8,2749.891663,346.8845091,162.9280458,0.287180956,NORM
67.13095245,0.043019355,19.008,33.1318,1054.06,3316.072525,501.3046567,272.5678066,0.165817517,NORM
64.18595917,0.042451613,19.008,32.994,1095.06,9227.542587,1037.252676,832.0083913,0.107777175,NORM
69.5934082,0.094193551,13.8628,47.052,4060.92,3263.18988,462.2215702,239.6852709,0.191933946,AROSAL
55.28728104,0.041935484,13.7188,47.773,1334.7,3090.560501,441.979236,230.2761894,0.19881236,NORM
60.76788216,0.123096774,13.7236,47.848,1419.84,3373.962418,380.0720645,226.1179482,0.293506825,NORM
54.63157845,0.041741934,13.6516,48.0312,956.3,5393.97348,699.9668257,494.8959091,0.138345092,NORM
61.70512695,0.041806451,13.6324,48.2516,1359.96,5447.986557,708.1006231,497.5108022,0.136538755,NORM
59.27115326,0.042709677,13.5268,48.5348,3472.8,12775.35063,1692.20196,998.6417822,0.056063255,NORM
60.88394216,0.041892473,13.5652,48.5462,4275.36,5897.136444,866.8770679,628.1504841,0.098613418,NORM
61.80341822,0.043199999,13.6132,48.3044,3989.98,10646.50931,1819.725462,1035.848527,0.040402232,NORM
55.94551239,0.049032259,13.4346,48.275,2767.98,6768.238693,1210.051835,768.5241203,0.058086817,NORM
60.13720194,0.043053763,13.502,48.7108,1303.2,8429.013962,1185.735105,767.217699,0.075337513,NORM
61.02564049,0.049922579,13.2138,49.481,1788.84,8755.084915,1074.49868,821.3389178,0.095292441,NORM
61.61538429,0.061677418,13.2282,50.0434,2772.72,8280.027023,1041.064834,772.0021124,0.096003278,NORM
53.58333333,0.052490325,13.257,49.308,592.08,1360.763977,247.8417334,96.7285599,0.278383693,AROSAL
52.89583333,0.042778497,13.257,49.4376,603.1,1388.805435,267.3551244,107.755157,0.244159848,NORM
57.97368317,0.041096773,13.1802,49.8276,1115.56,1395.231125,320.0620919,185.4932802,0.171154192,NORM
59.561822,0.042365592,13.0496,49.8714,3241.04,1578.3797,225.0002323,121.0043412,0.391791868,NORM
58.79811,0.041333332,13.122,50.0224,3241.04,1578.3797,225.0002323,121.0043412,0.391791868,NORM
60.81862228,0.040838708,13.1514,49.9466,3259.9,1578.3797,225.0002323,121.0043412,0.391791868,NORM
61.46153819,0.043182797,13.546,48.4882,1060.36,3943.386627,493.5752763,310.7479722,0.20341006,NORM
60.89316279,0.041032257,13.546,48.4448,1046.16,3779.544128,521.2674714,326.6599561,0.174794609,NORM
58.34008026,0.045109676,13.502,48.5996,1508.16,14826.49474,1695.690096,712.6120663,0.064797072,NORM
60.53643532,0.043096775,13.4778,48.7942,1098.18,2919.565689,332.1037848,169.3816834,0.33264459,NORM
64.57386932,0.056215054,13.6468,49.342,1296.88,4528.619247,639.2883701,412.3505231,0.139245787,NORM
63.95512924,0.04683871,14.0164,47.7616,3591.06,2749.891663,346.8845091,162.9280458,0.287180956,AROSAL
63.15384521,0.044580644,14.0356,47.7392,3865.4,4190.595596,1316.849248,653.1038047,0.030367812,AROSAL
63.49325218,0.043935482,14.2036,47.0268,3874.86,13148.63513,1900.656089,1476.362901,0.045738662,AROSAL
64.10402924,0.041161289,14.218,46.923,4158.7,17057.49397,1989.204072,1469.373424,0.054170945,NORM
60.96761093,0.046967741,16.2106,42.3912,14014.98,2820.998718,411.2053543,225.4853926,0.209650176,AROSAL
55.33333435,0.047225807,16.5058,41.9792,15902.32,2741.352905,403.526802,223.8515479,0.211558286,AROSAL
53.8125,0.04467742,16.5916,42.0976,15782.48,2741.352905,403.526802,223.8515479,0.211558286,AROSAL
55.63815727,0.044354839,16.6868,42.5098,15602.74,2774.293182,404.5494113,219.7982244,0.213019358,AROSAL
60.32523499,0.049333332,17.1674,40.8584,16077.32,2543.278412,385.0618856,175.3072261,0.215547357,AROSAL
61.94444466,0.047591396,17.2154,40.389,16183.0,3251.924301,616.50364,355.9280066,0.107517461,AROSAL
59.60526365,0.055548385,17.7864,38.905,16134.1,2522.818008,545.1415469,360.1489186,0.106678579,AROSAL
59.93319893,0.048774193,17.8192,38.7732,16949.3,3322.099487,553.7913033,341.8148063,0.1361226,AROSAL
62.89621633,0.090021502,18.2048,38.6908,14324.02,4264.630112,599.0718165,347.0113147,0.149325321,AROSAL
64.47008489,0.063419355,18.271,38.3804,4857.2,4689.393539,872.7215514,467.4604531,0.077370454,AROSAL
65.46703339,0.059999999,18.2332,38.0264,4168.16,3294.541183,376.3198655,217.2374072,0.29234153,NORM
61.82051239,0.046322579,17.9006,39.2594,1506.6,9013.399063,1675.893605,845.2877782,0.040327897,NORM
60.52226588,0.04739785,17.819,39.1346,3105.44,9013.399063,1675.893605,845.2877782,0.040327897,AROSAL
62.29487114,0.043225808,17.2868,40.0564,6556.94,11950.82747,2132.357152,1188.896792,0.033028431,NORM
58.73869858,0.04696774,17.3008,41.1936,5021.18,4665.545868,601.7004561,397.5212335,0.161939072,NORM
51.64772727,0.04371613,17.2058,40.978,1968.58,8427.496796,1026.131925,792.5241002,0.100577784,AROSAL
60.37044525,0.046064515,17.2534,41.0794,3594.22,8377.681274,1105.468724,846.3205541,0.086147123,NORM
61.1923069,0.04716129,17.3344,41.3066,3586.32,9388.188248,1957.138648,1078.628029,0.03079984,AROSAL
61.62820473,0.043951614,17.3486,40.4742,4120.84,16138.15868,2701.116972,1697.508298,0.027795665,AROSAL
64.21795197,0.045032258,17.4862,40.0652,3143.26,6154.90535,840.9968146,635.9802719,0.109355981,AROSAL
62.25168762,0.044344085,17.039,42.2378,1620.12,5948.618073,810.6317167,607.4947197,0.113757167,NORM
54.29234085,0.044903226,16.8104,42.4414,4595.44,1602.93396,357.6729446,212.9725619,0.157453861,AROSAL
63.7838829,0.04516129,16.9058,42.6242,2570.9,1555.561615,287.441319,167.7034771,0.236591255,AROSAL
60.12618167,0.04376344,16.7488,41.9624,2003.26,1515.439331,255.5941344,135.7710701,0.291505432,NORM
59.26180801,0.046451611,16.32,42.3402,1416.74,1405.062836,209.4041028,113.3583947,0.402656985,AROSAL
54.375,0.048516129,16.9012,41.002,2107.36,9140.071152,1038.561377,827.5771493,0.106486636,AROSAL
60.03103943,0.047612901,17.0436,41.338,2544.1,9908.115204,1050.995517,788.1233759,0.112719534,AROSAL
59.98454564,0.151415056,16.6818,41.4058,1653.2,10270.00999,1157.180522,792.3228187,0.096378131,AROSAL
59.08367081,0.044387096,16.3824,41.9208,1932.3,3778.494003,533.7465931,333.6442557,0.166670358,NORM
58.16959178,0.051956988,16.129,42.5472,4015.2,15256.42426,1527.236263,872.8004876,0.082195902,AROSAL
64.47008514,0.044129033,16.5724,41.9934,6334.58,4315.973145,617.5874652,361.7228827,0.142197399,AROSAL
67.71184336,0.043225808,16.525,41.841,5981.4,2981.750473,353.2285732,162.8628018,0.300309801,AROSAL
63.54700953,0.054193548,16.8824,41.722,3788.16,3283.061508,663.8542674,456.2304895,0.093614556,NORM
64.4194149,0.045032258,16.7964,41.6932,4507.14,4073.579498,960.5526546,716.66562,0.055480927,AROSAL
64.73138021,0.045926881,17.2962,40.7444,13910.9,9645.646957,1306.610612,815.6503042,0.070998449,NORM
54.35526352,0.04704516,17.7196,40.74,9964.28,2741.352905,403.526802,223.8515479,0.211558286,NORM
54.70833333,0.048301074,18.024,39.982,9822.38,2741.352905,403.526802,223.8515479,0.211558286,NORM
60.40170949,0.159569894,18.4756,39.4502,11876.88,4766.62056,767.7915221,466.7505966,0.101609385,NORM
61.24358864,0.051290323,18.8892,38.6072,11301.36,1785.477127,303.0528411,120.9179907,0.244302232,NORM
61.4102562,0.051741935,18.9562,38.4132,11257.22,1945.627899,431.8863181,252.9528891,0.131078287,NORM
67.09889984,0.050623656,19.56,36.6448,9361.96,3757.950974,543.5904833,323.96712,0.159814906,NORM
60.4536335,0.047354837,19.5694,36.5148,4218.6,3822.274765,492.8174673,290.6805442,0.197769621,NORM
60.60569611,0.047806449,18.1286,40.6566,3707.74,3742.970459,531.1056424,363.6714734,0.166749459,NORM
53.05625,0.045505376,18.0858,40.684,3436.52,12775.35063,1692.20196,998.6417822,0.056063255,NORM
59.78002663,0.06116129,17.7576,39.6568,1427.76,8387.737534,1057.194872,621.3354386,0.094307146,NORM
52.9,0.045548387,17.6054,41.9192,2892.54,8755.084915,1074.49868,821.3389178,0.095292441,NORM
56.22807032,0.046107526,17.8382,40.078,1788.84,5862.918167,818.2130973,633.5319899,0.110050202,NORM
56.02631594,0.045466666,17.867,40.1198,1738.38,5862.918167,818.2130973,633.5319899,0.110050202,NORM
56.21052704,0.044645162,17.7102,40.7004,1736.8,5862.918167,818.2130973,633.5319899,0.110050202,NORM
60.37674332,0.191870967,17.7198,40.547,2984.0,5948.618073,810.6317167,607.4947197,0.113757167,NORM
60.99999924,0.044580646,17.6292,40.7556,5137.86,15257.61072,2148.204367,1206.308293,0.041547529,NORM
68.23077011,0.042967741,17.71,40.7004,4198.08,15257.61072,2148.204367,1206.308293,0.041547529,NORM
53.77412313,0.050709677,17.344,42.2408,1121.88,1303.268921,323.5616994,181.7048146,0.156433473,NORM
57.68421097,0.090516127,17.391,42.5652,1747.84,1554.546158,283.7828131,149.7393316,0.242572356,NORM
58.78947411,0.044129033,17.1438,42.4348,3494.88,6370.26326,1796.943568,1112.196108,0.024791247,NORM
62.3112915,0.044172044,17.2866,41.9022,5229.3,4073.579498,960.5526546,716.66562,0.055480927,NORM
55.25787175,0.045247312,17.5628,40.9922,1523.96,9538.586426,1050.642752,698.4344003,0.108588478,AROSAL
63.23404694,0.045548387,17.7288,40.7924,2222.44,10100.83,1123.630175,766.185769,0.100535661,NORM
61.32832184,0.046623654,17.7384,40.6584,1695.8,6861.415955,1037.409718,591.4747867,0.080116688,NORM
55.92532654,0.055225806,16.5296,43.1656,1959.12,4401.477478,638.5768481,347.4912655,0.135638198,AROSAL
62.07200699,0.05064516,17.0772,42.905,2837.38,3623.139084,456.1576986,269.0661877,0.218808834,NORM
66.23809586,0.046516128,17.1438,42.601,5737.0,4136.72699,547.3096043,332.0456948,0.173540396,NORM
58.63157959,0.045135484,17.5196,41.231,2706.48,17041.38597,1335.939718,579.3515015,0.119988895,AROSAL
62.09249001,0.045677419,18.4472,40.2088,3769.22,15351.65564,1528.336956,858.3512376,0.082589884,AROSAL
61.53441315,0.051483869,22.681,34.2524,1880.3,4220.47551,762.9689817,375.8646846,0.091108204,AROSAL
59.84615402,0.074838709,22.7146,35.534,8911.0,3822.274765,492.8174673,290.6805442,0.197769621,AROSAL
58.44399376,0.096064513,22.7622,35.0688,9333.6,3647.176834,360.9869988,213.4121347,0.351709066,AROSAL
62.23076935,0.062451611,23.7274,33.5372,1531.82,3336.458374,373.8842199,203.8461027,0.299930964,AROSAL
57.71052666,0.048258062,24.161,31.877,1159.7,9591.529037,1684.06532,983.3388583,0.042499111,AROSAL
58.73481827,0.045548386,23.1648,33.8454,1716.32,4773.034744,614.9779296,421.8013069,0.158593506,NORM
61.99981995,0.051354838,22.5658,35.586,4314.78,7846.438889,1054.582239,628.757581,0.08865874,AROSAL
57.2368412,0.046193548,22.9392,37.463,3737.68,8597.709091,1061.741792,799.2538515,0.095841761,AROSAL
58.947369,0.045677418,23.1072,36.2204,4254.86,8644.483566,1065.085671,800.2501603,0.095759051,AROSAL
62.11538315,0.050258064,23.4626,34.6578,3140.1,8515.145874,1107.835443,811.5399868,0.087186942,AROSAL
57.98245646,0.047096772,23.1408,34.7002,4928.14,21785.71443,2714.20822,1940.556384,0.037161681,AROSAL
62.41362915,0.044387097,23.0592,36.11,4589.12,12091.94945,1714.43857,1251.344639,0.051696642,AROSAL
59.13562698,0.045096774,23.352,34.3416,2055.3,5851.256027,821.5335156,634.2568582,0.108945274,AROSAL
59.7456131,0.044322581,23.1648,34.7824,1296.9,5966.44104,826.0954199,602.8527746,0.109866373,AROSAL
60.56410217,0.042967742,23.0064,34.8204,1842.44,1655.767502,272.4660115,96.83035384,0.280275122,AROSAL
60.74359093,0.047935484,22.465,36.2958,1687.92,1379.923477,233.9448881,120.4234207,0.316838353,AROSAL
59.38933792,0.042903228,23.5114,33.944,2797.94,3821.625046,488.4375065,314.054573,0.201298217,AROSAL
62.86909523,0.048838708,22.9728,34.2664,3578.44,3716.819138,423.6329204,217.7130861,0.260256682,AROSAL
66.26679204,0.046021505,23.5642,33.3088,5863.14,3110.599396,365.0318009,175.7330374,0.293354359,AROSAL
67.76190414,0.049483871,23.713,33.3626,5191.44,2695.577225,359.6127027,172.3216945,0.261933831,AROSAL
66.21001231,0.05655914,23.6554,33.4704,5899.42,3283.061508,663.8542674,456.2304895,0.093614556,AROSAL
63.92307549,0.05864516,26.0412,29.3556,2449.48,3357.720444,472.1600507,259.2200387,0.189267446,NORM
59.81443901,0.065677418,24.4696,31.306,1503.44,1821.875107,304.7928174,113.3881719,0.246444431,NORM
61.07692312,0.051956989,24.5518,30.7542,2761.66,3723.524338,459.3934846,292.6922277,0.221714654,AROSAL
56.78297997,0.100645164,24.166,31.4742,7189.22,3524.880325,585.8220414,356.8207337,0.129069261,NORM
62.99780273,0.051290323,24.1462,31.8822,7086.7,3464.096512,403.9707314,230.7028145,0.266747308,NORM
61.06135483,0.099483869,23.9492,32.0462,7135.6,3795.727982,363.0956931,215.0871529,0.361795158,NORM
64.24541969,0.049032257,24.0404,32.1212,6952.68,3796.511719,359.2821896,200.3579607,0.369592569,NORM
55.89423065,0.049935484,24.7982,31.0982,10517.7,3846.023849,356.6492221,178.9691705,0.379961221,NORM
63.75823936,0.080387095,24.8998,30.8644,7862.46,3973.923035,365.8333527,191.0530706,0.373132194,NORM
60.15159683,0.061720431,25.157,30.731,3378.2,6402.897354,1123.753358,445.9092707,0.063715398,NORM
56.125,0.069032257,24.8806,30.8022,1374.14,5315.946228,696.6753215,475.4245799,0.137635223,NORM
58.29419594,0.049225805,24.8758,30.8488,1634.3,9591.529037,1684.06532,983.3388583,0.042499111,NORM
57.40350749,0.046881719,24.388,31.5944,2025.36,4551.356537,587.1882092,387.946344,0.16588078,AROSAL
59.1538456,0.055096774,24.929,30.9478,2309.14,8800.655106,1124.69553,840.3448591,0.087428883,AROSAL
59.4392704,0.097999996,24.9438,31.1444,4939.18,8347.484436,1984.021863,941.9671972,0.026648488,AROSAL
59.63967565,0.047440858,24.8518,30.9886,2392.72,6221.416183,845.3615981,652.953307,0.109399185,AROSAL
54.66351852,0.052344084,24.8614,31.0226,2460.54,6154.90535,840.9968146,635.9802719,0.109355981,AROSAL
60.89203873,0.055548386,24.7984,31.3072,2416.36,5907.913498,812.1764977,621.5753519,0.112549393,AROSAL
62.33333282,0.099956989,24.7016,30.908,1602.76,5805.36705,808.2310013,629.5994365,0.111678234,NORM
60.35042725,0.051139786,24.6242,30.7128,1519.22,5866.321075,806.8020082,616.9755003,0.113250923,AROSAL
55.94078929,0.052107526,24.1994,32.1554,3327.74,1873.197845,443.0643946,156.0443855,0.119911217,AROSAL
60.66987076,0.058580644,25.162,30.7922,4210.72,1515.439331,255.5941344,135.7710701,0.291505432,AROSAL
61.24786326,0.054365589,25.0208,30.8746,4191.8,1292.667847,210.7859395,112.1565844,0.365606186,AROSAL
63.93772914,0.074752684,25.04,31.045,6117.02,1345.910065,205.8863296,111.4983611,0.39899815,AROSAL
62.64102516,0.048774193,25.045,30.964,8311.86,1743.673645,240.4385509,126.0600254,0.379024134,AROSAL
67.95787354,0.056580644,25.016,30.5976,8283.48,2113.712585,287.1117067,144.5507027,0.322221115,AROSAL
64.71756287,0.070451611,25.016,30.3884,8754.92,8055.48732,1780.554756,1079.182648,0.031929419,AROSAL
59.47368431,0.04664516,25.0064,30.2526,8840.06,2828.504593,610.8027081,255.2299657,0.095271904,AROSAL
55.87368454,0.052258064,25.06,30.1686,8860.58,4073.579498,960.5526546,716.66562,0.055480927,AROSAL
66.58333282,0.051432257,25.5496,30.054,6014.54,9838.690094,1052.385247,800.403158,0.111634297,AROSAL
58.49662552,0.091935482,26.4898,28.8,11129.48,10270.00999,1157.180522,792.3228187,0.096378131,AROSAL
61.15182266,0.050451612,26.8276,28.0286,11052.26,10270.00999,1157.180522,792.3228187,0.096378131,AROSAL
60.09986534,0.069612905,26.402,28.6636,3338.76,4121.533081,524.6805813,321.1767847,0.188138931,AROSAL
55.40998581,0.057806453,26.28,28.831,3751.88,3985.707047,538.6806117,335.3146808,0.172604673,NORM
59.30418376,0.051440858,26.3336,28.6648,3890.62,3985.707047,538.6806117,335.3146808,0.172604673,NORM
61.38461456,0.054967743,26.2896,28.8386,5426.4,3767.352539,474.554767,269.2369653,0.210219716,NORM
61.37179375,0.085870968,25.0212,30.2336,3132.22,2787.4711,356.5338262,173.9932857,0.275561638,AROSAL
60.55128288,0.194451613,24.7838,30.9556,2665.5,2744.866745,331.0370417,167.0729425,0.314758846,AROSAL
65.97252731,0.053225804,25.157,30.265,5820.58,11641.59657,1541.89134,961.3621988,0.061533961,AROSAL
65.24606603,0.063655914,25.1616,30.0964,4790.96,5162.644867,737.0117662,492.7941619,0.119435456,AROSAL
66.57965088,0.060731181,25.273,30.1124,4552.86,5162.644867,737.0117662,492.7941619,0.119435456,AROSAL
63.70563965,0.083161289,25.3118,29.9804,4655.34,5620.563187,809.7332742,539.0773591,0.107722327,AROSAL
64.79304161,0.085225809,25.443,30.2008,8611.44,4458.621948,645.5602301,458.2132346,0.134442623,AROSAL
63.60073204,0.053354835,25.4528,29.7212,7485.64,3266.540985,390.6337385,193.0392748,0.269003838,AROSAL
66.1858963,0.053612903,25.914,29.393,6375.62,2744.233139,352.0367962,168.0556319,0.278262542,AROSAL
62.48840154,0.050666666,25.9678,29.207,4603.34,3405.412109,640.415243,436.1705499,0.104341294,AROSAL
63.97436142,0.053354839,26.0946,29.061,7725.32,6353.474014,1062.927138,800.2617878,0.070666589,AROSAL
65.32722855,0.05236129,15.9864,34.006,16588.24,3357.720444,472.1600507,259.2200387,0.189267446,AROSAL
55.69078979,0.074000001,17.1296,32.5662,13773.74,2672.965866,393.3427641,221.0833502,0.217100561,NORM
62.66714859,0.085032254,18.4614,29.7736,17715.6,1908.551636,312.9940358,122.1700021,0.244817046,NORM
63.56410141,0.081161289,18.8182,28.7704,7357.92,3471.236771,463.7274887,295.485983,0.202846921,NORM
61.3461544,0.075677419,19.3794,28.4814,7373.64,9433.610046,1407.165781,843.6144511,0.059868345,NORM
65.91574936,0.087483869,19.4936,28.2294,13729.58,3328.953125,379.5090804,217.4716718,0.290451217,NORM
62.92307739,0.067419353,19.4984,28.116,6705.14,3734.288544,497.9242375,315.4784428,0.189274105,NORM
62.37667796,0.052043009,19.4648,28.127,6706.74,3420.606201,356.6982802,207.8043069,0.337839878,NORM
55.85964966,0.069161288,19.4696,28.5286,2861.0,4167.804398,366.6201972,186.2995078,0.389658738,NORM
55.63508789,0.057204299,19.5838,28.6986,2902.02,4167.804398,366.6201972,186.2995078,0.389658738,NORM
60.69995473,0.056559141,19.0608,27.7266,1702.1,3379.778198,362.8887869,196.6962656,0.322515778,NORM
61.32258606,0.066322581,19.103,28.426,4135.02,5529.622391,712.127131,515.4107789,0.137021991,NORM
60.8110672,0.048387095,17.8574,30.5124,5694.44,4339.479675,566.4784526,370.659957,0.169934177,NORM
58.95726509,0.04451613,17.943,30.4074,5590.4,4551.356537,587.1882092,387.946344,0.16588078,NORM
63.95421333,0.046258063,18.0238,30.162,7638.58,4552.491501,595.5870684,401.791263,0.161275534,NORM
52.70833333,0.118021506,18.105,30.5734,2572.48,8522.591888,1023.716115,766.8836055,0.102193312,NORM
56.62730573,0.048688172,16.8012,32.4642,1793.56,5862.918167,818.2130973,633.5319899,0.110050202,NORM
59.07692184,0.048580644,17.3486,31.2946,1697.38,16088.91257,1770.155523,997.9111217,0.064522874,NORM
72.2168251,0.099999998,17.4532,30.6962,6624.74,22330.74892,1837.937003,1007.653591,0.083071473,NORM
57.80701803,0.055311827,17.5196,30.3114,1293.72,1274.667603,341.5337946,186.6845355,0.137321787,NORM
54.39144745,0.047290323,17.4484,30.6824,1345.76,1274.667603,341.5337946,186.6845355,0.137321787,NORM
57.42105255,0.059999999,16.9536,31.6494,1266.9,1274.667603,341.5337946,186.6845355,0.137321787,NORM
63.43589808,0.095827955,16.8632,30.553,6886.48,2113.712585,287.1117067,144.5507027,0.322221115,NORM
61.84615326,0.126709672,15.5808,31.705,6869.1,2113.712585,287.1117067,144.5507027,0.322221115,AROSAL
56.73684311,0.06167742,17.0534,31.249,2914.64,9430.942764,1045.710558,685.0161518,0.108378213,NORM
55.66666667,0.081204301,17.101,30.2296,2856.28,9522.91716,1048.199109,686.2211806,0.108916154,NORM
61.16666641,0.075612902,17.153,30.1872,3201.6,9499.346558,1052.575491,698.4072298,0.107744991,NORM
61.51281967,0.067225805,17.1626,30.089,4772.06,9908.115204,1050.995517,788.1233759,0.112719534,NORM
60.22942047,0.1276129,17.2202,30.1796,6506.46,9097.178009,1052.762775,779.1742952,0.103146742,NORM
61.91452967,0.054516128,17.2058,30.3642,4950.22,9960.058334,1082.169418,753.3324504,0.106876256,NORM
62.87179527,0.09877419,17.0628,29.9354,2192.46,4275.976349,538.3978222,320.9647876,0.185369624,NORM
61.73931516,0.080172041,17.0724,30.1078,2031.66,4430.521591,640.6418046,421.704545,0.13565449,NORM
65.58425064,0.086709676,17.0772,30.1942,1728.92,3898.289291,491.0186741,310.2103209,0.203183254,NORM
56.18269196,0.085677418,16.744,30.5232,2022.18,4013.301315,538.3952493,319.1261857,0.173983953,NORM
55.15460472,0.060967741,16.7106,30.6854,2238.18,4013.301315,538.3952493,319.1261857,0.173983953,NORM
56.42105306,0.084430107,16.2106,31.7018,2146.74,3985.707047,538.6806117,335.3146808,0.172604673,NORM
61.65292892,0.055161291,15.7956,32.9626,2673.4,2837.642746,329.2556571,171.1778024,0.328928187,NORM
58.36707115,0.058903225,15.5332,33.4024,3256.78,17041.38597,1335.939718,579.3515015,0.119988895,NORM
56.09978078,0.080236559,15.7384,33.428,3226.82,17041.38597,1335.939718,579.3515015,0.119988895,NORM
55.1385969,0.068838712,15.915,33.3266,3209.48,17041.38597,1335.939718,579.3515015,0.119988895,NORM
71.83375626,0.149548388,16.134,32.1944,4379.42,8002.919388,1503.669483,756.0940337,0.044478848,NORM
66.61904602,0.124387093,16.201,32.364,7383.1,5074.70137,701.073936,438.5726257,0.129745622,NORM
67.24273427,0.164774185,16.201,32.364,7383.1,6835.823166,843.7256699,544.3947222,0.120669679,NORM
64.14835281,0.067612904,16.201,32.364,7383.1,3266.540985,390.6337385,193.0392748,0.269003838,NORM
63.12637329,0.103096774,16.201,32.364,7383.1,3329.189575,676.501739,478.8274779,0.091413546,NORM
58.45613988,0.065978494,16.201,32.364,7383.1,3348.010345,634.6027112,401.9158356,0.104470292,NORM
60.37944221,0.102086021,16.201,32.364,7383.1,9430.942764,1045.710558,685.0161518,0.108378213,NORM
64.75274506,0.064645161,23.352,21.5972,1377.28,3263.18988,462.2215702,239.6852709,0.191933946,AROSAL
53.95,0.06348387,22.5274,22.3968,1650.06,2672.965866,393.3427641,221.0833502,0.217100561,AROSAL
60.28407593,0.078645157,22.4746,22.0774,2066.34,2553.638855,381.6681385,208.2307887,0.220291393,AROSAL
59.21052742,0.118387093,22.3406,22.1306,1914.98,2543.278412,385.0618856,175.3072261,0.215547357,AROSAL
52.875,0.054116127,21.194,24.185,8788.04,4167.804398,366.6201972,186.2995078,0.389658738,AROSAL
58.76248169,0.085892474,16.8632,29.819,883.74,5315.946228,696.6753215,475.4245799,0.137635223,AROSAL
61.06641769,0.080387096,16.3628,30.8794,1314.22,5391.870239,733.6308862,486.236393,0.125890826,NORM
61.78754539,0.093999998,18.4472,27.5848,3272.56,5392.922592,998.0788056,437.1305127,0.068030613,AROSAL
54.0625,0.050322578,18.7326,27.0308,3028.14,8644.483566,1065.085671,800.2501603,0.095759051,NORM
58.89878464,0.049612903,18.818,26.6614,3064.42,8377.681274,1105.468724,846.3205541,0.086147123,NORM
57.73684235,0.063741935,18.5474,28.0808,3409.72,21484.71613,2715.384874,1969.477034,0.036616489,NORM
63.14473877,0.072451611,18.9988,26.6886,3551.64,6077.39389,834.5599789,626.7353843,0.109650885,AROSAL
61.74603233,0.082602147,18.8894,26.969,2064.74,5851.256027,821.5335156,634.2568582,0.108945274,AROSAL
57.36032372,0.097419352,19.0224,27.174,2138.86,5963.842911,827.8968773,657.7545296,0.109341133,AROSAL
52.734375,0.092387098,19.1318,27.2158,2107.34,5963.842911,827.8968773,657.7545296,0.109341133,AROSAL
54.67763176,0.113419353,19.1558,27.325,2075.82,5963.842911,827.8968773,657.7545296,0.109341133,AROSAL
61.71435165,0.069032256,19.108,26.9188,2482.6,5862.918167,818.2130973,633.5319899,0.110050202,AROSAL
62.73324458,0.071612902,18.447,28.5604,3264.68,1570.02037,260.8942064,84.20423509,0.289858661,NORM
61.46153793,0.067935483,18.2902,28.6876,3004.5,1443.696106,246.3144019,88.20309751,0.299023994,AROSAL
52.3125,0.070193546,19.151,27.5526,2604.02,1360.763977,247.8417334,96.7285599,0.278383693,AROSAL
61.60974541,0.066129031,19.1082,27.053,3715.6,1580.254181,265.2187749,148.694257,0.282311314,NORM
62.8369957,0.058064514,19.1942,26.905,1516.06,1489.898544,249.5795553,128.1958466,0.300572018,AROSAL
62.78632558,0.092946233,18.571,27.407,6322.0,2113.712585,287.1117067,144.5507027,0.322221115,AROSAL
56.05263112,0.06516129,19.2366,27.2372,9871.26,9394.24733,1044.580139,698.9370447,0.1081903,NORM
57.10526352,0.06348387,19.4032,27.25,9912.24,9447.332275,1044.647468,706.0284778,0.108787637,NORM
63.5427358,0.076064515,19.7032,26.1022,12165.42,9874.752701,1057.5957,813.6162437,0.110942191,NORM
61.9829071,0.056602149,19.6414,25.9762,9136.48,10149.35245,1214.757474,858.4839692,0.086430901,NORM
58.87218119,0.046924731,19.032,27.483,2219.28,3985.707047,538.6806117,335.3146808,0.172604673,NORM
57.96491318,0.102150539,18.4424,28.3596,3258.36,18078.0144,1291.282354,551.5238679,0.136244243,AROSAL
60.85829849,0.116774192,18.6612,27.8022,3028.16,17981.47408,1597.57397,858.1502055,0.088534636,AROSAL
60.95739365,0.122193549,18.699,27.6512,3107.0,17981.47408,1597.57397,858.1502055,0.088534636,AROSAL
63.87179718,0.067548388,18.4472,27.7518,5574.62,15597.04939,1552.688077,955.634984,0.081298751,NORM
58.47300949,0.071032255,18.5994,28.0316,4459.84,4458.621948,645.5602301,458.2132346,0.134442623,NORM
76.3262942,0.071182796,19.1846,27.4682,4316.36,4667.278122,648.5515429,395.0431448,0.139439094,AROSAL
63.80830078,0.067913977,19.2604,27.239,4368.4,4831.125122,672.9870117,417.5742879,0.134043199,AROSAL
61.7005024,0.125032256,19.3604,26.7026,7687.48,5074.70137,701.073936,438.5726257,0.129745622,NORM
64.30494347,0.082838711,19.8932,26.4466,5579.34,3057.951721,359.9743807,174.3526585,0.296549572,NORM
64.76923116,0.131182794,20.1548,26.4598,5431.14,2744.233139,352.0367962,168.0556319,0.278262542,NORM
58.68286107,0.103870968,20.9936,25.393,5290.8,7644.66304,1110.231687,812.9986125,0.077936514,NORM
62.99865074,0.052258065,21.2036,25.3542,5287.64,7644.66304,1110.231687,812.9986125,0.077936514,NORM
61.57692184,0.074645158,21.2892,25.245,5304.98,7644.66304,1110.231687,812.9986125,0.077936514,NORM
61.56410294,0.081741932,22.1684,23.8844,6076.02,9082.113083,1036.312399,826.765688,0.10627115,NORM
60.23076935,0.053741933,22.226,23.8406,7356.32,9156.371765,1037.928879,831.7025723,0.1068066,NORM
61.32456169,0.102193545,20.4694,24.7994,9100.22,9447.332275,1044.647468,706.0284778,0.108787637,NORM
59.94062195,0.065548384,20.3408,25.7378,9059.22,9447.332275,1044.647468,706.0284778,0.108787637,NORM
