@relation esum_filtered_keel_nom
@attribute Sound real [46.22267342, 79.2527832]
@attribute Dust real [0.02916129, 0.39787096]
@attribute TempEN real [10.521, 26.891]
@attribute RH real [17.24, 60.8856]
@attribute Light real [287.76, 32280.1]
@attribute Area real [1274.667603, 36208.28889]
@attribute Perimeter real [205.8863296, 2834.509892]
@attribute Occlusivity real [84.20423509, 2375.982044]
@attribute Compactness real [0.022584873, 0.402656985]
@attribute EDA_label {AROSAL, NORM}
@data
54.3125,0.050129031,19.8554,31.4342,1525.52,2741.352905,403.526802,223.8515479,0.211558286,NORM
58.1578949,0.049161289,19.1654,32.7374,2982.44,2590.11734,385.4414932,219.0401255,0.219084863,NORM
62.74359029,0.046580644,18.823,33.2734,2567.74,3865.345474,766.262663,390.2210892,0.082726157,NORM
61.21997261,0.044064515,18.7278,33.449,2736.44,3122.790482,708.9103855,321.8223052,0.078085435,NORM
56.57669881,0.053032258,17.6672,35.6872,3417.64,3524.880325,585.8220414,356.8207337,0.129069261,NORM
58.90643222,0.051053761,17.5008,35.9248,3218.94,3524.880325,585.8220414,356.8207337,0.129069261,NORM
59.5492588,0.043999999,17.0724,37.2976,3468.06,3294.541183,376.3198655,217.2374072,0.29234153,NORM
58.70175323,0.096860211,16.5062,38.3572,3717.18,4333.322952,373.6676626,183.4871828,0.389995765,NORM
62.32051315,0.062,14.6442,41.6656,3948.98,10189.48512,1768.852785,1010.174818,0.040924061,NORM
56.6491244,0.04595699,14.3232,43.564,1263.78,8451.465057,1047.633064,783.3725716,0.096766152,NORM
56.94736786,0.04748387,14.2036,43.6124,1244.86,8796.603455,1069.331132,820.9213937,0.096671945,NORM
53.66666667,0.074838708,14.17,43.331,2720.68,8650.410263,1059.449695,800.9415447,0.096846937,NORM
56.50000038,0.040580645,14.146,43.2406,3469.64,8597.709091,1061.741792,799.2538515,0.095841761,NORM
55.97368317,0.062193546,14.0068,43.3246,1965.44,8280.027023,1041.064834,772.0021124,0.096003278,NORM
59.8522274,0.052258062,13.8628,43.7356,1851.92,21484.71613,2715.384874,1969.477034,0.036616489,NORM
63.2742396,0.083913979,13.8052,43.5212,3859.1,20605.18929,2708.031736,1953.212639,0.035308476,NORM
61.7948719,0.043548386,13.4298,44.7694,2529.92,5994.397171,830.1933371,613.9162175,0.109294144,NORM
60.04723358,0.042967743,13.257,45.1674,1686.32,5907.913498,812.1764977,621.5753519,0.112549393,NORM
60.9262825,0.042516129,13.1026,45.7476,3412.9,9548.219803,1048.074143,695.8062982,0.109231591,NORM
65.44780045,0.070451611,13.1706,45.6188,2651.32,9030.152161,1049.361312,774.9771344,0.103051623,NORM
59.61943321,0.051483869,12.92,45.9988,2449.48,3850.819031,488.9431769,311.3516696,0.202416632,NORM
56.98965314,0.051118277,12.799,46.5436,2094.72,3810.68277,534.371536,318.3132257,0.167697283,NORM
61.64102592,0.05864516,12.6444,46.2568,822.3,2808.390366,331.9453256,171.2969375,0.320283248,NORM
62.15384636,0.061354836,12.534,47.2484,1691.06,17981.47408,1597.57397,858.1502055,0.088534636,NORM
67.53773066,0.064043011,12.558,47.177,2454.22,16625.87091,1552.485608,915.0496458,0.086684032,NORM
59.46423772,0.0424086,12.678,47.0308,1383.58,3110.599396,365.0318009,175.7330374,0.293354359,NORM
60.52564125,0.044387095,12.678,46.913,1011.48,2982.87323,355.2156838,164.1866144,0.297071093,NORM
60.58974304,0.050451611,12.683,46.771,505.34,2786.369446,340.3305014,149.1341221,0.302306034,NORM
62.62820396,0.041870968,12.683,46.709,489.58,2749.891663,346.8845091,162.9280458,0.287180956,NORM
62.69658165,0.062107527,12.6636,46.9112,1224.36,7571.846725,1102.900652,783.3195527,0.078223797,NORM
60.04993286,0.045548386,12.688,46.691,853.82,17057.49397,1989.204072,1469.373424,0.054170945,NORM
63.68376261,0.051741933,19.6554,29.2524,566.86,3135.828445,448.1708702,240.6897728,0.196189115,NORM
53.0625,0.045161291,18.98,30.3026,588.9,2774.293182,404.5494113,219.7982244,0.213019358,AROSAL
61.6025631,0.047483871,18.081,31.5176,863.26,3360.187881,558.8323918,319.8333349,0.135210458,AROSAL
58.07759705,0.041032258,17.0156,33.3696,633.06,3893.842102,372.0529997,195.1051253,0.353491178,AROSAL
59.98110504,0.078838707,15.867,36.6834,804.96,5441.59816,722.9915833,476.1430697,0.130818706,AROSAL
61.21794739,0.038000001,15.414,37.5282,645.68,4907.588058,641.1910353,467.3455881,0.150004083,AROSAL
58.16149317,0.042021504,14.673,38.5306,555.8,21484.71613,2715.384874,1969.477034,0.036616489,AROSAL
65.49999847,0.104258059,14.2948,39.5072,560.54,8336.062607,1701.269152,1191.834941,0.036193016,AROSAL
63.85714162,0.037010753,14.3278,39.3958,558.96,5851.256027,821.5335156,634.2568582,0.108945274,AROSAL
61.62759399,0.039268818,14.3186,39.4394,442.28,5851.256027,821.5335156,634.2568582,0.108945274,AROSAL
57.99999962,0.053096774,14.2372,39.6094,380.78,5895.887115,825.039217,654.8882832,0.10884534,AROSAL
61.71794853,0.038387097,14.1892,39.706,681.94,5994.397171,830.1933371,613.9162175,0.109294144,AROSAL
62.81196543,0.054537635,14.146,40.0712,426.5,5907.913498,812.1764977,621.5753519,0.112549393,AROSAL
61.87561849,0.08092473,13.882,40.6466,595.22,1388.805435,267.3551244,107.755157,0.244159848,AROSAL
60.52564087,0.056258064,13.7332,42.1126,516.38,1482.599152,316.6286704,184.820283,0.185837407,AROSAL
61.01196503,0.044580644,13.5892,42.0392,529.0,1555.561615,287.441319,167.7034771,0.236591255,AROSAL
61.98717918,0.075070967,13.594,41.4894,535.3,1379.923477,233.9448881,120.4234207,0.316838353,NORM
60.46423721,0.067612904,13.4826,41.9002,459.62,4073.579498,960.5526546,716.66562,0.055480927,AROSAL
62.34862773,0.083806448,13.425,42.3232,486.44,2828.504593,610.8027081,255.2299657,0.095271904,NORM
64.21794891,0.049741934,13.425,41.9824,527.42,9156.371765,1037.928879,831.7025723,0.1068066,AROSAL
63.78204918,0.038322581,13.1706,43.1696,689.82,9050.744339,1048.817712,804.0495747,0.103393714,AROSAL
64.49938939,0.074365589,13.1946,43.1344,694.56,4595.423035,812.0051959,611.4960217,0.087582582,AROSAL
64.81135406,0.05348387,13.185,43.1648,757.64,4420.450058,557.3374134,369.4586116,0.178829827,AROSAL
61.9487175,0.059612901,13.117,43.2952,576.32,4162.454361,528.5142436,332.9788452,0.187260404,AROSAL
62.04273631,0.071182795,13.137,42.7876,595.22,4039.99939,629.744786,372.9809389,0.128015337,AROSAL
55.93684265,0.048258063,13.0928,43.2358,743.4,3778.494003,533.7465931,333.6442557,0.166670358,AROSAL
63.26922951,0.04735484,12.92,43.8244,287.76,2851.547867,347.3789289,166.9544604,0.296950176,NORM
63.4551281,0.042193547,12.9104,43.7726,294.04,2744.04863,332.5087359,164.7687053,0.311885761,NORM
64.58058624,0.076903226,12.871,43.693,672.5,16523.87279,1552.580081,913.1134234,0.086141749,AROSAL
63.75897247,0.04483871,12.8182,44.7072,412.28,6948.812363,846.9353588,508.2828286,0.12173625,AROSAL
62.87179413,0.045677418,12.823,44.6014,500.64,6205.968445,809.0506219,543.5909358,0.119142864,AROSAL
61.4615387,0.038580645,12.847,44.392,374.5,3057.951721,359.9743807,174.3526585,0.296549572,NORM
55.52631607,0.049032256,16.2916,39.3576,3252.08,2920.837875,423.6434831,220.6520392,0.204510804,NORM
57.96221263,0.038967741,15.5762,41.5362,2763.26,2627.945892,389.9947871,197.61958,0.217124424,AROSAL
60.43679682,0.049849461,12.606,49.2212,4869.8,5603.813736,757.4586566,526.3962681,0.122737052,NORM
59.02024422,0.034451612,12.268,50.7644,2495.2,8952.23645,1055.240936,828.4957104,0.101027161,NORM
62.82051277,0.055096775,11.9818,50.884,2982.44,8522.591888,1023.716115,766.8836055,0.102193312,NORM
62.71794891,0.038774194,11.613,53.0336,3393.94,5851.256027,821.5335156,634.2568582,0.108945274,NORM
53.45888176,0.042387094,11.404,53.6206,4008.88,1323.738617,417.7672561,186.5161052,0.095311062,NORM
59.3502018,0.031096774,11.346,53.001,4024.68,1274.667603,341.5337946,186.6845355,0.137321787,NORM
60.44601898,0.038774191,11.248,53.3016,3226.8,1542.962814,260.1753731,148.8361342,0.286439529,NORM
61.80341975,0.036301075,11.2192,53.7564,2987.16,1402.522552,238.8209825,119.2723468,0.309011581,NORM
62.35384598,0.033118279,11.1702,54.0628,2886.22,1318.482986,216.1865556,114.2426942,0.354508808,NORM
61.92307625,0.039548386,11.151,54.283,2938.26,1301.40239,208.8683169,112.883717,0.374866239,NORM
62.28204981,0.030150537,10.9022,55.2192,1960.72,17060.54555,2011.639029,1423.737678,0.052978868,NORM
58.93724594,0.043225805,10.907,55.25,2566.16,17060.54555,2011.639029,1423.737678,0.052978868,NORM
63.97893829,0.042580646,10.863,55.4232,2186.16,9122.123199,1036.100118,831.9636055,0.106783057,NORM
60.62820549,0.033870967,10.81,55.337,2224.02,9071.434982,1052.959372,791.9558278,0.102816455,NORM
55.21491292,0.030967741,10.81,55.7028,3313.54,10411.96289,1252.669913,799.8322402,0.0833814,NORM
61.23076935,0.043548385,10.785,56.237,3482.26,4334.779327,544.9933154,328.0388132,0.183397963,AROSAL
63.21886406,0.037548387,10.7658,55.654,2673.38,3984.659546,495.5549768,293.4887624,0.203900082,AROSAL
56.01762848,0.032387096,10.6726,56.56,3807.06,3985.707047,538.6806117,335.3146808,0.172604673,NORM
60.57759666,0.034529033,10.736,56.158,1509.76,2919.565689,332.1037848,169.3816834,0.33264459,NORM
61.97368469,0.03348387,10.736,56.5518,2939.86,4900.049454,977.1444268,795.9872821,0.064490064,NORM
63.57692451,0.061935485,10.746,56.589,2160.94,4469.261017,573.9889653,338.4975449,0.170466285,AROSAL
60.28205134,0.107010753,10.648,56.6516,1963.84,7632.955048,1430.46958,763.8952334,0.046875435,AROSAL
62.7606837,0.103956987,10.6284,56.857,1921.26,6948.812363,846.9353588,508.2828286,0.12173625,NORM
61.23076935,0.042774193,10.643,57.0438,2154.6,6205.968445,809.0506219,543.5909358,0.119142864,NORM
61.74359055,0.035806452,10.648,57.1102,2108.88,4315.973145,617.5874652,361.7228827,0.142197399,NORM
62.48718033,0.035458066,10.5554,56.8754,1996.96,4073.579498,960.5526546,716.66562,0.055480927,AROSAL
63.97435913,0.03567742,10.531,56.9492,1784.08,6370.26326,1796.943568,1112.196108,0.024791247,AROSAL
62.64102745,0.037032257,10.531,57.0564,1788.84,2113.712585,287.1117067,144.5507027,0.322221115,AROSAL
63.11538429,0.045032257,17.51,38.482,3367.16,2967.921295,427.9753244,232.8389317,0.20362204,NORM
63.80000153,0.036860215,17.4388,38.623,3231.56,2819.8246,409.6901478,229.0161324,0.211115888,NORM
60.68870977,0.038967741,17.2488,38.9128,3261.5,2707.192215,398.3641821,206.0868118,0.214372163,NORM
57.31578903,0.038903225,17.2202,39.0386,3170.04,2707.192215,398.3641821,206.0868118,0.214372163,NORM
55.89473699,0.038623655,15.972,41.0964,5921.5,2707.192215,398.3641821,206.0868118,0.214372163,AROSAL
60.40958138,0.141548388,14.9024,44.326,7086.7,3330.557297,605.1824271,348.4882164,0.11427577,NORM
59.35695038,0.03535484,12.9102,47.6248,7143.48,5296.423126,694.9198023,481.2536652,0.137823464,NORM
60.8029686,0.032967742,12.654,48.6918,3483.84,5156.367706,663.4001636,497.9882211,0.14723213,NORM
58.68758469,0.03348387,12.606,49.6824,3575.28,8523.879425,1056.487831,648.7110516,0.09596617,NORM
60.36752116,0.037634409,18.1712,33.9952,1743.1,3135.828445,448.1708702,240.6897728,0.196189115,NORM
57.31578903,0.082451611,17.9812,33.8528,2022.16,2875.740128,418.7393443,220.670666,0.20609714,AROSAL
61.66666565,0.057419357,16.4918,37.4386,2870.48,4220.47551,762.9689817,375.8646846,0.091108204,NORM
60.84615402,0.050451613,16.2866,37.5728,3116.44,1908.551636,312.9940358,122.1700021,0.244817046,NORM
61.41767998,0.059935485,15.8578,38.2184,3441.26,3168.78746,602.9106661,405.5368687,0.10954613,NORM
59.37651863,0.052258061,15.581,38.7292,3955.3,3598.525238,455.0248871,287.8491533,0.218405774,NORM
60.99190318,0.060903226,15.299,39.9296,2890.98,3524.880325,585.8220414,356.8207337,0.129069261,NORM
58.34210676,0.048623656,14.5434,41.908,3105.42,9013.399063,1675.893605,845.2877782,0.040327897,NORM
55.73945618,0.07883871,13.9348,43.8388,5636.1,5408.877014,811.9864546,597.4190417,0.103090679,NORM
58.72874527,0.041806451,13.57,45.206,4907.64,11160.97964,1877.578301,1055.607062,0.039784698,NORM
59.58231964,0.048967743,13.8196,44.3088,4794.1,4486.253983,582.0922101,384.9612685,0.166383458,NORM
59.77732849,0.047612903,13.858,44.37,2831.06,6519.618759,1069.399205,833.786453,0.071639468,NORM
58.49999962,0.039677418,13.81,44.4206,2078.94,8302.942261,1054.033626,809.257342,0.093914565,AROSAL
54.91754328,0.038666668,13.6564,44.7094,3419.2,8796.603455,1069.331132,820.9213937,0.096671945,NORM
56.53913727,0.039870967,13.502,44.96,3113.28,21484.71613,2715.384874,1969.477034,0.036616489,AROSAL
53.61513176,0.044000001,13.4586,45.661,2260.3,5994.397171,830.1933371,613.9162175,0.109294144,NORM
59.62888082,0.046279569,13.4106,45.4738,3450.74,5994.397171,830.1933371,613.9162175,0.109294144,AROSAL
60.114711,0.045075268,13.3962,44.7966,3444.4,1388.805435,267.3551244,107.755157,0.244159848,NORM
58.21524963,0.038683871,13.016,45.868,2769.58,9394.24733,1044.580139,698.9370447,0.1081903,NORM
64.62637367,0.044,12.968,46.484,2118.36,9050.744339,1048.817712,804.0495747,0.103393714,AROSAL
63.37606964,0.074795698,13.0016,46.4014,3411.32,9071.710205,1053.862461,764.6516424,0.102643431,NORM
63.40293198,0.036258064,12.9968,45.9836,2638.7,10411.96289,1252.669913,799.8322402,0.0833814,NORM
60.37112007,0.050838708,13.016,45.8926,1495.54,4430.521591,640.6418046,421.704545,0.13565449,AROSAL
61.79615847,0.034258064,12.9008,45.8594,2966.68,3654.836548,454.7891603,260.3192185,0.222053495,NORM
55.63158035,0.038451613,12.871,46.2106,2115.22,3707.205521,459.7813127,276.167446,0.220370723,NORM
59.99244354,0.079225805,12.698,46.4192,2931.98,5162.644867,737.0117662,492.7941619,0.119435456,NORM
58.9210537,0.042580645,12.3448,47.5394,2621.36,7571.846725,1102.900652,783.3195527,0.078223797,NORM
61.35492523,0.065677418,17.225,36.015,2299.7,7735.174805,1187.910121,609.4185378,0.068883123,NORM
55.6315801,0.041892472,16.077,38.3442,2586.64,2843.716171,413.7934294,213.8970911,0.208703115,NORM
63.53754463,0.050864516,15.8862,39.7566,3488.58,2819.8246,409.6901478,229.0161324,0.211115888,NORM
58.12280629,0.036929033,15.6288,38.9912,3110.14,1862.455154,307.1571107,116.5232602,0.248070168,NORM
57.12982432,0.038984947,15.5714,38.8888,3248.92,1878.760422,311.4385139,119.2887886,0.243408999,NORM
57.28947334,0.037225807,15.304,39.45,3835.46,3168.78746,602.9106661,405.5368687,0.10954613,NORM
59.57624893,0.03483871,14.9216,40.7874,2944.58,3361.053635,390.9698179,222.1997608,0.276311425,NORM
59.66868973,0.038903227,14.2996,42.9428,2518.86,3720.065247,359.4844252,213.6082646,0.361743106,NORM
55.4495608,0.042193548,13.6468,45.04,1416.7,5095.67981,683.3711051,481.7823882,0.137119358,NORM
53.20833333,0.033720431,13.3626,45.6738,3584.72,12775.35063,1692.20196,998.6417822,0.056063255,NORM
58.31578865,0.065870965,13.209,46.0666,4461.4,5352.200806,692.991763,476.0162414,0.140050969,NORM
58.57894897,0.036903226,13.1318,46.0752,3392.4,5010.693542,650.0943167,468.166065,0.148989261,NORM
56.85087751,0.037311828,13.088,46.8288,2695.46,5156.367706,663.4001636,497.9882211,0.14723213,NORM
58.2368412,0.034064517,12.8614,47.0236,2123.12,7993.362518,1109.534424,680.5659086,0.081593923,NORM
58.97368469,0.040774193,12.896,46.102,2250.8,8658.8461,1054.825979,788.4907338,0.097793108,NORM
57.35492706,0.063225808,12.7942,46.1266,3021.86,21484.71613,2715.384874,1969.477034,0.036616489,NORM
63.02564316,0.035161291,12.678,46.3416,2709.66,5966.44104,826.0954199,602.8527746,0.109866373,NORM
55.97368584,0.040774191,12.606,47.028,2239.76,1570.02037,260.8942064,84.20423509,0.289858661,NORM
57.44939232,0.035741936,12.5964,46.8284,3106.98,1407.377563,243.6515641,89.54612642,0.297907941,NORM
56.65789566,0.036709678,12.2824,48.6052,1926.0,4073.579498,960.5526546,716.66562,0.055480927,NORM
60.94871826,0.036387097,12.364,47.8076,2569.32,4401.477478,638.5768481,347.4912655,0.135638198,NORM
58.94736748,0.043096774,12.3496,47.5894,3780.26,4290.720551,634.6678809,358.8330091,0.133858839,NORM
60.72379659,0.033548387,12.374,47.506,3942.68,4039.99939,629.744786,372.9809389,0.128015337,NORM
56.61853282,0.088774193,12.389,47.4774,3751.86,4039.99939,629.744786,372.9809389,0.128015337,NORM
59.87651863,0.034903224,12.437,46.9316,1211.72,2785.483246,339.8963771,164.0989263,0.30298236,NORM
62.51889229,0.039419353,12.437,47.2478,3054.96,3410.305161,373.6571132,182.714175,0.306942197,NORM
60.90620995,0.029496773,12.316,47.5294,3406.56,18078.0144,1291.282354,551.5238679,0.136244243,NORM
64.64102783,0.031870967,12.2968,47.6692,3201.6,18078.0144,1291.282354,551.5238679,0.136244243,NORM
60.86315857,0.041978493,12.3402,47.211,3185.82,4667.278122,648.5515429,395.0431448,0.139439094,NORM
62.17476463,0.033096774,12.4034,47.256,4366.8,4667.278122,648.5515429,395.0431448,0.139439094,NORM
59.8182635,0.032774192,12.4274,46.4468,2206.66,7632.955048,1430.46958,763.8952334,0.046875435,NORM
61.96153908,0.03148387,12.379,46.5648,2668.66,4018.076447,561.4008289,319.9369726,0.160207174,NORM
60.98178253,0.048903223,12.369,46.669,2307.6,3110.599396,365.0318009,175.7330374,0.293354359,NORM
65.16971995,0.031268816,12.2968,45.6226,3226.82,7644.66304,1110.231687,812.9986125,0.077936514,NORM
60.24066569,0.031096774,12.142,46.6832,2411.64,9538.586426,1050.642752,698.4344003,0.108588478,AROSAL
61.1343099,0.048946235,15.4424,60.2494,32280.1,3175.061584,453.3668625,230.9361102,0.194116508,NORM
61.04273478,0.041333334,17.9622,53.4304,32280.1,3248.054214,601.6277208,343.3265785,0.112765813,AROSAL
65.56501846,0.048580645,18.2614,49.9648,19182.0,3524.880325,585.8220414,356.8207337,0.129069261,AROSAL
65.9175827,0.043870968,18.3568,49.4522,7241.24,3524.880325,585.8220414,356.8207337,0.129069261,AROSAL
56.8574557,0.044967742,17.8146,51.33,3121.18,4167.804398,366.6201972,186.2995078,0.389658738,AROSAL
61.06747589,0.046451613,17.3104,53.9402,3132.24,12775.35063,1692.20196,998.6417822,0.056063255,AROSAL
57.2105278,0.039935484,16.844,56.1476,2531.46,8755.084915,1074.49868,821.3389178,0.095292441,AROSAL
61.2941967,0.040516128,16.8536,56.1674,4418.84,9388.188248,1957.138648,1078.628029,0.03079984,AROSAL
61.71794802,0.037612903,16.915,55.6278,5962.48,8336.062607,1701.269152,1191.834941,0.036193016,AROSAL
62.52564125,0.038967743,16.7586,56.8524,2280.8,1379.906677,242.9330804,91.1183656,0.293823323,NORM
52.1875,0.058838709,16.6012,55.1662,1689.48,1654.911255,438.8496859,156.8501489,0.107982404,AROSAL
61.82905986,0.058967741,16.6442,53.9974,3907.96,3850.819031,488.9431769,311.3516696,0.202416632,AROSAL
55.57894745,0.042645161,16.582,55.2734,2919.32,3779.544128,521.2674714,326.6599561,0.174794609,AROSAL
55.44736786,0.058129033,16.558,55.172,2954.06,3779.544128,521.2674714,326.6599561,0.174794609,AROSAL
59.47683436,0.037806452,16.558,55.3248,2954.04,3821.625046,488.4375065,314.054573,0.201298217,AROSAL
64.26556625,0.041548387,16.487,54.746,3471.2,2837.642746,329.2556571,171.1778024,0.328928187,AROSAL
59.64035034,0.035870968,16.392,53.9,2690.74,4718.566208,568.6947863,297.8493775,0.183341772,AROSAL
60.15618413,0.045247311,16.3392,54.2534,2394.28,3410.305161,373.6571132,182.714175,0.306942197,AROSAL
61.59828924,0.036473118,16.2202,54.707,5019.6,4458.621948,645.5602301,458.2132346,0.134442623,AROSAL
60.50135002,0.040322581,16.2582,54.6146,4742.06,4458.621948,645.5602301,458.2132346,0.134442623,AROSAL
59.84885368,0.052193549,16.3776,54.1978,4685.32,4433.436691,581.4339397,383.7492894,0.16479712,AROSAL
67.20146255,0.040838709,16.4198,54.1062,7288.54,3586.619598,486.0073367,258.6584102,0.19081369,AROSAL
66.02320048,0.039913979,16.4678,53.9538,4357.36,3275.066315,383.2415694,185.038954,0.280210718,AROSAL
63.43131866,0.041677419,16.6156,53.7726,5437.44,7644.66304,1110.231687,812.9986125,0.077936514,AROSAL
66.60347977,0.050451611,16.9438,52.5028,7088.28,14436.0423,1985.01785,1182.869263,0.046039349,AROSAL
66.47740911,0.039397849,17.1204,52.9346,17147.98,9062.688828,1034.737068,821.806974,0.106367002,AROSAL
61.99999893,0.059354838,23.1696,29.7764,1132.92,3357.720444,472.1600507,259.2200387,0.189267446,AROSAL
54.60526276,0.047870966,22.7002,31.1334,1307.92,3263.18988,462.2215702,239.6852709,0.191933946,AROSAL
52.890625,0.065741934,22.6378,31.2892,1323.68,3213.005905,457.0934083,233.3532041,0.193246426,AROSAL
68.36233139,0.056064514,21.6904,32.946,1575.98,2522.818008,545.1415469,360.1489186,0.106678579,AROSAL
61.53846016,0.051806451,21.7624,32.9524,1653.24,3248.054214,601.6277208,343.3265785,0.112765813,AROSAL
56.90350889,0.04501075,20.7648,33.8818,2159.36,3893.842102,372.0529997,195.1051253,0.353491178,AROSAL
61.3270668,0.040559139,20.8648,34.677,2957.2,4600.112015,392.3431801,177.7853186,0.375531226,AROSAL
52.93503294,0.047956988,21.0224,34.4542,730.8,5391.870239,733.6308862,486.236393,0.125890826,AROSAL
54.3256588,0.039268817,21.1126,34.311,727.64,5391.870239,733.6308862,486.236393,0.125890826,AROSAL
61.23366013,0.049677418,20.984,34.4044,923.2,5244.783249,729.608977,500.0978272,0.123810384,AROSAL
59.39473686,0.092774195,20.9222,34.2468,1553.88,4417.621124,586.5790095,395.1899173,0.161341204,AROSAL
57.92982457,0.03892473,20.9456,34.163,1602.76,4626.232635,593.2012466,392.9923476,0.165208817,AROSAL
58.31578979,0.063612903,20.984,34.5896,1774.64,5156.367706,663.4001636,497.9882211,0.14723213,AROSAL
60.41767845,0.073032258,20.96,35.0486,2468.38,6519.618759,1069.399205,833.786453,0.071639468,AROSAL
62.17858696,0.060688172,20.9268,35.3946,1266.9,8597.709091,1061.741792,799.2538515,0.095841761,AROSAL
63.1373642,0.040344085,20.9314,34.9538,1648.5,8427.496796,1026.131925,792.5241002,0.100577784,AROSAL
64.23443336,0.046516129,21.0416,35.129,2793.22,19207.73433,2711.896626,1681.650486,0.032820088,AROSAL
54.31359609,0.042967741,20.96,35.6218,1039.86,5895.887115,825.039217,654.8882832,0.10884534,AROSAL
53.55836694,0.049053762,20.9792,35.4922,1032.0,5851.256027,821.5335156,634.2568582,0.108945274,AROSAL
56.71558586,0.053677417,21.0128,35.2318,1022.5,5862.918167,818.2130973,633.5319899,0.110050202,AROSAL
63.05128326,0.038408601,20.9364,35.1784,770.24,5816.072983,807.112368,601.1599442,0.112194536,AROSAL
59.58704491,0.102387089,20.984,36.0518,1177.06,1606.756348,264.5109566,85.7269724,0.288584204,AROSAL
60.72649511,0.048817203,20.9744,36.2218,1721.02,1649.651123,452.4562616,317.1880721,0.101262528,AROSAL
59.24493942,0.074387099,21.3084,34.8046,2211.4,2113.712585,287.1117067,144.5507027,0.322221115,AROSAL
57.99999924,0.047806451,21.2228,32.4454,1549.14,9394.24733,1044.580139,698.9370447,0.1081903,AROSAL
62.16666527,0.04296774,21.199,33.5912,1531.8,9548.219803,1048.074143,695.8062982,0.109231591,AROSAL
58.68016103,0.054752687,21.2226,34.4138,2222.44,3985.707047,538.6806117,335.3146808,0.172604673,AROSAL
59.63113022,0.041290323,21.2086,34.0418,4161.82,4013.301315,538.3952493,319.1261857,0.173983953,AROSAL
69.01721725,0.040129033,21.175,35.2012,3025.0,4095.414978,547.4024738,325.0550873,0.17174902,AROSAL
60.94534378,0.044193547,21.1846,35.6964,5043.24,4441.137833,1361.48471,237.7687887,0.030107769,AROSAL
63.1909584,0.04548387,21.2988,35.4968,4563.94,2807.142532,335.3475248,164.5568868,0.313678042,AROSAL
56.98947403,0.04948387,21.4706,35.434,2640.28,4718.566208,568.6947863,297.8493775,0.183341772,AROSAL
70.29811859,0.065118277,22.3546,32.2198,3395.54,4831.125122,672.9870117,417.5742879,0.134043199,AROSAL
64.61538277,0.058580645,22.465,32.3028,1153.42,4831.125122,672.9870117,417.5742879,0.134043199,AROSAL
65.92478867,0.068645158,22.4986,32.319,1323.66,4667.278122,648.5515429,395.0431448,0.139439094,AROSAL
67.14285583,0.064903223,22.4938,32.9656,3518.5,4468.130707,578.6943911,347.9572928,0.167662982,AROSAL
66.12911987,0.071096774,22.4074,33.2036,3078.62,3586.619598,486.0073367,258.6584102,0.19081369,AROSAL
61.75641136,0.045935483,22.6906,32.8898,2107.32,7571.846725,1102.900652,783.3195527,0.078223797,AROSAL
62.56410408,0.038193548,22.5802,31.839,1054.08,9314.605286,1291.43646,963.9570272,0.070182403,AROSAL
61.79487165,0.042365591,17.6674,42.6992,981.54,3213.005905,457.0934083,233.3532041,0.193246426,AROSAL
61.2825002,0.041591398,17.701,42.3772,913.72,3086.786118,440.967858,230.8523117,0.199481457,AROSAL
54.72697334,0.04116129,17.258,42.1352,1200.7,2777.109253,406.9191399,217.3479957,0.210759225,NORM
54.0625,0.04148387,17.2674,42.207,1180.2,2707.192215,398.3641821,206.0868118,0.214372163,NORM
61.48717957,0.043819356,17.1914,42.2362,1112.4,2644.737762,391.6634903,176.4151598,0.216653795,NORM
57.78947334,0.041225805,16.9108,42.962,1233.82,2571.111496,405.5176619,205.3414032,0.196476777,NORM
64.04395548,0.042227958,16.6678,43.9434,6492.28,2847.350021,655.170278,326.5109751,0.083357052,NORM
60.64102592,0.040774192,16.7298,43.792,1047.72,1824.752258,432.3268882,259.382603,0.122684382,NORM
61.3070179,0.052774194,16.1818,44.8464,8767.54,9764.52739,1459.58495,900.288343,0.057597328,NORM
61.2136762,0.077548385,16.5154,45.1392,7501.4,3292.447952,375.7315932,213.9085798,0.293071343,AROSAL
59.59379069,0.071870969,16.6442,44.6496,7307.46,3865.437485,496.1589054,281.389685,0.197318105,AROSAL
55.74257736,0.039435482,17.0724,43.7184,2318.64,6386.503189,1022.151726,608.1738042,0.076814333,NORM
62.8593174,0.220021508,16.9486,42.903,5016.42,7925.186264,1054.988342,637.5719884,0.089479597,AROSAL
57.68421135,0.040335482,16.939,45.551,1126.58,8302.942261,1054.033626,809.257342,0.093914565,NORM
58.052631,0.039290322,16.7966,45.943,1768.32,8952.23645,1055.240936,828.4957104,0.101027161,NORM
54.81907845,0.040967742,16.9678,44.1186,3143.24,8695.935043,1056.789114,807.5834506,0.097847445,NORM
56.3421051,0.041419355,16.987,44.0446,3129.06,8695.935043,1056.789114,807.5834506,0.097847445,NORM
62.62820358,0.038709677,16.8392,44.6288,2039.52,11040.05499,2008.224995,1064.906043,0.034399835,NORM
58.09041748,0.039112902,16.3488,47.7636,1181.78,1303.268921,323.5616994,181.7048146,0.156433473,NORM
65.46428757,0.039290321,15.6336,48.2892,8124.22,9067.672134,1036.232897,830.917423,0.106118456,NORM
65.26740112,0.04108387,16.7582,45.617,8419.06,10386.07396,1216.877212,875.5233392,0.088138927,NORM
62.53846207,0.040322579,16.92,45.4288,6970.04,9030.152161,1049.361312,774.9771344,0.103051623,NORM
72.54095154,0.068043011,18.0286,43.1432,2162.5,4420.450058,557.3374134,369.4586116,0.178829827,NORM
62.64102631,0.045612903,18.1666,42.0084,1334.7,4197.941727,530.6125166,319.3865182,0.187366217,AROSAL
64.91941528,0.042709677,18.1952,41.9218,1216.44,4121.533081,524.6805813,321.1767847,0.188138931,NORM
62.98717995,0.045741936,18.1952,41.7104,1312.66,4430.521591,640.6418046,421.704545,0.13565449,NORM
60.45951385,0.045612902,16.0196,45.2994,1903.92,3716.819138,423.6329204,217.7130861,0.260256682,NORM
63.38461609,0.040516128,15.848,46.6418,2734.86,18078.0144,1291.282354,551.5238679,0.136244243,AROSAL
55.92236847,0.042967741,16.0436,47.1364,2758.52,18078.0144,1291.282354,551.5238679,0.136244243,NORM
66.19169668,0.042236559,18.1522,42.4164,5566.72,4190.595596,1316.849248,653.1038047,0.030367812,NORM
64.01439819,0.050838709,19.0082,40.5858,6358.26,7644.66304,1110.231687,812.9986125,0.077936514,NORM
63.67521261,0.06004301,19.3982,40.267,7974.42,17060.54555,2011.639029,1423.737678,0.052978868,AROSAL
63.80769196,0.044473118,19.4648,40.1516,7443.06,9129.733887,1051.074084,832.7687846,0.103848763,AROSAL
65.032967,0.042903225,19.627,39.4246,7386.3,9063.959213,1036.56952,813.5978961,0.10600612,AROSAL
62.10487747,0.079290322,19.6508,39.2516,7115.1,9102.159683,1038.607287,828.1835639,0.106035572,AROSAL
59.94421946,0.105419354,21.0748,28.6374,1219.6,3357.720444,472.1600507,259.2200387,0.189267446,AROSAL
61.13562698,0.117032255,21.103,28.8014,1277.96,3357.720444,472.1600507,259.2200387,0.189267446,AROSAL
59.20985107,0.124580646,18.3758,32.5144,2758.54,3691.187546,463.4765823,291.8724514,0.215933679,AROSAL
58.3549263,0.190881719,17.277,35.1012,2296.54,3647.176834,360.9869988,213.4121347,0.351709066,AROSAL
55.21184265,0.09729032,18.1048,33.5098,2421.1,3893.842102,372.0529997,195.1051253,0.353491178,AROSAL
62.9487175,0.108645163,18.1192,33.5044,2127.84,5449.970352,702.2449313,496.5640254,0.138875865,AROSAL
59.26450704,0.119268817,16.6536,38.2826,1139.2,6376.82515,1019.782999,623.0030918,0.077054648,AROSAL
62.30769196,0.104387095,16.844,36.9314,3381.34,8427.496796,1026.131925,792.5241002,0.100577784,AROSAL
57.73684158,0.123096776,16.801,37.1602,2179.84,20605.18929,2708.031736,1953.212639,0.035308476,AROSAL
57.15789528,0.101161292,16.8822,37.0972,2164.12,20605.18929,2708.031736,1953.212639,0.035308476,AROSAL
59.38972473,0.133741939,16.9918,37.0108,2616.6,19207.73433,2711.896626,1681.650486,0.032820088,AROSAL
60.25371208,0.100322585,16.7346,37.179,1221.2,5851.256027,821.5335156,634.2568582,0.108945274,AROSAL
58.69803009,0.099548388,16.7346,37.3602,4945.48,4872.688278,1043.19682,826.3518254,0.056265993,AROSAL
59.38596471,0.073935485,16.9198,38.4072,3764.48,1499.6884,318.8043941,181.814446,0.185422443,NORM
61.06410217,0.139935483,17.1866,36.4014,7263.3,2828.504593,610.8027081,255.2299657,0.095271904,AROSAL
56.91228129,0.070301073,17.867,35.8956,5107.88,4013.301315,538.3952493,319.1261857,0.173983953,AROSAL
62.02564125,0.086967741,17.7528,36.5356,5379.08,3623.139084,456.1576986,269.0661877,0.218808834,AROSAL
60.46153819,0.073462367,17.5244,36.4674,6139.1,5277.847641,1476.467651,467.6650709,0.030424177,AROSAL
61.77307739,0.143526882,17.8286,35.9832,7403.64,20686.61787,1582.393434,797.9472466,0.103817463,AROSAL
70.32698288,0.087010749,18.1476,35.4534,10987.58,15351.65564,1528.336956,858.3512376,0.082589884,AROSAL
61.15593465,0.139376343,19.6174,32.7516,14456.44,3204.229996,371.2861669,177.3794121,0.292089542,NORM
65.30494499,0.104322583,19.8742,32.8608,13510.4,2744.233139,352.0367962,168.0556319,0.278262542,AROSAL
64.61080475,0.089870967,20.1788,31.1498,2151.5,9113.978561,1037.884575,833.2960575,0.106321171,AROSAL
62.35897408,0.045741935,20.1452,32.3292,1285.84,2777.109253,406.9191399,217.3479957,0.210759225,NORM
59.07894707,0.222064524,19.9218,33.0704,1375.72,3500.370682,757.504976,364.9415686,0.076657195,NORM
61.51709455,0.063161289,19.1844,34.7542,12531.22,3865.437485,496.1589054,281.389685,0.197318105,NORM
61.05128098,0.053161292,19.0936,34.7784,11001.8,3865.437485,496.1589054,281.389685,0.197318105,NORM
62.70085373,0.06107527,19.7602,33.927,11681.36,3795.727982,363.0956931,215.0871529,0.361795158,AROSAL
63.92185491,0.044369893,19.294,35.2438,5450.04,9427.63826,1186.571952,872.4914295,0.084144284,NORM
62.67948723,0.044387097,19.2796,36.0152,4980.18,9427.63826,1186.571952,872.4914295,0.084144284,NORM
62.73279279,0.043634408,18.7992,34.0806,907.44,1645.968063,268.8547285,87.99535244,0.286151423,NORM
60.2896993,0.044473119,18.7944,34.3234,871.16,1645.968063,268.8547285,87.99535244,0.286151423,NORM
60.937078,0.047419353,18.9226,34.729,809.66,1483.378754,249.6611717,86.94734208,0.299061088,NORM
59.88461533,0.046322581,18.2284,36.1988,1136.06,1303.268921,323.5616994,181.7048146,0.156433473,NORM
60.89743551,0.043148387,18.371,36.5976,3043.92,1609.71965,271.4987768,148.4980307,0.274425431,NORM
59.04210541,0.089677421,18.3568,35.6308,795.48,1318.482986,216.1865556,114.2426942,0.354508808,NORM
60.17948608,0.040516127,18.5992,35.288,6911.7,17057.49397,1989.204072,1469.373424,0.054170945,NORM
68.77380753,0.042451612,19.056,34.085,9062.4,1405.062836,209.4041028,113.3583947,0.402656985,NORM
64.09340858,0.045677419,19.2176,33.8566,8078.5,9062.688828,1034.737068,821.806974,0.106367002,NORM
63.11355133,0.047741936,19.9216,32.9778,8450.62,9548.219803,1048.074143,695.8062982,0.109231591,NORM
63.85073013,0.045612903,20.1406,32.8388,10935.56,9538.586426,1050.642752,698.4344003,0.108588478,NORM
61.82051163,0.04548387,20.7744,31.8274,7315.34,10100.83,1123.630175,766.185769,0.100535661,NORM
62.80701701,0.045408602,20.9648,31.1648,3573.7,11673.16156,1467.096304,995.0679781,0.068152394,NORM
62.26945521,0.064232257,21.0936,31.1292,3810.2,6861.415955,1037.409718,591.4747867,0.080116688,NORM
63.47435951,0.047419353,21.151,30.9738,1337.9,4197.941727,530.6125166,319.3865182,0.187366217,NORM
67.33333054,0.044258065,20.6456,31.9554,4267.48,2919.496658,360.8726474,169.1150903,0.281714963,NORM
62.39743614,0.048967742,20.2978,32.144,1695.8,17041.38597,1335.939718,579.3515015,0.119988895,NORM
66.72619171,0.056258066,20.5026,31.4108,5760.66,4464.116821,583.2969106,384.2740673,0.164879273,NORM
63.07692108,0.045741935,21.0744,32.0,5576.18,6828.094742,830.7418571,501.1090999,0.124330367,NORM
64.54700724,0.049849462,22.0532,29.731,8616.14,9441.029831,1130.084937,883.9300169,0.092898149,NORM
58.12280782,0.044877419,23.4872,25.8806,3017.1,3357.720444,472.1600507,259.2200387,0.189267446,NORM
62.51281967,0.046503225,20.3172,31.501,1610.66,2707.192215,398.3641821,206.0868118,0.214372163,NORM
63.9523819,0.096516129,20.1262,32.248,5423.24,2789.326645,449.7705602,207.8368013,0.173271522,NORM
62.41025543,0.04483871,19.7364,32.3324,1098.2,1937.812607,314.3084946,132.1576755,0.246495732,NORM
61.65452118,0.045599999,19.9882,32.2686,1575.96,3360.187881,558.8323918,319.8333349,0.135210458,NORM
62.01282158,0.111974194,19.5318,32.4332,1661.1,3524.880325,585.8220414,356.8207337,0.129069261,NORM
63.78204994,0.072838709,20.0742,31.8252,6873.86,9433.610046,1407.165781,843.6144511,0.059868345,NORM
63.17094065,0.064946237,20.5646,31.2168,8228.3,3796.511719,359.2821896,200.3579607,0.369592569,NORM
58.00000114,0.049096773,21.0936,30.3746,8728.12,4600.112015,392.3431801,177.7853186,0.375531226,NORM
62.35306829,0.048795698,20.5218,30.4598,7268.04,4600.112015,392.3431801,177.7853186,0.375531226,NORM
56.3598175,0.045,21.3848,29.9708,472.24,13236.00783,1693.257577,1019.931389,0.058012399,NORM
55.23853006,0.044322582,21.676,29.3712,459.62,5244.783249,729.608977,500.0978272,0.123810384,NORM
58.92577629,0.044038711,20.5742,30.6174,1787.26,8429.013962,1185.735105,767.217699,0.075337513,NORM
60.62685623,0.045058064,20.5646,30.9634,1259.02,8204.975235,1112.325656,717.1325947,0.083334192,NORM
61.70715179,0.044688172,20.3598,32.01,3755.02,8651.739807,1056.100442,664.7493103,0.097477159,NORM
58.57219963,0.045419354,20.455,30.954,3111.7,8732.76442,1079.859067,809.5463884,0.094108196,NORM
59.44174627,0.045849461,20.5122,31.3186,3244.16,8732.76442,1079.859067,809.5463884,0.094108196,NORM
54.08552628,0.045419353,20.9744,30.7518,2859.42,8522.591888,1023.716115,766.8836055,0.102193312,NORM
56.13157921,0.044129031,20.9744,30.4648,2979.26,8522.591888,1023.716115,766.8836055,0.102193312,NORM
58.43781637,0.062322579,21.0224,30.4756,3225.24,8522.591888,1023.716115,766.8836055,0.102193312,NORM
59.01147079,0.047483869,21.1078,30.2356,3652.54,19865.82089,2712.86113,1649.916699,0.033920423,NORM
59.30634308,0.07251613,21.294,31.073,4237.52,17545.63933,2715.376563,1662.997854,0.029903287,NORM
53.94166667,0.045913978,21.3564,30.4038,1191.24,6154.90535,840.9968146,635.9802719,0.109355981,NORM
56.05263138,0.060645161,21.4182,30.4488,1164.42,6281.440796,848.7348091,649.3137632,0.109578438,NORM
61.08546982,0.061505376,21.2228,30.8666,1355.22,5908.763046,813.0329466,598.4705682,0.112328549,NORM
58.92037735,0.044774194,21.2892,30.6786,2783.76,11040.05499,2008.224995,1064.906043,0.034399835,NORM
65.7976181,0.045870967,20.9412,30.4284,4267.46,1654.911255,438.8496859,156.8501489,0.107982404,NORM
67.98809509,0.044258065,20.8314,30.5928,4169.74,1517.006393,502.3466525,221.7025475,0.075542308,NORM
60.28520101,0.046193547,20.7792,30.7684,4280.08,1323.738617,417.7672561,186.5161052,0.095311062,NORM
58.70040398,0.044903226,20.3598,30.9458,4224.88,1517.006393,502.3466525,221.7025475,0.075542308,NORM
57.68421051,0.044103227,20.5262,31.8518,3762.92,1554.546158,283.7828131,149.7393316,0.242572356,NORM
61.0512825,0.045290321,20.5168,32.17,4040.42,1489.898544,249.5795553,128.1958466,0.300572018,NORM
65.11355362,0.078408601,20.1548,31.9122,6514.38,9206.565109,1037.147784,829.7462244,0.107553911,AROSAL
60.43859698,0.049126882,20.5074,31.1852,7450.92,10386.07396,1216.877212,875.5233392,0.088138927,AROSAL
58.10593758,0.04548387,20.9364,31.2154,7474.58,4105.337082,543.2602935,339.0356572,0.174800535,AROSAL
62.69230652,0.21341934,21.0842,30.928,8262.96,3850.819031,488.9431769,311.3516696,0.202416632,AROSAL
66.18542786,0.046812901,21.8142,30.315,5014.86,4283.13765,540.1102482,319.3920232,0.184504541,AROSAL
60.93589821,0.043935485,22.2212,28.7768,2548.82,4420.450058,557.3374134,369.4586116,0.178829827,AROSAL
64.44139099,0.048645161,21.1366,31.2062,8086.36,3183.782333,352.8692675,176.3944033,0.321310976,AROSAL
68.04762039,0.044774194,21.2086,31.1988,12649.5,16625.87091,1552.485608,915.0496458,0.086684032,AROSAL
56.8339592,0.047612903,21.509,30.3024,5123.66,4464.116821,583.2969106,384.2740673,0.164879273,AROSAL
67.30388222,0.048838708,21.5854,30.356,4790.96,4458.621948,645.5602301,458.2132346,0.134442623,AROSAL
64.80860786,0.05348387,22.1348,29.5904,12854.46,4315.973145,617.5874652,361.7228827,0.142197399,AROSAL
66.53968074,0.050150536,22.3402,29.6948,12263.2,3168.904755,386.7807528,202.1950329,0.266188532,AROSAL
63.97985153,0.04832258,22.7194,29.8606,9335.16,2781.290192,343.0586469,154.6647036,0.296974683,AROSAL
63.38461533,0.048064515,23.3472,28.3606,5543.06,7571.846725,1102.900652,783.3195527,0.078223797,AROSAL
46.49686775,0.039354838,17.5416,22.0018,778.92,3357.720444,472.1600507,259.2200387,0.189267446,AROSAL
55.73026326,0.043870969,20.2644,30.8244,478.58,3090.560501,441.979236,230.2761894,0.19881236,NORM
57.52631632,0.043148388,20.2172,30.9736,469.1,3090.560501,441.979236,230.2761894,0.19881236,NORM
67.04761887,0.044967742,20.2076,30.8328,658.3,3500.370682,757.504976,364.9415686,0.076657195,NORM
66.42856954,0.091251609,20.241,30.7894,752.9,3386.889023,555.3306076,314.9627067,0.138009064,NORM
66.32142563,0.044387097,20.0502,30.8394,1306.34,9433.610046,1407.165781,843.6144511,0.059868345,NORM
65.30952301,0.046967743,18.9704,32.7462,765.5,3893.842102,372.0529997,195.1051253,0.353491178,NORM
64.38461456,0.046774194,19.27,32.1648,540.04,5296.423126,694.9198023,481.2536652,0.137823464,NORM
65.24908447,0.04563441,18.9706,33.2604,1076.12,4612.953171,602.0113708,411.8770462,0.15994826,NORM
59.58164597,0.043483872,18.8986,32.8784,1367.82,8658.8461,1054.825979,788.4907338,0.097793108,NORM
67.10317688,0.044215054,18.747,33.3256,1178.6,6172.852509,858.2275111,647.3474145,0.105315162,NORM
65.61721573,0.043948388,18.7278,33.9226,912.16,6077.39389,834.5599789,626.7353843,0.109650885,NORM
61.42307739,0.043032259,18.7278,33.3174,762.38,6077.39389,834.5599789,626.7353843,0.109650885,NORM
63.35897471,0.042761291,18.7326,33.2452,749.74,6041.190689,833.6225665,631.970195,0.109242966,NORM
67.51270009,0.043569894,18.7086,33.6118,792.32,5809.44931,815.2368979,627.1935769,0.109844211,NORM
55.58991292,0.041591396,18.6658,33.9042,478.58,1873.197845,443.0643946,156.0443855,0.119911217,NORM
54.65224355,0.043333335,18.675,33.7862,484.88,1471.960663,342.168934,172.1238536,0.157988296,NORM
65.25641022,0.044387095,18.6136,33.5832,476.98,1599.528732,281.0186143,150.7790373,0.254525755,NORM
62.67307739,0.042016129,18.604,33.6548,948.4,2828.504593,610.8027081,255.2299657,0.095271904,NORM
62.54700877,0.044929032,18.604,33.8056,817.54,6457.314331,989.0805555,611.5189345,0.082946576,NORM
78.12242381,0.043333335,18.7086,33.5656,1082.44,4283.13765,540.1102482,319.3920232,0.184504541,NORM
68.47619324,0.061161292,18.7662,33.7552,1143.94,3943.386627,493.5752763,310.7479722,0.20341006,NORM
60.87719193,0.043419354,18.747,33.615,726.06,4013.301315,538.3952493,319.1261857,0.173983953,NORM
65.94047623,0.042774195,18.747,33.714,831.74,4136.72699,547.3096043,332.0456948,0.173540396,NORM
69.74047546,0.04316129,18.723,33.679,767.1,2826.968719,349.3540255,166.000183,0.291071285,NORM
65.28424957,0.044451613,18.723,33.6988,771.84,2744.866745,331.0370417,167.0729425,0.314758846,NORM
57.39473724,0.041496773,18.747,33.7074,442.24,17041.38597,1335.939718,579.3515015,0.119988895,NORM
60.22469597,0.043793548,18.771,33.67,445.4,17041.38597,1335.939718,579.3515015,0.119988895,NORM
63.34737523,0.043389248,18.8132,33.7534,1405.66,17981.47408,1597.57397,858.1502055,0.088534636,NORM
63.64578247,0.043311829,18.9942,33.0976,1300.02,4468.130707,578.6943911,347.9572928,0.167662982,NORM
69.58095093,0.078537636,18.985,33.0638,1894.48,5539.313217,823.7871762,550.3637834,0.102573632,NORM
66.28693657,0.073419354,18.961,33.273,886.94,3122.184433,367.6121683,174.3448142,0.290327825,NORM
64.38827858,0.042645163,19.008,33.047,1006.78,3316.072525,501.3046567,272.5678066,0.165817517,NORM
62.84102493,0.042645162,18.9988,32.9864,965.76,9104.848297,1037.240839,821.5556843,0.106346539,NORM
58.75033722,0.116344088,13.6132,48.4036,2078.96,3524.880325,585.8220414,356.8207337,0.129069261,NORM
54.30128174,0.046451612,13.642,48.0982,1191.22,5370.425385,704.8751874,497.3829182,0.135829501,NORM
62.04948196,0.066322583,13.6036,48.5078,965.74,5529.622391,712.127131,515.4107789,0.137021991,NORM
52.5,0.039935483,13.3818,49.1152,1708.42,5457.617554,701.2222249,477.7090253,0.139476685,NORM
60.35155258,0.042838709,13.5268,48.3742,2440.02,5943.269852,959.8439266,700.9478286,0.081065128,NORM
59.36527138,0.046365591,13.5892,48.413,4109.78,11950.82747,2132.357152,1188.896792,0.033028431,NORM
62.35897369,0.045290322,13.5268,48.1262,3200.02,4411.479263,571.1523032,380.210441,0.169937898,NORM
52.8125,0.109161288,13.1514,48.9854,571.58,8644.483566,1065.085671,800.2501603,0.095759051,NORM
61.88888906,0.042365592,13.1802,48.6868,677.2,6116.997421,852.9957189,654.2745384,0.105646341,NORM
62.49707642,0.075161288,13.132,48.7672,692.98,6154.90535,840.9968146,635.9802719,0.109355981,NORM
63.43931618,0.051806451,13.2378,48.7934,7230.22,5866.321075,806.8020082,616.9755003,0.113250923,NORM
68.10024529,0.056709677,13.2378,48.8862,1353.64,5816.072983,807.112368,601.1599442,0.112194536,NORM
60.59920489,0.043655913,13.0784,49.9674,3108.54,1578.3797,225.0002323,121.0043412,0.391791868,NORM
61.32118759,0.043548387,13.2762,49.6988,10517.72,9441.029831,1130.084937,883.9300169,0.092898149,NORM
65.55860596,0.041290321,13.3722,49.5948,1219.62,9030.152161,1049.361312,774.9771344,0.103051623,NORM
61.02564087,0.048193548,13.5508,48.3524,612.58,3778.494003,533.7465931,333.6442557,0.166670358,NORM
61.50427348,0.042838709,13.5508,48.3834,1169.18,3810.68277,534.371536,318.3132257,0.167697283,AROSAL
64.33516464,0.04167742,13.522,48.386,1173.92,3626.231064,454.3773666,268.2283782,0.220715055,NORM
64.41575317,0.041935485,13.473,48.7748,1003.6,2860.30867,333.3502504,169.7427286,0.323460456,NORM
64.39926643,0.051290322,13.5508,49.1254,2525.2,4868.130966,694.1605692,446.2188299,0.126955709,NORM
64.66788839,0.043397851,13.882,47.8564,4713.7,6685.361542,820.1311756,522.0195733,0.124901634,NORM
63.85367126,0.044129033,13.882,47.7572,4902.92,4315.973145,617.5874652,361.7228827,0.142197399,NORM
62.16666641,0.056580646,13.9588,47.5994,3384.48,3066.75621,362.5448425,175.8071794,0.29320114,NORM
60.53441315,0.041741936,14.098,47.3998,3879.58,4243.014267,752.9393365,535.9980925,0.094051209,AROSAL
57.83040949,0.042348386,14.1364,47.292,3914.28,6353.474014,1062.927138,800.2617878,0.070666589,AROSAL
55.21162338,0.045655914,16.4248,42.2378,16119.92,2741.352905,403.526802,223.8515479,0.211558286,AROSAL
58.5249649,0.055870966,16.7916,42.5346,15271.62,2819.8246,409.6901478,229.0161324,0.211115888,AROSAL
58.07894707,0.048709676,17.0964,41.1836,15478.16,2553.638855,381.6681385,208.2307887,0.220291393,AROSAL
60.70512848,0.051290321,17.4534,40.5372,16983.96,1937.812607,314.3084946,132.1576755,0.246495732,AROSAL
58.40080948,0.193290325,17.7624,39.0252,17808.62,2237.846664,435.0263192,266.1992782,0.148596686,NORM
63.40476252,0.051612903,18.2662,38.62,5818.98,5956.83931,1104.603472,605.8266397,0.06134977,NORM
59.25775948,0.060064514,18.2472,38.1708,5653.44,9493.668137,1410.784176,824.9203824,0.05994083,NORM
60.52564125,0.047096773,17.5532,40.7986,4410.96,6386.503189,1022.151726,608.1738042,0.076814333,NORM
60.56207924,0.045290322,17.0676,40.7,2189.34,8732.76442,1079.859067,809.5463884,0.094108196,AROSAL
57.15676956,0.044043012,17.344,40.7304,4133.46,20923.02463,2712.18261,2375.982044,0.035743451,AROSAL
64.56227188,0.043612905,17.4486,40.106,3613.12,6358.024536,868.7419697,664.6548999,0.105864526,AROSAL
56.68421135,0.04335484,17.1344,39.8726,2194.06,5809.44931,815.2368979,627.1935769,0.109844211,AROSAL
55.01973686,0.045419354,16.6962,40.8124,2179.88,5907.913498,812.1764977,621.5753519,0.112549393,AROSAL
56.13157921,0.045548387,17.0772,41.7316,2397.46,5908.763046,813.0329466,598.4705682,0.112328549,AROSAL
61.02563934,0.042761291,16.9582,41.948,1424.58,1390.505768,245.5096326,94.11177923,0.289898245,AROSAL
61.43589783,0.052774192,16.9104,42.5548,2310.72,1577.66626,285.2882052,158.8376592,0.243588829,AROSAL
65.25152588,0.053187095,16.682,41.2398,2599.28,10100.83,1123.630175,766.185769,0.100535661,AROSAL
61.62820549,0.046645161,16.8152,41.836,2028.52,4181.697586,553.7514448,350.6498291,0.171369189,AROSAL
61.68893394,0.070322576,16.5772,42.4908,5861.58,4953.854584,711.3460903,449.6181731,0.12302439,AROSAL
55.89473648,0.044064517,17.3056,40.4184,4420.42,4243.014267,752.9393365,535.9980925,0.094051209,AROSAL
60.57804718,0.053419354,17.3486,41.3528,10041.54,3047.412354,437.2078671,231.8402919,0.200338839,NORM
56.51184204,0.049462363,18.1142,39.56,10049.42,2707.192215,398.3641821,206.0868118,0.214372163,NORM
61.23076935,0.05380645,19.0272,38.0828,11720.82,2010.048798,428.3209465,254.0358956,0.137682213,NORM
59.90733236,0.049462364,19.532,36.4394,1937.04,3734.288544,497.9242375,315.4784428,0.189274105,NORM
60.3933876,0.050064514,19.603,36.4726,1749.42,3720.065247,359.4844252,213.6082646,0.361743106,NORM
54.89473686,0.051483871,17.9908,40.4162,2097.88,4032.006821,365.4894786,190.9113629,0.379298708,NORM
58.20445404,0.046387095,18.043,40.4798,2914.62,5393.97348,699.9668257,494.8959091,0.138345092,NORM
64.35691452,0.049999998,17.9052,39.7116,4833.54,8429.013962,1185.735105,767.217699,0.075337513,NORM
54.4375,0.044903226,17.891,40.6302,2917.78,8732.76442,1079.859067,809.5463884,0.094108196,NORM
61.3504275,0.047053761,18.0858,39.4278,4124.0,8336.062607,1701.269152,1191.834941,0.036193016,NORM
56.41447334,0.044963441,17.8098,40.12,1722.62,5862.918167,818.2130973,633.5319899,0.110050202,NORM
57.78947372,0.045548387,17.7672,40.6426,1703.68,5862.918167,818.2130973,633.5319899,0.110050202,NORM
60.23931503,0.064335485,17.6958,40.5638,1448.24,5866.321075,806.8020082,616.9755003,0.113250923,NORM
58.58636932,0.046129031,17.5484,40.689,2864.18,16088.91257,1770.155523,997.9111217,0.064522874,NORM
65.10863914,0.047483872,17.7242,40.4836,946.84,1532.360977,256.7783871,86.52018913,0.292047851,NORM
57.09649137,0.052236558,17.7384,40.3566,961.04,1407.377563,243.6515641,89.54612642,0.297907941,AROSAL
59.52451655,0.046193548,17.1914,43.1094,1905.5,1470.820267,246.2970734,127.1996793,0.304684925,NORM
61.2159256,0.06931613,17.034,42.6392,1456.16,1301.40239,208.8683169,112.883717,0.374866239,AROSAL
58.99864998,0.044129033,17.2442,42.076,5375.9,4073.579498,960.5526546,716.66562,0.055480927,NORM
56.77707443,0.047419354,17.5244,41.5518,9015.1,2796.82193,712.1695443,371.8552966,0.069295955,NORM
57.98245595,0.044120431,17.6626,41.1186,2260.26,10149.35245,1214.757474,858.4839692,0.086430901,NORM
60.63630257,0.047225804,17.7008,41.0396,3329.3,9071.434982,1052.959372,791.9558278,0.102816455,NORM
59.4619887,0.047548385,17.8006,40.3248,1921.28,4039.99939,629.744786,372.9809389,0.128015337,NORM
55.92105331,0.108129033,17.6006,40.232,1851.88,3898.289291,491.0186741,310.2103209,0.203183254,AROSAL
57.76315689,0.094322577,17.0392,41.3436,1814.04,4039.99939,629.744786,372.9809389,0.128015337,AROSAL
61.04318466,0.046193548,16.8442,43.4502,2159.38,3850.819031,488.9431769,311.3516696,0.202416632,NORM
64.2527476,0.046580644,17.225,42.3488,5853.68,14826.49474,1695.690096,712.6120663,0.064797072,NORM
55.22177277,0.044215054,17.415,41.2766,2164.08,3183.782333,352.8692675,176.3944033,0.321310976,AROSAL
61.95175476,0.044344087,17.4054,41.2756,2867.34,19500.59773,1608.75544,865.5919675,0.094684247,AROSAL
56.99999924,0.045935483,17.4582,41.2498,2689.18,17981.47408,1597.57397,858.1502055,0.088534636,AROSAL
61.05060806,0.044903226,17.7958,40.6776,3731.38,11641.59657,1541.89134,961.3621988,0.061533961,AROSAL
59.3927124,0.04548387,18.3142,40.4388,3835.46,15351.65564,1528.336956,858.3512376,0.082589884,AROSAL
63.64346873,0.047913976,18.5186,39.8616,3775.52,15256.42426,1527.236263,872.8004876,0.082195902,AROSAL
64.8305851,0.048774193,18.5708,39.5378,6064.98,4433.436691,581.4339397,383.7492894,0.16479712,AROSAL
72.77760773,0.044412904,18.6232,39.4788,5025.9,5074.70137,701.073936,438.5726257,0.129745622,AROSAL
66.53663254,0.052064516,18.7134,39.3012,7104.08,6762.574554,832.5908301,522.0576528,0.122591027,NORM
59.36654167,0.047303224,19.7316,37.563,5000.66,6353.474014,1062.927138,800.2617878,0.070666589,AROSAL
57.28890953,0.060150536,19.9504,37.1348,6367.7,16247.91142,1998.296898,1179.968997,0.051131364,NORM
55.78947353,0.048172042,24.2862,32.0824,1929.14,3003.228561,432.1739949,231.0828473,0.202060298,AROSAL
60.31848869,0.047741933,22.7952,34.1236,1973.3,2522.818008,545.1415469,360.1489186,0.106678579,AROSAL
58.97368317,0.049858064,22.6618,34.1576,2257.1,3248.054214,601.6277208,343.3265785,0.112765813,AROSAL
60.80769119,0.061677419,22.5322,35.2126,9322.56,3294.541183,376.3198655,217.2374072,0.29234153,AROSAL
58.87179451,0.089354836,22.561,35.308,10270.18,3373.962418,380.0720645,226.1179482,0.293506825,AROSAL
56.65851364,0.053913977,23.713,34.7212,8661.88,4333.322952,373.6676626,183.4871828,0.389995765,AROSAL
59.2348175,0.050408601,24.156,31.6686,1180.18,10653.80118,1686.091908,976.0412903,0.047092524,AROSAL
59.41497841,0.045870968,23.6554,32.3414,2175.12,5603.813736,757.4586566,526.3962681,0.122737052,NORM
64.21891365,0.04748387,22.705,35.7052,1976.44,8948.942047,1057.987607,635.8643254,0.100466298,AROSAL
58.10503807,0.046443009,22.7576,35.3134,2353.3,8780.663574,1053.738199,824.8364676,0.099373767,AROSAL
66.64342194,0.047806449,22.8768,35.1066,4346.32,8597.709091,1061.741792,799.2538515,0.095841761,AROSAL
56.52631645,0.046903226,22.6426,35.9172,3671.46,8650.410263,1059.449695,800.9415447,0.096846937,AROSAL
58.85065257,0.043604302,22.9728,34.9166,2060.04,5862.918167,818.2130973,633.5319899,0.110050202,AROSAL
61.22267189,0.046387095,22.7668,34.7912,2183.0,5907.913498,812.1764977,621.5753519,0.112549393,AROSAL
60.844804,0.07348387,22.8384,35.4072,2140.46,1360.763977,247.8417334,96.7285599,0.278383693,AROSAL
60.50769333,0.048387098,22.4698,36.4018,3668.32,1489.898544,249.5795553,128.1958466,0.300572018,AROSAL
60.09581757,0.044645162,22.441,35.3688,7657.5,4073.579498,960.5526546,716.66562,0.055480927,AROSAL
61.67098602,0.044851613,22.393,35.3182,7709.54,4073.579498,960.5526546,716.66562,0.055480927,AROSAL
59.63040914,0.044223657,22.393,35.2718,7561.3,4073.579498,960.5526546,716.66562,0.055480927,AROSAL
63.5338829,0.045354838,22.657,35.3436,8537.32,9129.733887,1051.074084,832.7687846,0.103848763,AROSAL
64.19871855,0.048516128,22.5898,35.0724,6632.6,9113.978561,1037.884575,833.2960575,0.106321171,AROSAL
58.94736938,0.046709676,23.0736,34.6344,7961.82,9432.126877,1044.663553,702.7801449,0.108609199,AROSAL
63.98534889,0.047612903,23.4048,33.9474,8977.24,9538.586426,1050.642752,698.4344003,0.108588478,AROSAL
64.97527466,0.084258066,23.8378,32.6988,8860.56,10598.03326,1230.738767,808.4845751,0.087923179,AROSAL
62.76923141,0.047290322,23.6554,33.1036,2178.3,4362.693497,548.2920135,320.3156759,0.182364679,AROSAL
60.47143606,0.045677419,23.1888,33.9672,2514.14,3898.289291,491.0186741,310.2103209,0.203183254,AROSAL
62.61025742,0.043935485,23.3424,33.9084,3032.9,3985.707047,538.6806117,335.3146808,0.172604673,AROSAL
62.15262451,0.045827957,22.8288,34.2462,2807.4,3626.231064,454.3773666,268.2283782,0.220715055,AROSAL
62.28205147,0.057032259,23.0784,33.6314,4981.74,19500.59773,1608.75544,865.5919675,0.094684247,AROSAL
66.62911987,0.048129034,22.9728,33.8208,6304.64,21181.68806,2367.663881,1207.47645,0.047482145,AROSAL
59.87786713,0.044645162,23.5738,33.1028,5691.3,4433.436691,581.4339397,383.7492894,0.16479712,AROSAL
58.5484553,0.046021506,23.7562,32.9192,5945.14,4433.436691,581.4339397,383.7492894,0.16479712,AROSAL
65.13278351,0.047161288,23.6938,33.1072,8065.86,3771.790573,504.2878417,269.9513896,0.186380486,AROSAL
66.16850052,0.104129029,24.2334,31.9972,10462.52,4073.579498,960.5526546,716.66562,0.055480927,AROSAL
53.5081459,0.048774192,20.8142,23.6292,5331.02,3357.720444,472.1600507,259.2200387,0.189267446,AROSAL
60.19793243,0.064774195,26.0656,28.9566,1449.86,2967.921295,427.9753244,232.8389317,0.20362204,NORM
52.5,0.052999997,25.6178,29.3414,1709.96,2672.965866,393.3427641,221.0833502,0.217100561,AROSAL
58.35222626,0.049354837,25.506,29.6508,1716.3,2644.737762,391.6634903,176.4151598,0.216653795,NORM
61.52207642,0.074774192,24.127,31.733,10594.98,3361.053635,390.9698179,222.1997608,0.276311425,NORM
58.50196063,0.059333331,24.0596,31.7002,7966.56,3373.962418,380.0720645,226.1179482,0.293506825,NORM
57.94061966,0.050129032,25.108,30.2948,1574.38,5095.67981,683.3711051,481.7823882,0.137119358,NORM
59.68691076,0.069075266,24.9632,30.8158,3416.04,5391.870239,733.6308862,486.236393,0.125890826,NORM
63.42673836,0.08980645,24.3392,30.7966,5437.42,5897.136444,866.8770679,628.1504841,0.098613418,NORM
57.36842003,0.054903226,24.4216,31.3084,1979.62,4363.658691,566.6393962,367.2182873,0.170783971,AROSAL
55.21381569,0.052387097,24.1174,31.987,3154.3,4171.05896,805.5069199,336.9796061,0.080782566,NORM
58.22537079,0.095070967,24.2382,32.2726,1766.76,8451.465057,1047.633064,783.3725716,0.096766152,NORM
65.61355209,0.059548385,24.3438,32.0672,2976.12,8658.8461,1054.825979,788.4907338,0.097793108,AROSAL
59.57624817,0.081419351,24.939,30.9352,2386.4,9388.188248,1957.138648,1078.628029,0.03079984,NORM
60.24831276,0.0576129,24.6726,31.2626,4283.24,19865.82089,2712.86113,1649.916699,0.033920423,NORM
57.23144455,0.046693548,24.8518,31.0218,2526.74,6077.39389,834.5599789,626.7353843,0.109650885,NORM
58.20715179,0.064903224,24.871,31.3604,2564.58,5963.842911,827.8968773,657.7545296,0.109341133,NORM
60.58839378,0.052580645,24.8566,31.4736,3242.58,5862.918167,818.2130973,633.5319899,0.110050202,NORM
55.70175425,0.04752688,24.4454,32.264,3307.24,1873.197845,443.0643946,156.0443855,0.119911217,AROSAL
57.10526352,0.047483871,24.3442,33.0252,3354.52,1654.911255,438.8496859,156.8501489,0.107982404,AROSAL
61.32051277,0.065419354,24.658,32.5176,3773.96,1323.738617,417.7672561,186.5161052,0.095311062,AROSAL
58.96558685,0.047032257,25.113,30.8286,3701.42,1402.522552,238.8209825,119.2723468,0.309011581,AROSAL
60.92063433,0.088172039,25.0208,30.969,5442.18,1327.761505,208.895056,113.3295656,0.382361022,AROSAL
67.34022522,0.06045161,24.7162,30.9366,8262.96,9104.848297,1037.240839,821.5556843,0.106346539,AROSAL
66.8791214,0.050516128,25.4914,30.6306,6604.22,9522.91716,1048.199109,686.2211806,0.108916154,AROSAL
64.15750961,0.099741933,26.241,29.5276,11020.72,10100.83,1123.630175,766.185769,0.100535661,AROSAL
60.92307625,0.123161291,26.4314,29.1556,11075.9,10100.83,1123.630175,766.185769,0.100535661,AROSAL
60.34233017,0.064086021,26.8766,27.8348,11017.56,10598.03326,1230.738767,808.4845751,0.087923179,AROSAL
62.66666641,0.050903225,26.8618,27.922,3734.52,6065.383636,973.3958526,607.447827,0.080443166,AROSAL
62.47008438,0.10507527,26.0216,28.783,4407.82,4039.99939,629.744786,372.9809389,0.128015337,AROSAL
63.38461634,0.053634407,26.1338,29.0574,3400.26,13072.61548,1645.539381,664.9368425,0.060667457,AROSAL
59.95614052,0.049599998,25.0064,30.8734,2148.34,4718.566208,568.6947863,297.8493775,0.183341772,AROSAL
65.92857285,0.105032258,25.1568,30.4136,4163.4,24853.95938,2326.113195,900.5801814,0.057722317,AROSAL
63.102565,0.053999999,25.186,30.3148,7684.32,16625.87091,1552.485608,915.0496458,0.086684032,AROSAL
63.93955841,0.074580646,25.1374,30.176,7214.42,15351.65564,1528.336956,858.3512376,0.082589884,AROSAL
66.23809204,0.053419354,25.38,30.0264,7193.94,5620.563187,809.7332742,539.0773591,0.107722327,AROSAL
67.28651047,0.071999999,25.5496,29.736,7518.74,7076.028961,863.7342042,524.686098,0.119189838,AROSAL
63.0351017,0.057161288,25.9582,29.0906,6929.04,3348.010345,634.6027112,401.9158356,0.104470292,AROSAL
63.878545,0.05877419,25.9828,29.0314,8857.4,7571.846725,1102.900652,783.3195527,0.078223797,AROSAL
65.11877085,0.051440858,25.9386,29.1094,7744.22,12691.43449,1883.837832,1462.866856,0.04494005,AROSAL
58.66486664,0.073419354,16.7774,32.1402,14185.26,2707.192215,398.3641821,206.0868118,0.214372163,NORM
55.2227562,0.095161291,17.4436,31.7912,13780.02,2642.637512,390.5669659,226.4940211,0.217699005,NORM
63.04395676,0.10322581,18.3758,30.2248,17203.12,2847.350021,655.170278,326.5109751,0.083357052,NORM
62.55433553,0.129591397,18.7422,28.9508,16689.12,2118.109177,429.1978464,254.7048409,0.144491779,NORM
64.99943237,0.07660215,19.1176,28.6542,13661.78,4178.136459,738.707587,423.8000524,0.096216015,NORM
58.47368469,0.048709675,19.4744,28.3016,2821.6,4333.322952,373.6676626,183.4871828,0.389995765,NORM
59.9952774,0.047677421,19.0704,28.2962,3229.98,5449.970352,702.2449313,496.5640254,0.138875865,NORM
60.94826914,0.058735482,17.553,32.2886,3149.56,5546.331711,741.4980706,475.6844761,0.126763918,NORM
61.15384636,0.054322578,17.8382,31.3774,6419.74,11160.97964,1877.578301,1055.607062,0.039784698,NORM
58.25910912,0.047741935,18.1002,29.8698,5219.84,5225.683319,665.4206039,497.8010168,0.148306595,NORM
64.39666481,0.054645162,18.1664,29.0374,3209.5,7925.186264,1054.988342,637.5719884,0.089479597,NORM
61.66666565,0.059741935,18.1568,30.697,5300.26,8248.863266,1026.229527,792.8596631,0.09842716,NORM
59.83805542,0.068086021,18.2192,30.1854,5678.68,11271.11342,1993.301007,1211.413825,0.035647651,NORM
59.75168686,0.061419357,18.2566,30.2348,6424.48,20923.02463,2712.18261,2375.982044,0.035743451,NORM
63.01282272,0.110838709,18.252,30.0616,4904.48,14124.56232,2703.568651,1700.048041,0.024283432,NORM
60.58974304,0.063827959,16.8726,32.0762,2279.18,5850.728317,809.6131034,616.8713002,0.112166906,NORM
61.01025635,0.051741936,17.5388,30.8158,1873.98,1417.263382,244.6246071,89.96570957,0.297618654,NORM
63.19230881,0.118193546,16.9294,32.088,2837.38,1599.528732,281.0186143,150.7790373,0.254525755,NORM
62.55555649,0.079311826,16.8296,32.1054,2238.18,1328.334885,226.9343383,119.1453725,0.324128345,NORM
61.9273496,0.057225808,16.844,32.0544,2137.28,1300.803024,224.1092199,116.9474031,0.325463248,NORM
57.3421051,0.103225805,17.0438,31.565,6681.48,8055.48732,1780.554756,1079.182648,0.031929419,NORM
60.292173,0.074774192,17.1486,30.8816,6913.26,2113.712585,287.1117067,144.5507027,0.322221115,NORM
64.54578934,0.39787096,16.158,32.4258,16936.68,9209.96814,1115.047044,899.0563862,0.093085409,NORM
63.34188042,0.05868817,16.6726,32.2688,4147.62,9140.071152,1038.561377,827.5771493,0.106486636,NORM
60.9187397,0.098258066,17.1346,30.8542,2786.9,9537.968124,1047.806681,687.5577292,0.109170024,NORM
55.62171135,0.060516128,16.544,30.895,2238.2,4013.301315,538.3952493,319.1261857,0.173983953,NORM
56.71030019,0.058451611,16.201,32.364,7383.1,3348.010345,634.6027112,401.9158356,0.104470292,NORM
59.76248398,0.070258065,16.201,32.364,7383.1,3348.010345,634.6027112,401.9158356,0.104470292,NORM
59.60526276,0.088516125,16.201,32.364,7383.1,3348.010345,634.6027112,401.9158356,0.104470292,AROSAL
63.74358864,0.098903224,16.201,32.364,7383.1,9459.28595,1045.317611,697.0621074,0.108785668,NORM
54.30921059,0.058258064,22.7002,22.346,1672.14,2642.637512,390.5669659,226.4940211,0.217699005,AROSAL
60.37966715,0.057591396,22.178,22.319,2142.0,2571.111496,405.5176619,205.3414032,0.196476777,AROSAL
58.93814685,0.091139784,20.4312,24.3966,1929.16,3386.889023,555.3306076,314.9627067,0.138009064,AROSAL
60.2836249,0.101290323,20.8508,24.521,10684.84,8513.122787,1401.788024,800.3521868,0.054442,AROSAL
52.75,0.066580647,21.318,24.3094,8718.64,4333.322952,373.6676626,183.4871828,0.389995765,AROSAL
61.96214968,0.050107525,21.1174,23.7306,1897.62,3379.778198,362.8887869,196.6962656,0.322515778,NORM
60.83333168,0.094,18.3904,27.8744,2615.06,10189.48512,1768.852785,1010.174818,0.040924061,NORM
59.84385986,0.078064515,18.6564,27.2928,3157.46,8204.975235,1112.325656,717.1325947,0.083334192,AROSAL
61.66936569,0.059548387,18.8656,26.2754,3575.26,8522.591888,1023.716115,766.8836055,0.102193312,AROSAL
61.23076935,0.079419353,18.6136,26.3372,4945.5,8427.496796,1026.131925,792.5241002,0.100577784,NORM
62.51098938,0.063741935,18.747,26.6228,6128.04,8580.889771,1029.522064,805.1030405,0.101735113,NORM
59.11808319,0.065935484,18.737,26.8028,3923.76,21484.71613,2715.384874,1969.477034,0.036616489,NORM
60.38731461,0.066903224,18.6088,28.8734,3168.48,21484.71613,2715.384874,1969.477034,0.036616489,NORM
60.36842041,0.135612904,19.1366,26.9816,2124.66,5895.887115,825.039217,654.8882832,0.10884534,AROSAL
53.70833333,0.074838711,19.0084,28.0372,2580.36,1360.763977,247.8417334,96.7285599,0.278383693,AROSAL
62.21520042,0.048709676,19.0608,27.264,4551.28,1600.415421,282.80332,153.8780168,0.251462706,NORM
60.46018778,0.056602151,18.6564,26.9244,1691.08,1316.127014,213.645532,114.3597104,0.362343135,NORM
62.05128098,0.077032261,19.0272,26.8988,8587.78,9062.688828,1034.737068,821.806974,0.106367002,NORM
66.3709259,0.06868817,19.0464,26.8468,10221.3,9441.705139,1046.023229,686.5131999,0.108437036,NORM
63.73901138,0.20090323,19.7604,25.8372,9384.06,9071.434982,1052.959372,791.9558278,0.102816455,AROSAL
63.48168411,0.092645159,19.3128,26.4772,1680.04,4234.364548,533.4354455,333.9301931,0.186996883,NORM
63.73076859,0.051935482,19.1986,26.8582,2187.76,4212.828201,586.0932349,375.6802367,0.154116876,NORM
56.12280693,0.065741936,18.8798,27.5582,2019.04,3778.494003,533.7465931,333.6442557,0.166670358,AROSAL
58.69548759,0.082645161,18.6894,27.5902,2911.48,17981.47408,1597.57397,858.1502055,0.088534636,AROSAL
64.7930397,0.110451611,19.8928,26.4738,6859.68,3204.229996,371.2861669,177.3794121,0.292089542,NORM
