@relation esum_filtered_keel_nom
@attribute Sound real [46.22267342, 79.2527832]
@attribute Dust real [0.02916129, 0.39787096]
@attribute TempEN real [10.521, 26.891]
@attribute RH real [17.24, 60.8856]
@attribute Light real [287.76, 32280.1]
@attribute Area real [1274.667603, 36208.28889]
@attribute Perimeter real [205.8863296, 2834.509892]
@attribute Occlusivity real [84.20423509, 2375.982044]
@attribute Compactness real [0.022584873, 0.402656985]
@attribute EDA_label {AROSAL, NORM}
@data
46.78002625,0.147096771,16.4108,24.187,1625.64,3357.720444,472.1600507,259.2200387,0.189267446,AROSAL
55.67004013,0.060967738,19.8602,31.5212,1560.22,2741.352905,403.526802,223.8515479,0.211558286,AROSAL
57.97368507,0.069483869,19.0748,32.8018,2764.84,2489.698975,376.5672187,184.8728479,0.220633616,NORM
56.73684158,0.043354839,18.1952,34.3846,4054.6,3248.054214,601.6277208,343.3265785,0.112765813,NORM
57.13157921,0.041096775,17.001,37.0376,3244.18,9493.668137,1410.784176,824.9203824,0.05994083,NORM
62.51709506,0.083354841,14.3232,45.3298,1933.88,13236.00783,1693.257577,1019.931389,0.058012399,NORM
58.61133753,0.042752688,14.6154,42.1,3978.9,5546.331711,741.4980706,475.6844761,0.126763918,NORM
64.86666748,0.076129034,14.6394,41.5574,3868.58,9850.502518,1617.723968,1013.848229,0.047299812,NORM
57.52631556,0.038365591,14.481,41.9516,2149.9,5156.367706,663.4001636,497.9882211,0.14723213,NORM
59.58771807,0.18531183,14.4426,41.795,2181.44,7329.381851,1265.027402,791.722092,0.057554243,NORM
57.63990097,0.052292472,13.9684,43.6982,1743.08,8347.484436,1984.021863,941.9671972,0.026648488,NORM
60.97435888,0.042666666,13.4922,44.8272,2227.16,6358.024536,868.7419697,664.6548999,0.105864526,NORM
61.85897331,0.075354836,13.3002,45.0852,1662.68,5895.887115,825.039217,654.8882832,0.10884534,NORM
62.85897484,0.052193548,12.7942,46.2506,2209.82,1654.911255,438.8496859,156.8501489,0.107982404,NORM
60.94298401,0.066322583,12.7078,46.3516,2269.74,1654.911255,438.8496859,156.8501489,0.107982404,NORM
57.31579068,0.044946238,12.7462,46.754,2290.22,1303.268921,323.5616994,181.7048146,0.156433473,NORM
56.55263214,0.068967742,12.7606,46.265,1574.4,1600.415421,282.80332,153.8780168,0.251462706,NORM
58.6572197,0.064967739,12.727,46.3982,2813.72,1292.667847,210.7859395,112.1565844,0.365606186,NORM
60.67235362,0.043612904,12.8374,46.0386,3502.74,8055.48732,1780.554756,1079.182648,0.031929419,NORM
61.2624855,0.059483872,12.896,46.1454,3103.82,8055.48732,1780.554756,1079.182648,0.031929419,NORM
62.96153717,0.066967742,13.1072,45.7544,2753.8,9499.346558,1052.575491,698.4072298,0.107744991,AROSAL
64.0842509,0.038064516,13.161,45.6424,3062.84,9960.058334,1082.169418,753.3324504,0.106876256,NORM
60.5533062,0.055419356,13.0738,45.7068,2925.68,10513.3221,1250.372827,796.7876849,0.084502738,NORM
60.57692413,0.041225806,12.9488,46.345,2708.08,11673.16156,1467.096304,995.0679781,0.068152394,NORM
62.16734161,0.060946236,12.823,46.3416,2506.24,3779.544128,521.2674714,326.6599561,0.174794609,NORM
66.59524002,0.046774194,12.654,46.3634,842.76,2785.483246,339.8963771,164.0989263,0.30298236,NORM
61.87764384,0.083225803,12.654,47.4556,1348.9,3586.619598,486.0073367,258.6584102,0.19081369,NORM
60.16621666,0.082150536,12.6636,47.3204,1241.68,3422.306076,509.4550271,305.4930573,0.165697902,NORM
59.21997261,0.040903224,12.683,46.8454,672.48,2878.509628,347.7689547,156.1588671,0.299085894,NORM
61.31623993,0.054666664,12.678,47.192,924.78,9078.460266,1034.706327,822.6372752,0.10655844,NORM
48.32860947,0.033225806,15.8204,23.2496,430.48,3357.720444,472.1600507,259.2200387,0.189267446,AROSAL
64.27777786,0.05391398,19.7078,29.1498,560.54,3213.005905,457.0934083,233.3532041,0.193246426,AROSAL
62.0384613,0.053290321,19.579,29.3332,558.96,3037.521652,434.7511214,220.2220114,0.201951845,AROSAL
62.26495743,0.035741936,18.0146,31.5054,885.36,3732.779922,457.7464198,291.2689016,0.223868164,AROSAL
60.66666603,0.075161289,17.377,33.2718,686.66,8513.122787,1401.788024,800.3521868,0.054442,AROSAL
60.57040024,0.075892473,17.296,32.989,592.04,3420.606201,356.6982802,207.8043069,0.337839878,AROSAL
52.1875,0.040129031,17.0062,33.6896,503.78,3846.023849,356.6492221,178.9691705,0.379961221,AROSAL
59.93522224,0.077419355,16.177,35.6448,377.66,3904.903625,367.0661916,191.2928652,0.364192847,AROSAL
61.01282082,0.047741936,15.6426,37.1454,812.82,4478.507721,590.6068253,394.3423801,0.161341566,AROSAL
60.20152969,0.049118279,15.5714,37.3512,729.24,4626.232635,593.2012466,392.9923476,0.165208817,AROSAL
60.51282082,0.046451612,15.3852,37.3768,483.28,6519.618759,1069.399205,833.786453,0.071639468,AROSAL
60.14507408,0.046537635,15.1558,38.119,357.14,7993.362518,1109.534424,680.5659086,0.081593923,AROSAL
60.1201088,0.066322579,15.103,37.5668,379.2,8370.078094,1048.888554,808.3228238,0.095605017,AROSAL
61.02564087,0.048580645,15.0886,37.5332,581.04,8780.663574,1053.738199,824.8364676,0.099373767,AROSAL
61.16666794,0.08283871,15.055,37.6072,667.74,8597.709091,1061.741792,799.2538515,0.095841761,AROSAL
60.97773247,0.048645162,14.577,38.5716,543.18,19865.82089,2712.86113,1649.916699,0.033920423,NORM
61.09401627,0.060860215,14.1028,40.302,454.9,5693.266052,804.3006986,597.7632368,0.110594735,AROSAL
60.62033386,0.051096773,13.8772,40.7222,592.08,1517.006393,502.3466525,221.7025475,0.075542308,AROSAL
53.86538467,0.050709677,13.786,41.8658,568.44,1303.268921,323.5616994,181.7048146,0.156433473,AROSAL
62.05128326,0.08051613,13.5748,41.6706,538.46,1426.250824,241.3132418,127.4680466,0.307782175,AROSAL
62.12820409,0.09352688,13.507,41.7072,573.14,1327.761505,208.895056,113.3295656,0.382361022,AROSAL
63.47863185,0.049806451,13.425,42.317,503.76,9314.605286,1291.43646,963.9570272,0.070182403,NORM
63.19780159,0.041483871,12.944,43.733,707.16,4136.27388,549.0942909,342.4609036,0.17239525,AROSAL
62.20512848,0.049032258,12.9008,43.778,612.56,5277.847641,1476.467651,467.6650709,0.030424177,AROSAL
63.87087784,0.094709675,12.871,43.6554,626.76,15256.42426,1527.236263,872.8004876,0.082195902,AROSAL
60.35332001,0.042064516,12.799,44.1858,686.66,2945.576035,357.800172,176.4977813,0.289133898,AROSAL
65.16849747,0.044967742,12.847,44.4544,456.48,3358.136063,401.1140423,203.6148107,0.262284376,AROSAL
63.85897522,0.073677421,12.8662,43.987,625.18,2718.964615,351.8486136,167.6292627,0.275995329,AROSAL
62.39316152,0.04064516,15.6952,41.1416,2741.18,2777.109253,406.9191399,217.3479957,0.210759225,AROSAL
62.93406601,0.039612904,15.0698,42.2282,2941.42,4766.62056,767.7915221,466.7505966,0.101609385,NORM
62.74358826,0.038116128,14.1172,45.4048,3017.12,3326.652115,380.8161333,228.2812983,0.288261454,NORM
62.21794828,0.045075268,14.0116,44.9594,3001.34,3494.806427,359.7154939,209.7493542,0.339402237,NORM
53.875,0.03483871,13.5168,46.485,3512.22,3379.778198,362.8887869,196.6962656,0.322515778,NORM
58.83130989,0.03967742,13.329,47.369,2424.28,3742.970459,531.1056424,363.6714734,0.166749459,NORM
59.27530416,0.036301075,13.3146,47.2928,2312.3,6402.897354,1123.753358,445.9092707,0.063715398,NORM
54.4375,0.037935483,12.7076,49.29,2551.96,13236.00783,1693.257577,1019.931389,0.058012399,NORM
53.4375,0.033870969,12.6156,49.6286,2383.28,12775.35063,1692.20196,998.6417822,0.056063255,NORM
52.25,0.035612903,12.6156,49.7326,2974.56,13236.00783,1693.257577,1019.931389,0.058012399,NORM
56.90350965,0.032795699,12.5484,49.1456,3953.7,4570.87384,586.6267002,397.5174607,0.166911187,NORM
57.81511459,0.035070966,12.461,50.0928,4518.18,4766.938843,611.3878434,406.2741036,0.160256571,NORM
61.3200634,0.100731183,12.316,50.459,2542.52,7925.186264,1054.988342,637.5719884,0.089479597,NORM
53.4375,0.033096775,12.2334,50.8148,2895.7,8755.084915,1074.49868,821.3389178,0.095292441,NORM
54.60526314,0.053870969,12.132,50.8192,4213.86,8732.76442,1079.859067,809.5463884,0.094108196,NORM
63.69230881,0.036290322,11.8416,52.0588,2878.34,16138.15868,2701.116972,1697.508298,0.027795665,NORM
61.6512822,0.042580646,11.5938,53.4608,2654.46,5850.728317,809.6131034,616.8713002,0.112166906,NORM
59.99702972,0.040980646,11.487,53.5298,3647.82,1606.756348,264.5109566,85.7269724,0.288584204,NORM
54.62171021,0.041677418,11.3748,53.1266,3920.6,1274.667603,341.5337946,186.6845355,0.137321787,NORM
55.98026276,0.036387096,11.3604,53.0638,3603.7,1274.667603,341.5337946,186.6845355,0.137321787,NORM
59.661719,0.05124731,11.321,53.07,3917.44,1499.6884,318.8043941,181.814446,0.185422443,NORM
59.90283394,0.056387095,11.253,53.1876,2574.08,1609.71965,271.4987768,148.4980307,0.274425431,NORM
56.44736824,0.031690321,10.751,55.9094,3393.96,3778.494003,533.7465931,333.6442557,0.166670358,AROSAL
57.01754303,0.030661289,10.7312,56.0312,3633.64,3778.494003,533.7465931,333.6442557,0.166670358,AROSAL
59.40890579,0.039612904,10.6678,56.6722,1908.66,17041.38597,1335.939718,579.3515015,0.119988895,AROSAL
62.38461456,0.037729031,10.736,56.588,2395.88,4464.094498,574.8837786,358.4909925,0.169739584,AROSAL
65.19230804,0.032387097,10.663,57.029,1886.58,3275.066315,383.2415694,185.038954,0.280210718,AROSAL
60.99145317,0.048623655,10.6332,57.1022,2269.74,3168.904755,386.7807528,202.1950329,0.266188532,AROSAL
61.83333321,0.03348387,10.5894,56.702,4146.06,14436.0423,1985.01785,1182.869263,0.046039349,NORM
60.84615479,0.033612904,10.58,56.7958,2080.54,17060.54555,2011.639029,1423.737678,0.052978868,AROSAL
67.86935349,0.049612903,10.541,57.0756,2099.44,9046.970291,1036.534896,834.4636075,0.105814497,NORM
62.82051224,0.044,15.4662,42.3056,3422.34,2553.638855,381.6681385,208.2307887,0.220291393,AROSAL
63.51587385,0.039612902,15.017,44.8686,4040.42,4540.392166,770.4824895,384.0148028,0.096112015,AROSAL
59.73625793,0.047096773,15.2608,44.1926,4218.6,2847.350021,655.170278,326.5109751,0.083357052,NORM
65.86117897,0.048064516,15.1558,44.1358,4341.56,2847.350021,655.170278,326.5109751,0.083357052,NORM
60.19792989,0.036,14.481,44.7782,4538.7,3865.437485,496.1589054,281.389685,0.197318105,AROSAL
59.05600433,0.034774194,14.0692,45.1168,3945.84,3904.903625,367.0661916,191.2928652,0.364192847,NORM
57.11403605,0.039376344,13.8244,46.4616,4205.98,4042.222351,363.5939909,185.7937327,0.384234776,NORM
63.03846207,0.035690322,13.8388,46.37,5866.3,4167.804398,366.6201972,186.2995078,0.389658738,NORM
56.83333359,0.03767742,13.7764,47.5136,3537.44,4600.112015,392.3431801,177.7853186,0.375531226,NORM
54.92363892,0.033901076,13.7092,47.0698,3119.6,3391.124741,429.2304026,255.5893533,0.231298426,NORM
52.50568182,0.035612904,13.6324,46.7176,3099.12,12775.35063,1692.20196,998.6417822,0.056063255,NORM
57.70917587,0.035806452,13.2858,46.9286,3621.02,12775.35063,1692.20196,998.6417822,0.056063255,NORM
56.94307912,0.034752688,13.1562,46.9806,5771.72,12775.35063,1692.20196,998.6417822,0.056063255,NORM
60.05769119,0.034064516,13.016,47.1862,6891.2,5408.877014,811.9864546,597.4190417,0.103090679,NORM
62.76922989,0.049032256,18.3662,34.0862,1773.04,3357.720444,472.1600507,259.2200387,0.189267446,NORM
61.45748978,0.041870967,18.1808,34.134,1642.2,3357.720444,472.1600507,259.2200387,0.189267446,NORM
60.61538391,0.057935483,16.501,37.343,3051.84,2600.044525,386.0026595,187.8193455,0.219285571,NORM
57.39473801,0.047935484,15.0406,40.444,3031.32,3328.953125,379.5090804,217.4716718,0.290451217,NORM
55.55263252,0.045419354,14.9504,41.3318,3067.56,3846.023849,356.6492221,178.9691705,0.379961221,NORM
53.45833333,0.041827957,14.8976,41.0586,3482.26,3510.135376,464.7756353,300.5300898,0.204195903,AROSAL
59.25438614,0.070774191,14.553,42.2324,2000.12,9013.399063,1675.893605,845.2877782,0.040327897,NORM
58.45343984,0.063225805,13.9876,43.6628,5148.88,12775.35063,1692.20196,998.6417822,0.056063255,NORM
61.39316228,0.047526882,13.834,44.2098,4492.96,4682.319504,608.13864,416.2830751,0.159098363,NORM
59.7067023,0.046408603,13.834,44.2164,4284.82,4861.897507,619.6342098,408.1222831,0.159127372,NORM
58.61538442,0.047569891,13.882,44.5548,2011.14,5392.922592,998.0788056,437.1305127,0.068030613,NORM
56.01754379,0.081505377,13.786,44.129,2126.24,8650.410263,1059.449695,800.9415447,0.096846937,AROSAL
56.82456156,0.038193549,13.8004,43.9172,2129.4,8796.603455,1069.331132,820.9213937,0.096671945,AROSAL
55.42105344,0.040494623,13.6564,44.8032,3674.62,8796.603455,1069.331132,820.9213937,0.096671945,NORM
60.90170937,0.077182794,13.5168,44.9428,3171.64,11271.11342,1993.301007,1211.413825,0.035647651,NORM
62.42307587,0.039032258,13.473,45.5318,2723.86,6116.997421,852.9957189,654.2745384,0.105646341,NORM
61.86307144,0.079870968,13.4634,45.1678,3684.12,5895.887115,825.039217,654.8882832,0.10884534,AROSAL
57.92105331,0.03967742,13.473,45.094,3200.0,5850.728317,809.6131034,616.8713002,0.112166906,AROSAL
55.4070714,0.090129034,13.353,45.079,4059.32,1323.738617,417.7672561,186.5161052,0.095311062,NORM
56.86842155,0.044258063,13.3674,45.3746,3446.0,1555.561615,287.441319,167.7034771,0.236591255,NORM
56.86752167,0.050989246,13.329,45.0258,2758.52,1470.820267,246.2970734,127.1996793,0.304684925,AROSAL
56.63157883,0.036774194,13.1898,44.8276,3006.06,1301.40239,208.8683169,112.883717,0.374866239,AROSAL
62.90598246,0.107311829,12.9824,45.9072,2328.08,9645.646957,1306.610612,815.6503042,0.070998449,NORM
62.20342662,0.05204301,13.016,45.7492,2373.8,9082.113083,1036.312399,826.765688,0.10627115,NORM
58.35357666,0.04883871,12.9824,45.9942,1716.3,9548.219803,1048.074143,695.8062982,0.109231591,AROSAL
58.24561386,0.067225805,12.9776,46.2486,2205.08,9538.586426,1050.642752,698.4344003,0.108588478,AROSAL
63.35897293,0.041677421,12.968,46.5522,2078.92,10149.35245,1214.757474,858.4839692,0.086430901,AROSAL
57.7884613,0.137677418,12.9872,46.4058,2998.2,9071.434982,1052.959372,791.9558278,0.102816455,NORM
58.11470871,0.047698923,13.0064,46.2402,3054.96,9960.058334,1082.169418,753.3324504,0.106876256,NORM
63.52564392,0.045483872,12.992,46.114,3083.32,6065.383636,973.3958526,607.447827,0.080443166,NORM
63.29059881,0.058451611,13.0112,46.1908,2849.96,4595.423035,812.0051959,611.4960217,0.087582582,NORM
62.17094014,0.084043013,12.5436,47.2496,2353.34,5539.313217,823.7871762,550.3637834,0.102573632,NORM
58.68016205,0.060258064,12.5484,47.213,855.38,2744.233139,352.0367962,168.0556319,0.278262542,NORM
57.47278417,0.058107526,12.5532,47.3004,921.62,6353.474014,1062.927138,800.2617878,0.070666589,NORM
64.59615555,0.033419356,12.364,47.8198,2198.78,7571.846725,1102.900652,783.3195527,0.078223797,NORM
58.46963552,0.077505376,12.3016,47.713,1169.18,9097.290176,1037.331213,822.8061385,0.106239745,NORM
56.37171021,0.043161289,15.4186,39.174,3633.62,2010.048798,428.3209465,254.0358956,0.137682213,NORM
60.30229416,0.056722583,14.409,42.1016,1967.0,3328.953125,379.5090804,217.4716718,0.290451217,NORM
57.25843506,0.037419355,13.2714,45.9744,4685.3,5441.59816,722.9915833,476.1430697,0.130818706,NORM
58.50000038,0.034322581,12.992,47.6542,2121.52,6768.238693,1210.051835,768.5241203,0.058086817,NORM
59.79959488,0.03451613,12.847,47.0652,2397.44,7925.186264,1054.988342,637.5719884,0.089479597,NORM
61.48448181,0.031935484,12.775,46.3478,5014.86,8755.084915,1074.49868,821.3389178,0.095292441,NORM
60.11673393,0.034387097,12.7798,46.2178,3568.96,8522.591888,1023.716115,766.8836055,0.102193312,NORM
61.66666641,0.038774193,12.799,46.0462,3565.8,9388.188248,1957.138648,1078.628029,0.03079984,NORM
64.21621284,0.040322579,12.799,46.0334,2813.7,20923.02463,2712.18261,2375.982044,0.035743451,NORM
60.79217224,0.08322581,12.775,46.4226,2820.02,19865.82089,2712.86113,1649.916699,0.033920423,NORM
60.81511574,0.033548387,12.775,46.4538,2037.98,16138.15868,2701.116972,1697.508298,0.027795665,NORM
62.85897522,0.032064516,12.6588,46.333,3299.36,5755.126572,807.2608256,616.0813745,0.110978024,NORM
56.86842079,0.036709676,12.582,47.3906,3447.58,1873.197845,443.0643946,156.0443855,0.119911217,NORM
53.0,0.032129031,12.534,47.5388,3329.32,1654.911255,438.8496859,156.8501489,0.107982404,NORM
60.33535728,0.044838708,12.509,47.6474,3390.8,1482.599152,316.6286704,184.820283,0.185837407,NORM
60.0575798,0.053720431,12.524,47.5376,2758.5,1542.962814,260.1753731,148.8361342,0.286439529,NORM
57.73684196,0.070709676,12.534,47.4892,2359.62,1489.898544,249.5795553,128.1958466,0.300572018,NORM
59.68083725,0.054580645,12.3888,47.811,2485.74,1292.667847,210.7859395,112.1565844,0.365606186,NORM
58.97211024,0.06976344,12.3592,48.2086,2107.32,9097.290176,1037.331213,822.8061385,0.106239745,NORM
60.30769196,0.034580645,12.413,47.6158,2004.82,9548.219803,1048.074143,695.8062982,0.109231591,NORM
63.2222229,0.06976344,12.4466,47.4102,3628.88,9838.690094,1052.385247,800.403158,0.111634297,NORM
60.81196493,0.151870967,12.4466,47.3854,3557.94,9071.434982,1052.959372,791.9558278,0.102816455,NORM
61.99595222,0.041548388,12.4466,47.0076,3710.88,3810.68277,534.371536,318.3132257,0.167697283,NORM
61.25641022,0.033419355,12.437,47.0122,2195.62,2883.640381,353.0781183,163.2523057,0.290676121,NORM
64.23107376,0.03608602,12.34,47.829,2406.92,21907.54071,1700.78295,890.2854022,0.095171235,NORM
61.82051277,0.069225807,12.4514,47.2682,2041.1,8002.919388,1503.669483,756.0940337,0.044478848,NORM
61.66540614,0.05045161,12.3208,47.32,3892.2,4667.278122,648.5515429,395.0431448,0.139439094,NORM
59.6563207,0.035440861,12.369,47.3386,3762.9,4667.278122,648.5515429,395.0431448,0.139439094,NORM
57.55195618,0.036064518,12.4274,47.1598,4053.04,4667.278122,648.5515429,395.0431448,0.139439094,NORM
63.64957275,0.043053763,12.389,46.4978,2752.22,6762.574554,832.5908301,522.0576528,0.122591027,NORM
61.7692318,0.057935482,12.369,46.7496,1266.9,3066.75621,362.5448425,175.8071794,0.29320114,NORM
61.39743538,0.053354837,12.3544,45.7914,1408.84,4190.595596,1316.849248,653.1038047,0.030367812,NORM
62.9967947,0.063419354,12.147,46.349,1514.48,4073.579498,960.5526546,716.66562,0.055480927,NORM
64.38339488,0.033548386,12.171,46.445,1503.44,9204.011215,1112.960938,886.8501018,0.093374257,NORM
65.2023819,0.042451612,12.1518,46.4674,1486.1,9078.460266,1034.706327,822.6372752,0.10655844,NORM
51.28205261,0.035870968,12.0728,48.2486,8992.22,3357.720444,472.1600507,259.2200387,0.189267446,AROSAL
61.91025505,0.060129033,15.2892,60.8156,32280.1,3357.720444,472.1600507,259.2200387,0.189267446,AROSAL
61.72649694,0.056279569,18.0618,53.2038,32280.1,3322.099487,553.7913033,341.8148063,0.1361226,AROSAL
58.60121536,0.042580646,17.7432,52.2628,3207.9,4333.322952,373.6676626,183.4871828,0.389995765,AROSAL
54.07884598,0.037032258,17.344,53.8526,3699.84,5943.269852,959.8439266,700.9478286,0.081065128,AROSAL
56.34479554,0.046387097,17.3864,53.8408,3586.32,5943.269852,959.8439266,700.9478286,0.081065128,AROSAL
59.78002701,0.039462365,17.0294,54.4764,4753.1,5010.693542,650.0943167,468.166065,0.148989261,AROSAL
65.2962532,0.070451614,16.9246,54.9268,4813.02,7925.186264,1054.988342,637.5719884,0.089479597,NORM
55.52236847,0.037225807,16.796,55.9034,3275.7,5994.397171,830.1933371,613.9162175,0.109294144,AROSAL
62.15384445,0.045548387,16.82,55.8212,3535.88,5963.842911,827.8968773,657.7545296,0.109341133,AROSAL
64.48284187,0.039870968,16.7634,56.2998,2173.54,5850.728317,809.6131034,616.8713002,0.112166906,AROSAL
62.34052938,0.060129032,16.7442,56.899,2192.46,1388.805435,267.3551244,107.755157,0.244159848,NORM
62.40170975,0.046107525,16.2722,56.3414,4130.3,1599.528732,281.0186143,150.7790373,0.254525755,AROSAL
62.64957263,0.038494624,16.2582,56.6732,4070.4,1598.458481,269.6503028,149.367234,0.276254525,AROSAL
61.62393188,0.042064516,16.6396,54.193,3299.36,9441.705139,1046.023229,686.5131999,0.108437036,AROSAL
57.42105293,0.038903225,16.6866,53.9976,2522.0,9441.705139,1046.023229,686.5131999,0.108437036,AROSAL
57.42105255,0.036387097,16.7154,53.5538,2539.36,9459.28595,1045.317611,697.0621074,0.108785668,AROSAL
67.14957314,0.040193549,16.6914,53.667,10511.4,4474.817017,563.749859,369.5893239,0.17693439,AROSAL
62.16666565,0.052967742,16.3824,53.9598,2616.64,3716.819138,423.6329204,217.7130861,0.260256682,AROSAL
66.71538544,0.077354838,16.2154,54.639,5271.86,4667.278122,648.5515429,395.0431448,0.139439094,AROSAL
56.75438487,0.038107527,16.7822,54.0542,4918.68,8792.590195,1207.860044,847.7691987,0.075734448,AROSAL
63.08974266,0.066064514,16.92,53.4232,4852.46,12691.43449,1883.837832,1462.866856,0.04494005,AROSAL
61.5384613,0.037032259,17.106,52.5254,2555.14,9432.126877,1044.663553,702.7801449,0.108609199,AROSAL
61.13967628,0.041290323,22.7146,30.7194,1348.92,3357.720444,472.1600507,259.2200387,0.189267446,NORM
62.51281993,0.042012902,22.6186,31.2938,1104.52,3175.061584,453.3668625,230.9361102,0.194116508,AROSAL
58.15384572,0.042279569,21.8286,32.9186,2933.56,3322.099487,553.7913033,341.8148063,0.1361226,AROSAL
63.47863134,0.047182795,21.8862,32.6844,8415.9,3723.524338,459.3934846,292.6922277,0.221714654,AROSAL
63.52564316,0.043354839,21.9678,32.5654,2156.24,3757.950974,543.5904833,323.96712,0.159814906,AROSAL
54.46052704,0.046193547,20.5646,34.7276,2157.78,4167.804398,366.6201972,186.2995078,0.389658738,AROSAL
64.93681412,0.039870966,21.1988,34.603,2165.68,9013.399063,1675.893605,845.2877782,0.040327897,AROSAL
58.91363118,0.053290322,21.0982,34.7124,713.5,5457.617554,701.2222249,477.7090253,0.139476685,AROSAL
60.00877304,0.040064515,20.96,34.8044,1657.94,4766.938843,611.3878434,406.2741036,0.160256571,AROSAL
63.71245346,0.04483871,20.96,35.2994,2592.98,4748.480179,925.3451727,378.3796699,0.069687834,AROSAL
58.70400492,0.039913979,20.9408,35.4092,1273.2,8644.483566,1065.085671,800.2501603,0.095759051,AROSAL
59.95681648,0.044774192,21.0272,34.844,2091.56,16988.10417,2000.290655,1138.344334,0.053354194,AROSAL
62.56410217,0.049290322,20.889,34.8046,1322.1,22330.74892,1837.937003,1007.653591,0.083071473,AROSAL
60.8888883,0.057935484,20.96,35.9706,1339.46,1631.56221,268.0293629,88.83934486,0.285396573,AROSAL
53.41666667,0.040258064,20.936,36.3822,1413.56,1654.911255,438.8496859,156.8501489,0.107982404,AROSAL
57.57631546,0.051935482,20.9984,36.926,1662.68,1274.667603,341.5337946,186.6845355,0.137321787,AROSAL
60.69658152,0.04492473,20.9552,36.7382,1886.6,1602.93396,357.6729446,212.9725619,0.157453861,AROSAL
61.7051281,0.049290321,21.056,35.3084,2269.74,1327.761505,208.895056,113.3295656,0.382361022,AROSAL
58.69815547,0.046451611,21.199,35.2168,2282.34,1578.3797,225.0002323,121.0043412,0.391791868,AROSAL
57.36842041,0.048193546,21.0982,33.3036,1946.5,9537.968124,1047.806681,687.5577292,0.109170024,AROSAL
62.55128059,0.039548387,21.3036,35.062,1194.4,9071.434982,1052.959372,791.9558278,0.102816455,AROSAL
61.10256424,0.046322581,21.342,34.438,1434.06,9960.058334,1082.169418,753.3324504,0.106876256,AROSAL
55.81579018,0.052838709,21.1606,34.2028,4570.2,4013.301315,538.3952493,319.1261857,0.173983953,AROSAL
62.4177269,0.041483871,21.175,34.8914,2618.2,4136.27388,549.0942909,342.4609036,0.17239525,AROSAL
64.19597168,0.053999999,21.1606,35.9966,4691.62,3623.139084,456.1576986,269.0661877,0.218808834,AROSAL
63.70512746,0.042494624,21.0982,35.2006,5524.14,13072.61548,1645.539381,664.9368425,0.060667457,AROSAL
63.42307854,0.053741934,21.2796,35.4554,4792.52,2785.483246,339.8963771,164.0989263,0.30298236,AROSAL
59.24912155,0.046838709,21.4994,35.4366,2627.64,4718.566208,568.6947863,297.8493775,0.183341772,AROSAL
62.98474884,0.058645159,21.533,35.7958,2744.36,4718.566208,568.6947863,297.8493775,0.183341772,AROSAL
63.43589783,0.043741935,22.2596,32.0578,3710.88,4667.278122,648.5515429,395.0431448,0.139439094,AROSAL
65.14285583,0.047419355,22.4602,32.496,1298.44,4831.125122,672.9870117,417.5742879,0.134043199,AROSAL
66.08718109,0.055548388,22.4506,32.8484,3378.18,5074.70137,701.073936,438.5726257,0.129745622,AROSAL
64.18876699,0.047913979,22.369,32.5942,3510.64,7076.028961,863.7342042,524.686098,0.119189838,AROSAL
66.60164795,0.059268818,22.326,32.637,3666.72,6875.125809,842.3810794,544.137484,0.121751216,AROSAL
63.10073242,0.073677419,22.4506,32.9884,3031.32,3422.306076,509.4550271,305.4930573,0.165697902,AROSAL
64.58830338,0.084838707,22.5274,33.228,3937.92,3122.184433,367.6121683,174.3448142,0.290327825,AROSAL
70.83492076,0.044731183,22.5466,33.2098,3717.2,2982.87323,355.2156838,164.1866144,0.297071093,AROSAL
63.66666603,0.042258064,22.4554,32.6356,2231.92,3405.412109,640.415243,436.1705499,0.104341294,AROSAL
60.76495577,0.042236559,22.3402,31.6108,1451.42,9447.332275,1044.647468,706.0284778,0.108787637,AROSAL
62.28205185,0.035322581,22.4266,31.6382,1437.2,9432.126877,1044.663553,702.7801449,0.108609199,AROSAL
61.76923065,0.041870967,17.691,41.8394,965.74,2819.8246,409.6901478,229.0161324,0.211115888,NORM
61.48717918,0.042516129,17.8958,41.6894,1243.26,2741.352905,403.526802,223.8515479,0.211558286,NORM
59.8353569,0.04303656,16.706,43.3704,2356.46,4540.392166,770.4824895,384.0148028,0.096112015,NORM
59.43724594,0.043483869,16.511,43.8804,1211.72,3598.525238,455.0248871,287.8491533,0.218405774,NORM
58.32725945,0.041032258,16.4726,43.8316,1473.48,3723.524338,459.3934846,292.6922277,0.221714654,NORM
57.28947334,0.039612902,16.4438,43.8848,1084.02,3735.921509,457.271009,256.9531766,0.224522708,NORM
60.11111069,0.039784945,16.3916,44.0118,1657.96,3704.499924,465.4515214,255.8652823,0.214877304,NORM
52.08333333,0.12468817,16.9486,44.3316,8844.78,3796.511719,359.2821896,200.3579607,0.369592569,NORM
64.44688416,0.044731183,17.6434,43.1174,5451.62,3884.518173,378.1081907,199.847059,0.341440356,AROSAL
57.63023033,0.043096776,17.5436,42.7936,858.54,5943.269852,959.8439266,700.9478286,0.081065128,NORM
53.375,0.039870966,17.7194,41.8942,612.58,13236.00783,1693.257577,1019.931389,0.058012399,NORM
64.93101451,0.050623655,17.5816,41.8716,1303.18,5546.331711,741.4980706,475.6844761,0.126763918,NORM
62.2307682,0.049419354,16.7822,43.6206,6012.94,8644.483566,1065.085671,800.2501603,0.095759051,NORM
61.26383362,0.038258064,16.7154,44.3228,1954.38,8350.87735,1046.964271,788.3546828,0.095736655,NORM
60.19208171,0.040731182,16.7154,44.4428,1664.28,8800.655106,1124.69553,840.3448591,0.087428883,NORM
65.11996307,0.041548388,16.887,44.0454,3015.54,6221.416183,845.3615981,652.953307,0.109399185,NORM
60.09986572,0.04080645,16.868,44.5308,834.9,5816.072983,807.112368,601.1599442,0.112194536,NORM
60.45749029,0.039010752,16.6774,44.7674,1311.06,1645.968063,268.8547285,87.99535244,0.286151423,NORM
61.76068242,0.042322581,16.6396,45.5772,1113.96,1470.935654,249.5235089,86.85630832,0.296879767,NORM
59.23616638,0.038967741,16.6108,46.1214,1169.16,1407.377563,243.6515641,89.54612642,0.297907941,NORM
59.66801567,0.041341937,16.4822,47.148,1172.32,1654.911255,438.8496859,156.8501489,0.107982404,NORM
55.54276314,0.039668202,15.915,46.7818,3830.74,6370.26326,1796.943568,1112.196108,0.024791247,NORM
61.9871788,0.038451612,15.39,48.494,7678.0,2828.504593,610.8027081,255.2299657,0.095271904,NORM
64.31807251,0.03888172,15.7908,48.185,7118.24,9140.071152,1038.561377,827.5771493,0.106486636,NORM
60.19799627,0.04464516,16.3916,46.804,7922.38,9430.942764,1045.710558,685.0161518,0.108378213,NORM
69.8247879,0.058774193,17.6388,43.8364,6205.32,11673.16156,1467.096304,995.0679781,0.068152394,NORM
54.94736913,0.040989248,17.5816,42.855,1470.32,4013.301315,538.3952493,319.1261857,0.173983953,NORM
64.93132019,0.042,17.2582,43.0726,1769.92,3944.915726,539.691145,327.184026,0.170199002,NORM
62.66666718,0.056172043,17.3152,43.3656,6503.3,12539.35779,1607.258687,474.7379375,0.060997719,NORM
58.16801605,0.039354837,17.344,43.057,1594.88,2881.185837,353.6744402,169.1822756,0.289450154,NORM
63.28632495,0.039161289,16.3246,44.2062,1268.52,2919.565689,332.1037848,169.3816834,0.33264459,NORM
58.18421135,0.039935484,16.3536,45.7498,2883.1,17041.38597,1335.939718,579.3515015,0.119988895,AROSAL
65.66157023,0.06855914,16.4202,45.317,5812.72,4900.049454,977.1444268,795.9872821,0.064490064,NORM
57.78871536,0.042735485,16.7916,43.7234,6009.78,4458.621948,645.5602301,458.2132346,0.134442623,NORM
65.7857132,0.041548388,17.1962,43.5232,7018.92,4584.809998,595.9627486,365.3529883,0.162215735,NORM
63.42423363,0.042451613,17.8194,42.5254,4608.04,2982.87323,355.2156838,164.1866144,0.297071093,AROSAL
66.88919678,0.046,19.1128,40.6554,7711.1,8792.590195,1207.860044,847.7691987,0.075734448,NORM
64.80677795,0.191161293,18.9846,40.067,8819.56,4073.579498,960.5526546,716.66562,0.055480927,AROSAL
58.94736786,0.107870968,20.3026,29.4462,1795.14,3047.412354,437.2078671,231.8402919,0.200338839,AROSAL
55.47368469,0.08851613,20.0884,30.0094,1112.42,2843.716171,413.7934294,213.8970911,0.208703115,AROSAL
60.71120148,0.274709669,19.6506,29.6062,2030.08,2672.965866,393.3427641,221.0833502,0.217100561,AROSAL
60.35762482,0.091612899,18.6422,32.129,2212.98,3471.236771,463.7274887,295.485983,0.202846921,AROSAL
60.83333282,0.121548388,18.3614,32.7766,3078.62,3647.832947,452.547466,284.2769379,0.223829091,AROSAL
65.45604324,0.126580646,17.9906,33.4138,7064.62,9889.684326,1512.294901,939.9724563,0.05433996,AROSAL
57.68713366,0.117612904,17.629,35.6636,1736.78,4411.479263,571.1523032,380.210441,0.169937898,AROSAL
57.8421051,0.114774191,17.6242,35.5266,1301.6,4626.232635,593.2012466,392.9923476,0.165208817,AROSAL
58.26315765,0.117032257,17.5768,36.1732,1216.48,4773.034744,614.9779296,421.8013069,0.158593506,AROSAL
56.26315842,0.094064514,16.963,37.0858,2966.68,8522.591888,1023.716115,766.8836055,0.102193312,AROSAL
62.26495666,0.107741935,16.8106,37.1158,1166.0,5895.887115,825.039217,654.8882832,0.10884534,AROSAL
61.70580292,0.124774196,16.8916,36.4624,1760.44,5851.256027,821.5335156,634.2568582,0.108945274,AROSAL
71.58518575,0.180086021,16.7914,36.5952,2264.98,5693.266052,804.3006986,597.7632368,0.110594735,AROSAL
58.15789604,0.120666665,16.8536,38.6002,3584.76,1388.805435,267.3551244,107.755157,0.244159848,AROSAL
60.337382,0.090795697,17.0772,36.8188,7187.62,6370.26326,1796.943568,1112.196108,0.024791247,AROSAL
65.69145241,0.207161296,17.3726,36.153,2392.7,9062.688828,1034.737068,821.806974,0.106367002,AROSAL
60.6457489,0.192580641,17.5676,35.8924,6063.38,9537.968124,1047.806681,687.5577292,0.109170024,AROSAL
63.53296661,0.133419352,17.843,35.3584,1244.86,9838.690094,1052.385247,800.403158,0.111634297,AROSAL
61.81704356,0.104774191,17.8766,36.2354,5316.02,4136.27388,549.0942909,342.4609036,0.17239525,AROSAL
60.16869164,0.123612903,17.458,36.2526,6372.46,9285.362762,1552.352164,491.060139,0.048420385,AROSAL
62.2429142,0.216645161,17.5196,36.5514,4314.78,3716.819138,423.6329204,217.7130861,0.260256682,AROSAL
60.01394475,0.105204301,17.5484,36.5478,4809.9,4718.566208,568.6947863,297.8493775,0.183341772,AROSAL
57.70723712,0.113913979,17.7912,35.81,5161.54,17981.47408,1597.57397,858.1502055,0.088534636,AROSAL
59.1839859,0.135096774,18.723,34.592,17272.54,4491.214554,569.3560844,352.8845072,0.174102792,AROSAL
60.50427373,0.074064514,20.055,32.3742,11244.62,4243.014267,752.9393365,535.9980925,0.094051209,AROSAL
66.13003591,0.073333333,20.436,31.7842,16187.72,4073.579498,960.5526546,716.66562,0.055480927,AROSAL
62.8304982,0.098451613,19.9266,31.3074,1342.58,9063.959213,1036.56952,813.5978961,0.10600612,AROSAL
51.22527428,0.040645159,16.9016,25.4294,7327.16,3357.720444,472.1600507,259.2200387,0.189267446,NORM
62.42734934,0.045316129,20.4456,31.8314,893.22,3047.412354,437.2078671,231.8402919,0.200338839,NORM
62.20512886,0.04516129,20.2742,32.0156,1033.54,2819.8246,409.6901478,229.0161324,0.211115888,NORM
54.58771922,0.047784944,20.3696,32.349,1080.84,2707.192215,398.3641821,206.0868118,0.214372163,NORM
62.48718048,0.044967742,19.66,33.3964,1194.4,3463.73645,462.1921789,289.9437367,0.203755584,NORM
62.06837718,0.063139786,19.0228,34.7192,9683.62,3734.288544,497.9242375,315.4784428,0.189274105,NORM
65.55311584,0.04729032,20.5932,31.9906,1301.6,5529.622391,712.127131,515.4107789,0.137021991,NORM
54.375,0.044000001,20.222,33.091,612.56,5391.870239,733.6308862,486.236393,0.125890826,NORM
53.15,0.045677419,20.1644,33.1522,623.64,5943.269852,959.8439266,700.9478286,0.081065128,NORM
66.02973175,0.045999999,20.0312,33.2456,1692.64,5603.813736,757.4586566,526.3962681,0.122737052,NORM
65.21795044,0.045741935,19.8314,32.7514,2681.26,10189.48512,1768.852785,1010.174818,0.040924061,NORM
60.75236092,0.044000001,19.7076,32.9448,1095.04,4551.356537,587.1882092,387.946344,0.16588078,NORM
59.60526237,0.044967742,19.1414,34.231,2178.28,8302.942261,1054.033626,809.257342,0.093914565,NORM
63.5904171,0.044064517,19.1938,34.1572,3373.46,8780.663574,1053.738199,824.8364676,0.099373767,NORM
58.79001389,0.044129033,19.3174,33.879,3387.64,8650.410263,1059.449695,800.9415447,0.096846937,NORM
61.86774673,0.046709678,19.1126,36.097,6060.26,8580.889771,1029.522064,805.1030405,0.101735113,NORM
61.69770508,0.04348387,19.1798,35.4948,4038.86,8280.027023,1041.064834,772.0021124,0.096003278,NORM
60.14372533,0.042941937,19.4936,34.3166,3250.48,6281.440796,848.7348091,649.3137632,0.109578438,NORM
65.36437302,0.042838709,19.4744,34.0122,1777.76,5851.256027,821.5335156,634.2568582,0.108945274,NORM
63.65018196,0.05296774,19.3176,34.4254,1974.86,5755.126572,807.2608256,616.0813745,0.110978024,NORM
64.43247894,0.043974194,19.1318,34.5132,1232.24,5966.44104,826.0954199,602.8527746,0.109866373,NORM
61.11335999,0.043509679,19.1938,34.466,1382.0,16088.91257,1770.155523,997.9111217,0.064522874,NORM
62.15384636,0.050580646,19.1844,33.9522,2916.2,7116.194839,1989.848533,1076.667871,0.022584873,NORM
56.57894783,0.041677418,18.1806,35.8026,1145.52,1517.006393,502.3466525,221.7025475,0.075542308,NORM
60.27350413,0.05539785,18.3522,37.6364,1400.94,1545.993042,286.3735265,163.7540848,0.236892692,NORM
61.48717918,0.07064516,18.6658,34.8686,6906.94,14436.0423,1985.01785,1182.869263,0.046039349,NORM
69.08302739,0.145058065,18.8656,34.2248,8122.62,1405.062836,209.4041028,113.3583947,0.402656985,NORM
65.73260117,0.042193547,19.1176,33.913,8945.68,9067.672134,1036.232897,830.917423,0.106118456,NORM
68.33125992,0.049612904,20.636,31.9282,9245.3,9960.058334,1082.169418,753.3324504,0.106876256,NORM
69.73675232,0.04716129,20.7124,31.9214,9453.42,10513.3221,1250.372827,796.7876849,0.084502738,NORM
61.08164635,0.046612902,20.9316,31.4616,8162.04,10598.03326,1230.738767,808.4845751,0.087923179,NORM
60.50202408,0.050193548,21.1558,31.0544,3788.12,6861.415955,1037.409718,591.4747867,0.080116688,NORM
62.98074722,0.045720429,21.2844,30.9452,1110.8,4238.811768,632.480708,351.2602617,0.133155598,NORM
62.12820587,0.045806451,20.5502,31.9006,1290.58,2799.813599,336.7952797,162.53168,0.310175143,NORM
72.48809586,0.044193549,20.198,32.2082,3884.34,14217.73578,1523.897863,758.4938403,0.076935819,NORM
64.95513077,0.136322579,20.9126,31.8992,6900.66,4868.130966,694.1605692,446.2188299,0.126955709,NORM
67.88400497,0.0448,21.7954,31.0828,5733.86,3348.010345,634.6027112,401.9158356,0.104470292,NORM
63.43589668,0.053999997,22.0868,29.8412,8887.36,9078.460266,1034.706327,822.6372752,0.10655844,NORM
66.09157639,0.047225804,21.6952,30.1576,7126.14,9537.968124,1047.806681,687.5577292,0.109170024,NORM
61.6538456,0.04552258,23.0976,26.5182,1186.5,3086.786118,440.967858,230.8523117,0.199481457,NORM
63.19230919,0.050451612,22.743,26.9596,1181.78,3090.560501,441.979236,230.2761894,0.19881236,NORM
64.14102669,0.043677421,21.4278,29.2102,1566.52,2774.293182,404.5494113,219.7982244,0.213019358,NORM
63.76923103,0.043032258,19.9312,32.0714,1749.4,2590.11734,385.4414932,219.0401255,0.219084863,NORM
64.6849823,0.045204301,20.0788,32.0184,7340.58,4878.81163,769.0770711,416.9537631,0.103653552,NORM
60.13810196,0.044215054,19.7792,32.6144,1263.76,1945.627899,431.8863181,252.9528891,0.131078287,NORM
60.50877126,0.045505376,19.936,32.5822,1331.56,2237.846664,435.0263192,266.1992782,0.148596686,NORM
63.88461685,0.043935485,19.8268,32.0754,2078.96,3471.236771,463.7274887,295.485983,0.202846921,NORM
62.24359093,0.044193549,19.7174,31.9862,2326.52,3598.525238,455.0248871,287.8491533,0.218405774,NORM
61.30769348,0.043251615,19.5886,32.1734,2410.08,3723.524338,459.3934846,292.6922277,0.221714654,NORM
64.11172066,0.062774192,20.5934,30.9992,6725.62,3846.023849,356.6492221,178.9691705,0.379961221,NORM
64.69597244,0.048774193,20.8174,30.705,9625.28,3973.923035,365.8333527,191.0530706,0.373132194,NORM
62.73346672,0.058322577,21.2368,31.2548,7247.52,3336.458374,373.8842199,203.8461027,0.299930964,NORM
59.41565564,0.061741934,21.9822,31.88,1845.6,5529.622391,712.127131,515.4107789,0.137021991,NORM
61.55128326,0.04548387,21.5902,29.3306,882.18,9591.529037,1684.06532,983.3388583,0.042499111,NORM
55.42105255,0.045806451,21.7432,29.417,469.1,5296.423126,694.9198023,481.2536652,0.137823464,NORM
63.51282291,0.051806451,20.8314,30.1388,2305.98,9850.502518,1617.723968,1013.848229,0.047299812,NORM
61.70512816,0.043333335,20.6124,30.147,1492.4,4598.484421,590.7043947,399.3035092,0.165609093,NORM
63.33882713,0.04348387,20.2692,30.898,997.28,4626.232635,593.2012466,392.9923476,0.165208817,NORM
61.7948719,0.044758065,20.2786,31.0186,901.1,4407.372086,576.2467055,378.9387472,0.166791022,NORM
66.50279732,0.044774194,20.436,31.4652,6176.92,7925.186264,1054.988342,637.5719884,0.089479597,NORM
60.25573578,0.04483871,20.8506,30.9148,2914.64,8522.591888,1023.716115,766.8836055,0.102193312,NORM
62.19230804,0.089548388,21.3612,30.965,6104.38,12091.94945,1714.43857,1251.344639,0.051696642,NORM
64.02380867,0.046580644,21.0606,30.7724,1399.36,5994.397171,830.1933371,613.9162175,0.109294144,NORM
58.49954923,0.043591399,21.1606,31.2616,3483.84,1443.696106,246.3144019,88.20309751,0.299023994,NORM
64.06969376,0.04483871,21.1894,31.664,4562.32,1388.805435,267.3551244,107.755157,0.244159848,NORM
60.39145376,0.043578496,20.4408,31.246,3217.4,1292.667847,210.7859395,112.1565844,0.365606186,NORM
59.45559952,0.044980645,20.4216,31.1842,3947.4,1292.667847,210.7859395,112.1565844,0.365606186,NORM
60.12820435,0.044387097,19.7458,32.4656,6954.26,9441.705139,1046.023229,686.5131999,0.108437036,AROSAL
58.85668488,0.089483873,20.0214,32.3844,7786.78,9144.13559,1037.409871,834.484777,0.106770621,AROSAL
63.14407908,0.058150537,21.6376,31.0892,6157.98,4197.941727,530.6125166,319.3865182,0.187366217,AROSAL
62.91025696,0.04696774,21.867,30.0044,5336.52,4283.13765,540.1102482,319.3920232,0.184504541,AROSAL
62.45421219,0.050322579,22.0772,29.8138,4838.28,4474.817017,563.749859,369.5893239,0.17693439,AROSAL
53.38461538,0.045634408,21.8574,29.8964,1896.06,3943.386627,493.5752763,310.7479722,0.20341006,AROSAL
60.56410294,0.044193549,21.413,30.4016,4556.02,4136.27388,549.0942909,342.4609036,0.17239525,AROSAL
62.25641047,0.047010751,21.1798,30.556,2477.86,2851.547867,347.3789289,166.9544604,0.296950176,AROSAL
67.93864517,0.046709676,21.4178,30.4818,5208.8,4507.358246,606.2995828,362.2916962,0.15408395,AROSAL
58.10526314,0.041419355,20.336,30.9706,465.94,3090.560501,441.979236,230.2761894,0.19881236,NORM
67.03968353,0.044602151,20.3314,30.8302,786.02,2543.278412,385.0618856,175.3072261,0.215547357,NORM
66.63491923,0.049462365,20.2124,30.7804,652.0,2010.048798,428.3209465,254.0358956,0.137682213,NORM
65.61721725,0.045548387,20.1692,30.723,1013.08,3524.880325,585.8220414,356.8207337,0.129069261,NORM
56.12885221,0.065032258,19.698,31.2744,596.78,3846.023849,356.6492221,178.9691705,0.379961221,NORM
57.46356239,0.04516129,18.9034,33.4652,565.28,8347.484436,1984.021863,941.9671972,0.026648488,NORM
66.880955,0.046374195,18.747,33.8062,978.38,6154.90535,840.9968146,635.9802719,0.109355981,NORM
70.19365234,0.04624516,18.6894,34.2606,927.94,5866.321075,806.8020082,616.9755003,0.113250923,NORM
65.40476176,0.043118281,18.675,34.6334,622.02,1547.137207,256.6398212,86.47700506,0.2951825,NORM
55.50000038,0.04367742,18.6798,34.0298,481.74,1873.197845,443.0643946,156.0443855,0.119911217,NORM
62.63644562,0.042500001,18.5992,33.7334,677.24,2828.504593,610.8027081,255.2299657,0.095271904,NORM
67.85079193,0.070322582,18.557,33.8674,612.58,9430.942764,1045.710558,685.0161518,0.108378213,NORM
78.38007736,0.042812903,18.58,34.0072,795.5,10270.00999,1157.180522,792.3228187,0.096378131,NORM
71.75599264,0.043010755,18.7086,33.7368,1421.46,4420.450058,557.3374134,369.4586116,0.178829827,NORM
59.46783574,0.043191398,18.747,33.5952,741.84,4013.301315,538.3952493,319.1261857,0.173983953,NORM
65.01464996,0.042822583,18.747,33.6282,800.2,3707.205521,459.7813127,276.167446,0.220370723,NORM
64.50488383,0.04431828,18.7422,33.7136,937.38,10950.02054,1581.991381,481.3748679,0.054981498,AROSAL
72.79523671,0.042408602,18.723,33.745,940.54,2945.576035,357.800172,176.4977813,0.289133898,NORM
65.20842621,0.042580645,18.723,33.8036,814.42,2860.30867,333.3502504,169.7427286,0.323460456,NORM
59.10526428,0.042838711,18.7422,33.7794,443.82,18078.0144,1291.282354,551.5238679,0.136244243,AROSAL
61.83895823,0.04211613,18.7848,33.6716,1277.96,17041.38597,1335.939718,579.3515015,0.119988895,NORM
66.49816742,0.041978495,18.8468,33.7894,2201.92,3183.782333,352.8692675,176.3944033,0.321310976,NORM
66.19047546,0.04232258,18.9226,33.6252,1546.02,5620.563187,809.7332742,539.0773591,0.107722327,NORM
62.64102592,0.045612903,18.9942,33.0386,967.34,9164.242905,1037.890439,835.1233456,0.106906333,NORM
65.8449968,0.045612901,18.9942,33.3022,604.68,9144.13559,1037.409871,834.484777,0.106770621,NORM
63.35897408,0.042219355,14.002,46.5716,6826.56,3357.720444,472.1600507,259.2200387,0.189267446,AROSAL
62.46153908,0.042903225,13.3914,48.6098,2006.42,2571.111496,405.5176619,205.3414032,0.196476777,NORM
65.06684914,0.041935484,13.6084,48.6262,2840.52,3691.187546,463.4765823,291.8724514,0.215933679,NORM
52.25,0.041935485,13.4924,48.858,1692.68,5315.946228,696.6753215,475.4245799,0.137635223,NORM
63.03418872,0.041935484,13.522,48.448,2298.12,4682.319504,608.13864,416.2830751,0.159098363,NORM
60.65587006,0.042193549,13.497,48.6424,710.36,8302.942261,1054.033626,809.257342,0.093914565,NORM
61.92307688,0.040516128,13.329,49.3608,3720.34,16988.10417,2000.290655,1138.344334,0.053354194,NORM
64.30585937,0.049161289,13.209,48.9686,1120.26,6107.725174,854.3554045,642.0423734,0.10515071,NORM
52.40833333,0.042408603,13.2522,49.5724,629.92,1873.197845,443.0643946,156.0443855,0.119911217,NORM
57.28947411,0.042064515,13.1706,49.7892,825.4,1323.738617,417.7672561,186.5161052,0.095311062,NORM
58.78947372,0.043870966,13.1658,50.1698,1095.04,1649.651123,452.4562616,317.1880721,0.101262528,NORM
60.97435913,0.050516127,13.04,50.03,888.5,1489.898544,249.5795553,128.1958466,0.300572018,NORM
62.45344238,0.212129018,13.2186,49.7956,6148.52,1578.3797,225.0002323,121.0043412,0.391791868,NORM
57.44736938,0.041032257,13.0544,49.0532,1080.84,9140.071152,1038.561377,827.5771493,0.106486636,NORM
61.11965739,0.041720429,13.1802,49.8952,1517.62,9524.54039,1048.092115,691.1927343,0.108956962,NORM
61.94017054,0.045720431,13.2426,49.9714,1667.4,9874.752701,1057.5957,813.6162437,0.110942191,NORM
65.4932841,0.040946235,13.2906,49.8362,1673.74,10386.07396,1216.877212,875.5233392,0.088138927,NORM
63.68223267,0.040193548,13.4154,49.206,1605.92,9900.172363,1065.33816,794.5987042,0.109616935,NORM
63.29303945,0.045333333,13.4298,49.0908,1071.4,10648.1147,1242.019997,793.3960039,0.086741196,NORM
61.41025658,0.071870969,13.522,48.7508,1047.72,4105.337082,543.2602935,339.0356572,0.174800535,NORM
65.20598221,0.050838711,13.5796,48.3064,628.34,3985.707047,538.6806117,335.3146808,0.172604673,NORM
64.35531057,0.041462364,13.4874,48.6722,1218.02,2785.483246,339.8963771,164.0989263,0.30298236,NORM
54.90865402,0.040322579,13.546,48.4882,554.24,23482.20082,2336.241711,921.2115389,0.054064615,NORM
66.08150215,0.043806451,13.618,49.2392,1254.3,4528.619247,639.2883701,412.3505231,0.139245787,NORM
66.35347977,0.042387097,13.7428,49.2372,1270.04,4900.049454,977.1444268,795.9872821,0.064490064,NORM
63.6678889,0.041225806,13.882,48.0114,4123.98,6875.125809,842.3810794,544.137484,0.121751216,NORM
61.67179459,0.040322579,14.05,47.4744,3849.66,3348.010345,634.6027112,401.9158356,0.104470292,AROSAL
61.02563985,0.040301074,14.1796,47.1486,4037.28,7571.846725,1102.900652,783.3195527,0.078223797,AROSAL
62.99145457,0.044860215,15.9294,44.2856,15651.62,2590.11734,385.4414932,219.0401255,0.219084863,NORM
60.2153833,0.051741935,17.5004,40.0154,16369.06,1862.455154,307.1571107,116.5232602,0.248070168,AROSAL
62.71794688,0.094752685,18.2236,38.0968,4004.16,8768.522034,1442.654309,858.2146681,0.052943385,NORM
60.93589745,0.046903224,17.5724,39.3146,3094.38,4167.804398,366.6201972,186.2995078,0.389658738,AROSAL
59.49198647,0.044490323,17.5532,39.6158,2950.88,4167.804398,366.6201972,186.2995078,0.389658738,AROSAL
54.96710459,0.043931184,17.8242,39.4578,2638.7,3510.135376,464.7756353,300.5300898,0.204195903,AROSAL
58.11740926,0.052559138,17.9428,39.4316,2550.4,9013.399063,1675.893605,845.2877782,0.040327897,AROSAL
61.19838028,0.135806454,17.938,39.2248,3059.7,9013.399063,1675.893605,845.2877782,0.040327897,NORM
64.06684952,0.044580646,17.9052,39.0984,2211.38,9013.399063,1675.893605,845.2877782,0.040327897,NORM
56.5101223,0.043290324,17.5626,39.7774,2914.62,5457.617554,701.2222249,477.7090253,0.139476685,NORM
52.95,0.043870969,17.4342,40.3102,2854.7,5441.59816,722.9915833,476.1430697,0.130818706,NORM
60.21120186,0.04516129,17.225,41.057,5211.94,4478.507721,590.6068253,394.3423801,0.161341566,NORM
59.66337624,0.046580644,17.344,41.4422,5391.68,4486.253983,582.0922101,384.9612685,0.166383458,NORM
53.36666667,0.044989247,17.2816,40.5888,1955.94,8522.591888,1023.716115,766.8836055,0.102193312,NORM
60.6104365,0.050967742,17.3726,41.144,3679.34,8347.484436,1984.021863,941.9671972,0.026648488,AROSAL
60.91025658,0.046967741,16.4582,41.738,1916.56,1328.334885,226.9343383,119.1453725,0.324128345,NORM
62.9871788,0.045548387,16.3584,42.4464,2454.22,2113.712585,287.1117067,144.5507027,0.322221115,AROSAL
64.13370056,0.045870966,16.7682,41.9582,15896.04,2828.504593,610.8027081,255.2299657,0.095271904,AROSAL
56.32236824,0.045354838,16.7202,41.4612,1471.92,4474.817017,563.749859,369.5893239,0.17693439,AROSAL
61.57692184,0.043161292,16.4198,42.0968,2288.66,3810.68277,534.371536,318.3132257,0.167697283,NORM
60.63697815,0.043870969,16.2202,42.888,2009.56,3038.244904,340.4630518,170.3685253,0.329376543,AROSAL
63.0752272,0.045032258,16.225,42.9014,1202.26,3716.819138,423.6329204,217.7130861,0.260256682,AROSAL
58.52955566,0.04696774,16.225,42.7044,1169.16,4718.566208,568.6947863,297.8493775,0.183341772,AROSAL
63.83882675,0.045935483,16.1962,42.6248,3575.3,11641.59657,1541.89134,961.3621988,0.061533961,AROSAL
63.88429565,0.047827958,16.082,42.5796,5109.48,16580.3914,1556.479507,939.2357943,0.086003837,AROSAL
59.90103493,0.042064516,16.3822,42.6334,3702.98,5539.313217,823.7871762,550.3637834,0.102573632,AROSAL
58.63275948,0.048903225,17.9146,40.2986,10098.3,2741.352905,403.526802,223.8515479,0.211558286,NORM
53.125,0.050580645,17.9668,40.0726,10129.84,2741.352905,403.526802,223.8515479,0.211558286,NORM
61.0897419,0.050258065,18.3046,39.4514,11191.0,2489.698975,376.5672187,184.8728479,0.220633616,NORM
64.4908432,0.056064514,19.5268,36.9156,6465.46,3524.880325,585.8220414,356.8207337,0.129069261,NORM
63.1410244,0.052451611,19.4744,36.5772,4918.7,9558.533142,1422.183152,831.5117327,0.059386818,NORM
65.67277095,0.054946234,19.5648,36.5798,4019.94,3294.541183,376.3198655,217.2374072,0.29234153,NORM
62.39468842,0.046580645,18.5138,39.2024,1921.26,5408.877014,811.9864546,597.4190417,0.103090679,NORM
60.20107956,0.061741933,18.4328,38.8184,6333.02,4598.484421,590.7043947,399.3035092,0.165609093,NORM
65.06904602,0.049290321,17.962,39.7952,4759.42,8204.975235,1112.325656,717.1325947,0.083334192,NORM
61.71794993,0.054193546,18.0052,39.9094,4697.92,9388.188248,1957.138648,1078.628029,0.03079984,NORM
53.35,0.047290323,17.2298,41.7424,855.38,1517.006393,502.3466525,221.7025475,0.075542308,AROSAL
58.68421097,0.046451611,17.629,40.762,1386.76,9548.219803,1048.074143,695.8062982,0.109231591,AROSAL
57.70065727,0.045870967,17.5628,40.9922,1383.58,9548.219803,1048.074143,695.8062982,0.109231591,AROSAL
63.82080358,0.04548387,17.6818,40.5624,1435.64,6457.314331,989.0805555,611.5189345,0.082946576,AROSAL
58.87449265,0.167290323,17.7908,40.2336,2025.34,3850.819031,488.9431769,311.3516696,0.202416632,NORM
61.83333321,0.049999999,16.6822,43.4248,2156.24,4039.99939,629.744786,372.9809389,0.128015337,AROSAL
60.83333321,0.046,17.3296,41.6772,2137.26,2826.968719,349.3540255,166.000183,0.291071285,AROSAL
60.33333359,0.044387097,17.3536,41.5774,2339.1,2787.4711,356.5338262,173.9932857,0.275561638,AROSAL
64.67032928,0.046683871,17.5772,41.122,2604.0,17041.38597,1335.939718,579.3515015,0.119988895,NORM
63.43553131,0.047709677,17.8526,40.5618,3311.96,16523.87279,1552.580081,913.1134234,0.086141749,AROSAL
61.59941533,0.05096774,18.5896,39.7016,4805.16,5620.563187,809.7332742,539.0773591,0.107722327,AROSAL
64.30512695,0.045393548,18.5896,39.4818,5410.62,4469.261017,573.9889653,338.4975449,0.170466285,AROSAL
61.72064819,0.092516129,18.7134,39.5404,5327.06,7632.955048,1430.46958,763.8952334,0.046875435,AROSAL
57.57894745,0.051483869,19.6744,38.078,5027.48,3592.833405,781.2376662,553.6248888,0.073974254,AROSAL
61.35897522,0.060774195,19.988,37.001,11761.78,17060.54555,2011.639029,1423.737678,0.052978868,NORM
61.21052628,0.047870965,19.127,37.8656,1762.02,9537.968124,1047.806681,687.5577292,0.109170024,AROSAL
62.00000114,0.065483869,24.1512,31.6816,1791.98,2843.716171,413.7934294,213.8970911,0.208703115,AROSAL
60.033962,0.051204299,23.1696,32.4858,2304.42,2521.692581,378.8448681,187.0156778,0.220789892,AROSAL
60.96153908,0.049032257,22.633,33.6566,7439.92,3251.924301,616.50364,355.9280066,0.107517461,AROSAL
60.38709017,0.055569894,22.657,34.5684,9689.94,8768.522034,1442.654309,858.2146681,0.052943385,AROSAL
60.69230652,0.050387096,22.585,34.9262,8685.56,3361.053635,390.9698179,222.1997608,0.276311425,AROSAL
58.4048584,0.096967741,22.781,35.5012,9089.18,3464.096512,403.9707314,230.7028145,0.266747308,AROSAL
57.49999924,0.04567742,23.4192,34.3214,8608.3,4333.322952,373.6676626,183.4871828,0.389995765,AROSAL
61.75427144,0.052215053,23.7322,34.3906,9975.34,4600.112015,392.3431801,177.7853186,0.375531226,AROSAL
62.74359131,0.046774194,23.9924,32.9204,1620.12,7583.754456,1080.524775,392.5667929,0.081625277,AROSAL
54.73026352,0.051225805,24.146,31.9894,1188.08,9591.529037,1684.06532,983.3388583,0.042499111,AROSAL
62.30769234,0.049032259,23.376,32.6578,3846.48,10189.48512,1768.852785,1010.174818,0.040924061,NORM
59.50265381,0.048838709,23.4578,32.772,2250.84,4491.703247,580.3531971,382.0634662,0.167585391,NORM
58.63157921,0.057483872,23.064,34.5938,1596.46,4766.938843,611.3878434,406.2741036,0.160256571,AROSAL
57.77192988,0.044215054,22.9152,34.4272,1546.0,5225.683319,665.4206039,497.8010168,0.148306595,AROSAL
59.99679527,0.047354838,22.681,35.1472,2537.76,5392.922592,998.0788056,437.1305127,0.068030613,AROSAL
57.44736824,0.046838708,22.7528,35.2736,3565.82,8650.410263,1059.449695,800.9415447,0.096846937,AROSAL
59.03643799,0.053677417,22.7526,35.5908,3654.12,8650.410263,1059.449695,800.9415447,0.096846937,AROSAL
56.63157857,0.047655912,23.0064,36.2896,3720.36,8597.709091,1061.741792,799.2538515,0.095841761,AROSAL
60.40620728,0.046580645,22.853,36.697,6858.06,17545.63933,2715.376563,1662.997854,0.029903287,AROSAL
60.96558723,0.045419354,23.3712,34.2304,2124.7,5851.256027,821.5335156,634.2568582,0.108945274,AROSAL
55.55263138,0.045865102,22.02,36.2522,1755.7,1471.960663,342.168934,172.1238536,0.157988296,AROSAL
57.15789452,0.050645161,23.1504,34.5286,7890.84,9432.126877,1044.663553,702.7801449,0.108609199,AROSAL
65.7673996,0.044387097,23.8666,33.1026,6747.72,10701.15103,1236.810439,839.3876597,0.087909149,AROSAL
64.35805664,0.090580648,23.9152,32.793,7614.92,10100.83,1123.630175,766.185769,0.100535661,AROSAL
63.92307892,0.046270969,23.5306,33.3594,2074.22,4162.454361,528.5142436,332.9788452,0.187260404,AROSAL
55.91048139,0.043892474,23.1504,34.2298,2813.72,3850.819031,488.9431769,311.3516696,0.202416632,AROSAL
66.49053523,0.04539785,22.8192,34.7564,5355.44,3726.904266,464.0130824,289.3411205,0.217519227,AROSAL
67.89987539,0.043268819,23.3424,34.0882,6550.64,4433.436691,581.4339397,383.7492894,0.16479712,AROSAL
64.24297994,0.124258063,23.809,33.1912,7966.54,4584.809998,595.9627486,365.3529883,0.162215735,AROSAL
64.87179794,0.044980645,23.785,32.9884,6913.26,6835.823166,843.7256699,544.3947222,0.120669679,AROSAL
64.10745087,0.048817204,23.6026,33.4592,4544.98,3057.951721,359.9743807,174.3526585,0.296549572,AROSAL
61.73504232,0.049548387,24.5712,32.1074,6758.76,7571.846725,1102.900652,783.3195527,0.078223797,AROSAL
63.32051392,0.050903225,24.4744,32.3872,7457.24,9209.96814,1115.047044,899.0563862,0.093085409,AROSAL
64.353479,0.053806453,24.3538,32.2224,6774.5,9129.733887,1051.074084,832.7687846,0.103848763,AROSAL
61.2865509,0.0747957,26.0994,28.9186,1284.24,3090.560501,441.979236,230.2761894,0.19881236,NORM
62.71794891,0.062580646,25.968,28.969,1632.72,2875.740128,418.7393443,220.670666,0.20609714,NORM
55.13157845,0.051161289,25.72,29.343,1719.44,2672.965866,393.3427641,221.0833502,0.217100561,AROSAL
62.33333206,0.05852903,24.581,31.0394,2113.64,1937.812607,314.3084946,132.1576755,0.246495732,NORM
60.80589282,0.057053762,24.5906,31.3228,1596.46,1824.752258,432.3268882,259.382603,0.122684382,NORM
60.83333359,0.049367742,24.6242,31.1438,1710.0,2302.797516,531.4301763,356.0496467,0.102464445,NORM
61.48582916,0.065548385,24.726,30.8564,1960.7,3386.889023,555.3306076,314.9627067,0.138009064,NORM
61.84615402,0.060903224,25.162,30.5828,1940.2,5529.622391,712.127131,515.4107789,0.137021991,NORM
53.52272727,0.049225805,24.968,30.6272,1358.38,5315.946228,696.6753215,475.4245799,0.137635223,NORM
57.97301025,0.082064512,24.939,30.7666,1407.24,5315.946228,696.6753215,475.4245799,0.137635223,NORM
57.07894821,0.073999999,24.4264,31.2886,1963.82,4339.479675,566.4784526,370.659957,0.169934177,AROSAL
62.87786713,0.061741935,24.3294,31.4552,6339.34,6519.618759,1069.399205,833.786453,0.071639468,NORM
61.8055542,0.083139787,24.0596,32.2434,6011.36,4171.05896,805.5069199,336.9796061,0.080782566,NORM
62.54048716,0.068215053,24.8374,31.4652,7091.44,8427.496796,1026.131925,792.5241002,0.100577784,AROSAL
62.29059804,0.051870966,24.8422,31.0684,4209.14,8580.889771,1029.522064,805.1030405,0.101735113,AROSAL
60.45748901,0.050387094,24.9824,31.013,6801.32,20923.02463,2712.18261,2375.982044,0.035743451,AROSAL
57.14372368,0.049612901,24.702,30.8542,5062.18,16088.91257,1770.155523,997.9111217,0.064522874,AROSAL
57.95512899,0.049290321,24.7164,31.7304,3791.28,1470.935654,249.5235089,86.85630832,0.296879767,NORM
59.62483101,0.086451614,24.4504,32.4386,3766.08,1654.911255,438.8496859,156.8501489,0.107982404,AROSAL
57.9210537,0.049032256,24.9194,31.5396,5459.5,1482.599152,316.6286704,184.820283,0.185837407,AROSAL
57.60526237,0.094258064,25.162,30.8732,4431.46,1599.528732,281.0186143,150.7790373,0.254525755,AROSAL
57.57894783,0.048645159,25.0352,30.2006,8874.74,4073.579498,960.5526546,716.66562,0.055480927,AROSAL
65.45757116,0.061526882,25.4528,30.3574,5978.24,9874.752701,1057.5957,813.6162437,0.110942191,AROSAL
63.34871902,0.112258062,25.4866,29.5614,3053.38,2919.496658,360.8726474,169.1150903,0.281714963,AROSAL
58.85290146,0.074709675,24.842,30.61,2843.68,2744.04863,332.5087359,164.7687053,0.311885761,AROSAL
63.50000114,0.064258064,24.6872,31.21,1962.28,2805.624664,328.7590091,168.8257508,0.326200115,AROSAL
60.50742289,0.048258062,24.837,31.3576,2220.86,3716.819138,423.6329204,217.7130861,0.260256682,AROSAL
61.94601898,0.049274193,25.1034,30.47,2080.52,4718.566208,568.6947863,297.8493775,0.183341772,AROSAL
72.13333282,0.05967742,25.9338,29.4014,4679.0,17057.49397,1989.204072,1469.373424,0.054170945,AROSAL
62.63023071,0.064,25.9484,29.2122,5678.66,9078.460266,1034.706327,822.6372752,0.10655844,AROSAL
64.99175797,0.058838706,16.4392,33.5388,16085.24,2920.837875,423.6434831,220.6520392,0.204510804,NORM
63.11538467,0.049419353,17.5816,32.0214,15765.16,2644.737762,391.6634903,176.4151598,0.216653795,AROSAL
64.16239319,0.060688172,17.6864,31.9514,16529.86,2521.692581,378.8448681,187.0156778,0.220789892,AROSAL
59.58081512,0.070258062,19.0084,28.258,3583.18,5315.946228,696.6753215,475.4245799,0.137635223,NORM
54.83881569,0.048516129,18.8326,28.3372,3564.26,5391.870239,733.6308862,486.236393,0.125890826,NORM
55.93749916,0.108000001,16.8868,31.8934,3537.44,13236.00783,1693.257577,1019.931389,0.058012399,AROSAL
62.07905986,0.121548379,17.7766,31.4712,5111.06,6330.478516,986.1318297,729.5622865,0.08180436,NORM
65.29426015,0.105892474,18.0906,28.7914,5749.62,8204.975235,1112.325656,717.1325947,0.083334192,NORM
66.70146408,0.071225806,18.176,30.8976,5705.46,8248.863266,1026.229527,792.8596631,0.09842716,NORM
71.15952301,0.059741935,18.238,29.9212,3591.06,6122.567093,837.4425163,643.6262038,0.109706764,NORM
62.02243633,0.135870966,17.2582,31.5706,1300.04,5966.44104,826.0954199,602.8527746,0.109866373,NORM
61.24615387,0.044516129,17.5724,30.726,1605.92,1360.763977,247.8417334,96.7285599,0.278383693,NORM
60.58232117,0.140064516,17.605,30.3252,1804.6,1274.667603,341.5337946,186.6845355,0.137321787,NORM
61.71075249,0.086946236,16.6774,32.243,2521.98,1602.93396,357.6729446,212.9725619,0.157453861,NORM
56.9298261,0.064817202,17.1722,31.194,6919.58,8055.48732,1780.554756,1079.182648,0.031929419,NORM
57.13157959,0.050451611,16.9392,31.3648,2971.4,9537.968124,1047.806681,687.5577292,0.109170024,NORM
55.09320221,0.096537631,16.344,31.4706,2189.3,3985.707047,538.6806117,335.3146808,0.172604673,NORM
63.06140442,0.071225805,16.1198,31.8714,2023.78,3778.494003,533.7465931,333.6442557,0.166670358,NORM
59.42510071,0.061548388,15.5952,32.9638,3283.58,17041.38597,1335.939718,579.3515015,0.119988895,NORM
65.04578552,0.05864516,16.1962,32.875,5445.34,21181.68806,2367.663881,1207.47645,0.047482145,NORM
64.21794891,0.108322576,16.201,32.364,7383.1,6948.812363,846.9353588,508.2828286,0.12173625,NORM
54.34188029,0.128301074,16.201,32.364,7383.1,4953.854584,711.3460903,449.6181731,0.12302439,NORM
61.26691742,0.068193548,16.201,32.364,7383.1,3586.619598,486.0073367,258.6584102,0.19081369,NORM
62.02564163,0.052989246,16.201,32.364,7383.1,2981.750473,353.2285732,162.8628018,0.300309801,NORM
65.7417923,0.126322576,16.201,32.364,7383.1,3592.833405,781.2376662,553.6248888,0.073974254,NORM
62.02159271,0.10180645,16.201,32.364,7383.1,9104.848297,1037.240839,821.5556843,0.106346539,NORM
59.10436376,0.076258068,16.201,32.364,7383.1,9441.705139,1046.023229,686.5131999,0.108437036,NORM
64.73626595,0.091806448,23.3376,21.2928,11828.02,3357.720444,472.1600507,259.2200387,0.189267446,AROSAL
60.05510457,0.052709677,22.7716,21.8216,1311.08,3090.560501,441.979236,230.2761894,0.19881236,AROSAL
55.55320511,0.062387098,22.4122,22.2586,1626.4,2741.352905,403.526802,223.8515479,0.211558286,AROSAL
61.2793541,0.08980645,22.5946,22.0852,2369.04,2627.945892,389.9947871,197.61958,0.217124424,AROSAL
58.46018982,0.055612901,21.1748,23.1414,2001.66,1785.477127,303.0528411,120.9179907,0.244302232,AROSAL
61.60256386,0.066709676,20.8648,23.618,1845.6,2062.058716,431.1079793,252.8914476,0.139424395,AROSAL
60.92172668,0.055053762,20.7456,23.8068,1943.34,2118.109177,429.1978464,254.7048409,0.144491779,AROSAL
59.78744926,0.127548382,20.7172,24.7356,13207.66,3524.880325,585.8220414,356.8207337,0.129069261,NORM
60.03171539,0.381483867,20.7886,24.6322,10513.0,3524.880325,585.8220414,356.8207337,0.129069261,NORM
61.602565,0.063741934,20.7124,24.681,12107.1,3944.502914,370.5486504,195.976355,0.361003717,AROSAL
53.56410268,0.065397847,20.7412,24.4932,8970.92,3973.923035,365.8333527,191.0530706,0.373132194,AROSAL
53.6875,0.049754837,21.103,24.2196,8939.4,4167.804398,366.6201972,186.2995078,0.389658738,AROSAL
54.78289528,0.083483869,16.3008,30.67,845.92,5417.22551,706.2353795,467.1270213,0.136485916,AROSAL
59.80977275,0.079268813,16.7248,30.8844,1462.44,9591.529037,1684.06532,983.3388583,0.042499111,NORM
60.96851044,0.228989253,18.452,28.1934,2097.86,4940.229294,644.8586243,449.3381277,0.149289047,AROSAL
67.66499608,0.061978496,18.414,27.6422,4105.06,6519.618759,1069.399205,833.786453,0.071639468,AROSAL
63.47435951,0.055677419,18.899,26.567,2991.88,8796.603455,1069.331132,820.9213937,0.096671945,AROSAL
58.64327393,0.089849462,18.818,26.2114,2901.98,8248.863266,1026.229527,792.8596631,0.09842716,AROSAL
60.96581116,0.055432258,18.9562,26.9004,3666.76,1499.6884,318.8043941,181.814446,0.185422443,NORM
61.53296623,0.108387097,19.0416,26.7458,8720.24,9102.159683,1038.607287,828.1835639,0.106035572,NORM
59.27125626,0.083354837,19.1606,27.2718,2061.62,3985.707047,538.6806117,335.3146808,0.172604673,AROSAL
61.1367513,0.090451616,18.6754,27.8436,2681.28,2945.576035,357.800172,176.4977813,0.289133898,NORM
58.92914937,0.095247313,18.2762,28.2062,4358.92,24853.95938,2326.113195,900.5801814,0.057722317,AROSAL
58.87449468,0.097161289,18.7086,27.6388,6534.86,17981.47408,1597.57397,858.1502055,0.088534636,AROSAL
62.69230843,0.124258065,18.5282,27.7586,7264.88,7633.697784,1852.719043,639.1067252,0.027946389,NORM
67.72759857,0.063161288,18.8656,27.9188,4516.58,4528.619247,639.2883701,412.3505231,0.139245787,NORM
58.94035149,0.077419353,19.0512,27.7794,4579.68,4667.278122,648.5515429,395.0431448,0.139439094,AROSAL
62.7234436,0.083741935,19.3842,27.262,8392.26,4831.125122,672.9870117,417.5742879,0.134043199,AROSAL
66.63370132,0.087741937,19.3746,26.7844,8579.9,4464.116821,583.2969106,384.2740673,0.164879273,NORM
70.20610428,0.085612903,19.6364,26.6562,10192.9,6685.361542,820.1311756,522.0195733,0.124901634,NORM
62.74359016,0.078064517,19.86,26.5924,9180.66,3586.619598,486.0073367,258.6584102,0.19081369,NORM
58.42712517,0.116709675,20.3266,25.96,9029.26,9447.332275,1044.647468,706.0284778,0.108787637,NORM
