@relation esum_filtered_keel_nom
@attribute Sound real [46.22267342, 79.2527832]
@attribute Dust real [0.02916129, 0.39787096]
@attribute TempEN real [10.521, 26.891]
@attribute RH real [17.24, 60.8856]
@attribute Light real [287.76, 32280.1]
@attribute Area real [1274.667603, 36208.28889]
@attribute Perimeter real [205.8863296, 2834.509892]
@attribute Occlusivity real [84.20423509, 2375.982044]
@attribute Compactness real [0.022584873, 0.402656985]
@attribute EDA_label {AROSAL, NORM}
@data
59.98650513,0.055354837,20.3976,30.7226,1706.84,3316.957077,467.4217193,246.0321917,0.190779602,NORM
59.90283508,0.050774194,18.5756,33.6652,2640.28,1888.850494,308.7390199,117.3497605,0.249014368,NORM
57.21052628,0.049677418,18.1428,34.5106,3974.22,3386.889023,555.3306076,314.9627067,0.138009064,NORM
56.44736862,0.058903224,17.9764,34.8484,4008.88,3322.099487,553.7913033,341.8148063,0.1361226,NORM
56.81578979,0.048387095,16.4628,38.1786,1940.2,3973.923035,365.8333527,191.0530706,0.373132194,AROSAL
60.09851608,0.089212905,16.2342,38.3478,1386.76,9013.399063,1675.893605,845.2877782,0.040327897,NORM
64.79853363,0.074709674,13.9396,45.5078,1413.56,12775.35063,1692.20196,998.6417822,0.056063255,NORM
62.06882629,0.056322581,14.577,42.2602,3734.52,4538.606094,584.9579423,395.0608779,0.166679839,NORM
56.71929881,0.04292473,14.5674,42.4174,4303.74,4478.507721,590.6068253,394.3423801,0.161341566,NORM
56.48026371,0.043483871,14.4522,42.1636,2031.64,4979.20546,648.4009765,469.55633,0.148827296,NORM
57.28070246,0.076731187,14.3044,43.5114,1233.78,8302.942261,1054.033626,809.257342,0.093914565,NORM
64.61813278,0.072903225,13.7956,44.2116,1935.46,21484.71613,2715.384874,1969.477034,0.036616489,NORM
62.66666718,0.040645163,13.4298,44.7822,2752.22,5963.842911,827.8968773,657.7545296,0.109341133,NORM
61.39743525,0.073053762,13.3818,45.0138,1779.38,5994.397171,830.1933371,613.9162175,0.109294144,NORM
60.93589706,0.063806455,13.185,45.296,1746.28,1676.187531,276.4149939,103.187715,0.275682549,NORM
56.13157921,0.058451612,13.0304,45.464,1607.5,1547.137207,256.6398212,86.47700506,0.2951825,NORM
60.68376033,0.04004301,12.9248,45.6694,1580.68,1407.377563,243.6515641,89.54612642,0.297907941,NORM
59.51484566,0.059935485,12.8182,46.2412,2277.64,1654.911255,438.8496859,156.8501489,0.107982404,NORM
58.55263138,0.050387098,12.7606,46.6752,2296.56,2094.907532,540.3637015,371.8122918,0.090157609,NORM
56.68421021,0.055870968,12.7654,46.409,2017.46,1554.546158,283.7828131,149.7393316,0.242572356,NORM
59.34817734,0.076064519,12.8278,46.0624,2905.16,8055.48732,1780.554756,1079.182648,0.031929419,NORM
64.84981486,0.046838709,12.799,46.2326,4087.74,8055.48732,1780.554756,1079.182648,0.031929419,NORM
62.75213776,0.051397848,12.9728,45.8564,2734.86,9166.396271,1036.223396,833.8711306,0.107275786,NORM
63.41025581,0.04451613,12.9968,45.8778,2622.92,10270.00999,1157.180522,792.3228187,0.096378131,NORM
65.7380928,0.10935484,13.0832,46.175,2539.32,4275.976349,538.3978222,320.9647876,0.185369624,NORM
62.31623891,0.114967742,12.6444,46.5368,1709.98,2979.101273,365.8225331,182.5302799,0.279739778,NORM
62.20512772,0.129548383,12.524,47.148,1826.66,4718.566208,568.6947863,297.8493775,0.183341772,NORM
61.26923027,0.076258059,12.524,47.241,1544.42,4718.566208,568.6947863,297.8493775,0.183341772,NORM
61.16510849,0.045139785,12.5724,47.371,1367.82,4464.094498,574.8837786,358.4909925,0.169739584,NORM
59.07422409,0.049032258,12.5628,47.4502,2086.84,4464.094498,574.8837786,358.4909925,0.169739584,NORM
63.06410408,0.04748387,12.606,47.4062,2154.64,4464.094498,574.8837786,358.4909925,0.169739584,NORM
61.67948812,0.041677418,12.683,46.7214,508.52,3348.010345,634.6027112,401.9158356,0.104470292,NORM
61.27350438,0.043827957,12.678,46.82,494.32,3592.833405,781.2376662,553.6248888,0.073974254,NORM
60.9615387,0.065096775,12.6204,46.9802,1273.22,6353.474014,1062.927138,800.2617878,0.070666589,NORM
62.69231008,0.046451613,12.678,46.8076,931.08,12691.43449,1883.837832,1462.866856,0.04494005,NORM
61.03418859,0.092623654,12.6686,47.2714,1172.3,9227.542587,1037.252676,832.0083913,0.107777175,NORM
62.82051163,0.04148387,19.5742,29.2926,579.44,3003.228561,432.1739949,231.0828473,0.202060298,AROSAL
56.68606567,0.048903224,19.232,29.6182,569.98,2819.8246,409.6901478,229.0161324,0.211115888,AROSAL
61.23032036,0.039827956,18.3568,31.3636,614.14,1888.850494,308.7390199,117.3497605,0.249014368,AROSAL
62.11538391,0.066387094,18.0618,31.4764,855.38,3471.236771,463.7274887,295.485983,0.202846921,AROSAL
60.6662178,0.113548386,17.8526,31.9462,663.02,3845.070526,482.3216166,271.5340798,0.20770202,AROSAL
59.83940735,0.052903227,17.7622,32.301,629.9,3958.739044,516.7588943,297.0872961,0.186290547,AROSAL
61.09401652,0.040688172,17.32,33.1614,593.62,3865.437485,496.1589054,281.389685,0.197318105,AROSAL
59.85829887,0.105290325,17.1724,32.925,681.94,3884.518173,378.1081907,199.847059,0.341440356,AROSAL
52.140625,0.04232258,16.9534,33.8748,469.08,3846.023849,356.6492221,178.9691705,0.379961221,AROSAL
54.32330816,0.04752688,16.892,33.902,488.02,3884.518173,378.1081907,199.847059,0.341440356,AROSAL
60.43522224,0.049935482,16.7676,33.975,377.64,3944.502914,370.5486504,195.976355,0.361003717,AROSAL
53.625,0.069419356,16.0532,36.0804,500.62,10653.80118,1686.091908,976.0412903,0.047092524,AROSAL
61.5384613,0.054193548,15.3612,37.6964,338.22,6768.238693,1210.051835,768.5241203,0.058086817,AROSAL
63.12820511,0.043935484,15.3276,38.2206,317.72,5392.922592,998.0788056,437.1305127,0.068030613,AROSAL
61.83760681,0.039569892,15.127,38.007,360.28,7846.438889,1054.582239,628.757581,0.08865874,AROSAL
53.75219371,0.043853762,14.9456,37.8918,647.26,8522.591888,1023.716115,766.8836055,0.102193312,AROSAL
62.3076917,0.092688171,14.7306,38.6072,722.94,8347.484436,1984.021863,941.9671972,0.026648488,AROSAL
54.36513138,0.05051613,13.8436,41.283,599.96,1303.268921,323.5616994,181.7048146,0.156433473,AROSAL
60.18803329,0.048516127,13.6468,42.052,558.96,2094.907532,540.3637015,371.8122918,0.090157609,AROSAL
61.23076859,0.051935484,13.5604,42.0928,429.68,1586.439865,275.8926419,150.2943125,0.261910701,AROSAL
58.51416957,0.056129031,13.449,42.2884,470.68,4073.579498,960.5526546,716.66562,0.055480927,NORM
63.45299225,0.069419352,13.127,42.7552,716.62,3850.819031,488.9431769,311.3516696,0.202416632,AROSAL
65.0201458,0.04767742,12.9344,43.5812,795.48,3778.494003,533.7465931,333.6442557,0.166670358,AROSAL
65.5860822,0.099440858,12.9056,43.8036,294.04,2808.390366,331.9453256,171.2969375,0.320283248,NORM
62.10931129,0.05896774,12.9152,43.4156,656.72,4718.566208,568.6947863,297.8493775,0.183341772,AROSAL
61.98875453,0.050451613,12.8518,44.0354,633.06,3716.819138,423.6329204,217.7130861,0.260256682,AROSAL
62.60439606,0.044516129,12.847,44.1854,729.24,4900.049454,977.1444268,795.9872821,0.064490064,AROSAL
60.62820358,0.038645162,12.871,44.2946,820.7,6353.474014,1062.927138,800.2617878,0.070666589,AROSAL
62.87179438,0.054537634,17.1156,37.0754,2498.36,3135.828445,448.1708702,240.6897728,0.196189115,NORM
55.53947296,0.044774192,16.9486,36.9092,2449.5,3047.412354,437.2078671,231.8402919,0.200338839,NORM
53.375,0.045225805,16.8728,37.4586,2405.34,3003.228561,432.1739949,231.0828473,0.202060298,NORM
53.125,0.048967743,16.8106,37.7952,2395.86,2967.921295,427.9753244,232.8389317,0.20362204,NORM
63.44871712,0.039225807,15.4994,41.7884,2613.46,2527.866837,384.5554844,185.7109858,0.214805817,NORM
62.96153908,0.065548388,14.7496,43.4438,4056.2,2062.058716,431.1079793,252.8914476,0.139424395,NORM
64.69444567,0.079612901,14.3422,44.5918,3491.74,3524.880325,585.8220414,356.8207337,0.129069261,NORM
61.8461525,0.035483871,14.0932,45.2954,3334.04,3328.953125,379.5090804,217.4716718,0.290451217,NORM
58.18286057,0.046258064,13.8196,45.7994,3439.68,3833.974533,358.319514,188.1263612,0.375247811,NORM
54.89473673,0.035698925,13.6084,46.1848,3269.38,4032.006821,365.4894786,190.9113629,0.379298708,NORM
53.13267543,0.038946237,13.5796,46.0502,3321.42,4042.222351,363.5939909,185.7937327,0.384234776,NORM
58.19298261,0.038580644,13.2378,47.463,1990.64,7583.754456,1080.524775,392.5667929,0.081625277,NORM
61.54161148,0.051870969,12.9968,47.8034,2342.28,5943.269852,959.8439266,700.9478286,0.081065128,NORM
58.80431798,0.031681719,12.461,49.89,3863.84,4979.20546,648.4009765,469.55633,0.148827296,NORM
60.1587944,0.035870968,12.34,50.3152,2514.12,7993.362518,1109.534424,680.5659086,0.081593923,NORM
54.99013176,0.034580645,12.243,50.8404,2506.24,8597.709091,1061.741792,799.2538515,0.095841761,NORM
54.2192983,0.048860214,12.001,50.8682,3822.84,8427.496796,1026.131925,792.5241002,0.100577784,NORM
60.85897446,0.031870966,11.9338,51.0544,4617.54,11271.11342,1993.301007,1211.413825,0.035647651,NORM
61.44871788,0.032741935,11.832,52.0818,3318.28,19865.82089,2712.86113,1649.916699,0.033920423,NORM
59.0912292,0.031139784,11.6956,52.3842,1684.78,5895.887115,825.039217,654.8882832,0.10884534,NORM
58.13684341,0.031935484,11.6812,52.3524,2884.68,5895.887115,825.039217,654.8882832,0.10884534,NORM
70.32252579,0.040451612,11.4968,54.0746,3461.76,11040.05499,2008.224995,1064.906043,0.034399835,NORM
59.96086349,0.033032258,11.4576,53.465,3442.84,1443.696106,246.3144019,88.20309751,0.299023994,NORM
60.993927,0.032580646,11.2826,53.198,2857.86,1555.561615,287.441319,167.7034771,0.236591255,NORM
59.28340034,0.037225806,11.0582,54.8404,3170.06,9645.646957,1306.610612,815.6503042,0.070998449,NORM
64.86813278,0.031225806,10.883,54.94,2181.44,9046.970291,1036.534896,834.4636075,0.105814497,NORM
59.57354965,0.035096775,10.761,56.042,2802.68,4595.423035,812.0051959,611.4960217,0.087582582,NORM
61.8376063,0.033247311,10.785,56.237,3080.2,4275.976349,538.3978222,320.9647876,0.185369624,AROSAL
65.67948837,0.032903225,10.7802,55.4824,2656.02,4290.720551,634.6678809,358.8330091,0.133858839,AROSAL
61.79891942,0.035161289,10.6822,56.1022,3956.86,3985.707047,538.6806117,335.3146808,0.172604673,AROSAL
61.25438576,0.038451611,10.761,55.982,2985.6,2919.496658,360.8726474,169.1150903,0.281714963,AROSAL
59.83265991,0.031956988,10.761,55.9402,2022.18,2744.866745,331.0370417,167.0729425,0.314758846,AROSAL
61.67611389,0.054709676,10.746,55.9978,1415.16,2805.624664,328.7590091,168.8257508,0.326200115,NORM
63.11538467,0.035612904,10.7264,56.1504,1516.04,2902.955765,334.0011657,175.670605,0.327004943,NORM
60.81308937,0.032129033,10.741,56.0148,1465.6,3410.305161,373.6571132,182.714175,0.306942197,AROSAL
57.89473763,0.033419355,10.7264,56.0544,2725.4,4718.566208,568.6947863,297.8493775,0.183341772,AROSAL
62.42600098,0.036215054,10.6822,56.8056,1896.06,2878.509628,347.7689547,156.1588671,0.299085894,AROSAL
58.90958087,0.034817205,10.6724,56.3392,3731.4,12691.43449,1883.837832,1462.866856,0.04494005,NORM
63.42796021,0.036795699,10.541,56.9446,2074.22,1743.673645,240.4385509,126.0600254,0.379024134,AROSAL
57.21052602,0.037032259,16.4202,40.1286,4518.18,2741.352905,403.526802,223.8515479,0.211558286,NORM
57.20512772,0.048172041,15.1654,43.9478,3784.98,1888.850494,308.7390199,117.3497605,0.249014368,NORM
59.21794853,0.034064517,14.8496,44.458,6541.16,2118.109177,429.1978464,254.7048409,0.144491779,NORM
59.93522301,0.050709675,14.481,44.9918,4622.24,3328.953125,379.5090804,217.4716718,0.290451217,AROSAL
59.46626129,0.040890323,13.7812,47.222,3480.68,4333.322952,373.6676626,183.4871828,0.389995765,NORM
61.80769196,0.035483872,12.9008,47.9886,6451.28,11950.82747,2132.357152,1188.896792,0.033028431,NORM
59.80971756,0.032838709,12.7558,47.8898,6290.44,4665.545868,601.7004561,397.5212335,0.161939072,NORM
57.94736824,0.033161292,12.7462,47.8886,6194.28,4407.372086,576.2467055,378.9387472,0.166791022,NORM
56.61403567,0.050709676,15.0264,40.455,2766.44,3494.806427,359.7154939,209.7493542,0.339402237,NORM
54.29276352,0.040580644,14.936,41.2412,3111.72,4032.006821,365.4894786,190.9113629,0.379298708,NORM
55.89473724,0.057870965,14.7874,41.0146,5290.78,9013.399063,1675.893605,845.2877782,0.040327897,AROSAL
59.66261787,0.048193548,14.5338,42.249,2397.44,9013.399063,1675.893605,845.2877782,0.040327897,NORM
53.75,0.071548384,14.2418,42.1392,3217.38,5417.22551,706.2353795,467.1270213,0.136485916,NORM
59.72334518,0.041225807,13.7908,44.55,4702.66,4626.232635,593.2012466,392.9923476,0.165208817,NORM
59.24561348,0.053182794,13.8244,44.2214,4822.48,5098.316467,653.6821276,450.8537343,0.149935141,AROSAL
56.82456055,0.083913978,13.8532,44.7146,1919.7,8204.975235,1112.325656,717.1325947,0.083334192,AROSAL
54.06052628,0.042580645,13.666,44.4348,3524.82,8796.603455,1069.331132,820.9213937,0.096671945,NORM
60.19500656,0.077741933,13.6372,45.064,5054.28,8732.76442,1079.859067,809.5463884,0.094108196,NORM
60.27665253,0.039870967,13.497,45.247,2466.82,14124.56232,2703.568651,1700.048041,0.024283432,AROSAL
58.33751094,0.039612904,13.4298,45.2264,3925.34,5985.046707,850.9008452,602.203429,0.103877024,NORM
56.43859533,0.074193546,13.3722,45.369,3627.32,1303.268921,323.5616994,181.7048146,0.156433473,NORM
61.512146,0.049999999,13.088,45.0466,5342.82,4073.579498,960.5526546,716.66562,0.055480927,AROSAL
63.02197876,0.064903228,13.0592,45.3554,1803.02,6370.26326,1796.943568,1112.196108,0.024791247,AROSAL
59.15519524,0.040967741,13.016,45.7866,2747.5,9063.959213,1036.56952,813.5978961,0.10600612,NORM
62.55799764,0.055311827,13.016,45.5248,1703.68,3778.494003,533.7465931,333.6442557,0.166670358,AROSAL
62.28780314,0.03888172,12.876,46.0746,2520.44,3654.836548,454.7891603,260.3192185,0.222053495,NORM
58.05587189,0.03535484,12.881,46.1436,1914.94,14826.49474,1695.690096,712.6120663,0.064797072,NORM
61.21142629,0.05948387,12.751,46.705,2630.8,4718.566208,568.6947863,297.8493775,0.183341772,NORM
60.26990547,0.109032258,12.7126,46.601,3040.74,24853.95938,2326.113195,900.5801814,0.057722317,NORM
62.24359093,0.04664516,12.751,46.488,2388.0,15617.73747,1553.24724,934.7435033,0.081347985,AROSAL
59.71390114,0.076064516,12.6348,46.5108,2760.1,5162.644867,737.0117662,492.7941619,0.119435456,NORM
64.67548676,0.036903225,12.5772,46.7144,2999.78,4868.130966,694.1605692,446.2188299,0.126955709,NORM
60.34592845,0.078451611,12.514,47.3816,1804.58,2981.750473,353.2285732,162.8628018,0.300309801,AROSAL
61.58974304,0.049354839,12.4082,47.7082,1219.62,4073.579498,960.5526546,716.66562,0.055480927,NORM
61.93589783,0.074129029,12.413,47.7088,1350.5,4073.579498,960.5526546,716.66562,0.055480927,NORM
59.51754265,0.067870967,15.891,38.9486,2802.66,4865.717499,775.765545,435.5347499,0.101600485,NORM
59.98582878,0.05116129,15.8622,38.8364,3043.9,4220.47551,762.9689817,375.8646846,0.091108204,NORM
58.05263214,0.073161288,15.7432,39.1316,3048.64,3865.345474,766.262663,390.2210892,0.082726157,NORM
60.38191681,0.047419356,14.6584,41.502,1891.32,3294.541183,376.3198655,217.2374072,0.29234153,NORM
58.86977043,0.035096774,13.9348,43.9894,2224.0,9013.399063,1675.893605,845.2877782,0.040327897,NORM
59.97031021,0.035612904,13.7716,44.485,1341.02,9013.399063,1675.893605,845.2877782,0.040327897,NORM
56.21052704,0.043741938,13.233,45.5892,4273.78,4682.319504,608.13864,416.2830751,0.159098363,NORM
62.07692362,0.045548386,12.799,46.046,3786.56,9427.63826,1186.571952,872.4914295,0.084144284,NORM
53.35416667,0.033311827,12.5484,47.6894,3375.04,1654.911255,438.8496859,156.8501489,0.107982404,NORM
58.41565552,0.03948387,12.509,47.5978,3239.46,1303.268921,323.5616994,181.7048146,0.156433473,NORM
59.43859711,0.035268817,12.2872,48.8644,3857.52,8055.48732,1780.554756,1079.182648,0.031929419,NORM
62.01282043,0.048709676,12.3352,48.7232,4079.82,4073.579498,960.5526546,716.66562,0.055480927,NORM
58.71862297,0.038451614,12.2968,48.6196,2260.28,2828.504593,610.8027081,255.2299657,0.095271904,NORM
61.48717957,0.054838711,12.413,47.7088,2080.52,9102.159683,1038.607287,828.1835639,0.106035572,NORM
60.42307663,0.042129032,12.4178,47.5366,2479.44,9447.332275,1044.647468,706.0284778,0.108787637,NORM
55.95789642,0.036688172,12.374,47.735,2913.04,9104.848297,1037.240839,821.5556843,0.106346539,NORM
61.88888804,0.068946238,12.437,47.4958,4163.4,10149.35245,1214.757474,858.4839692,0.086430901,NORM
61.25641022,0.03483871,12.3544,47.5714,3608.38,10411.96289,1252.669913,799.8322402,0.0833814,NORM
58.47368469,0.034580645,12.3592,47.7208,3769.22,4290.720551,634.6678809,358.8330091,0.133858839,NORM
57.0519558,0.073225808,12.413,47.4432,3956.86,4039.99939,629.744786,372.9809389,0.128015337,NORM
58.94736811,0.046107527,12.437,46.9254,1214.88,2744.866745,331.0370417,167.0729425,0.314758846,NORM
59.56275152,0.056430106,12.4418,47.0252,3395.54,2977.948807,338.6455689,174.7546881,0.326314443,NORM
65.76434937,0.073548384,12.3592,47.8074,1683.2,24843.627,2368.523703,1203.375674,0.055650541,NORM
65.41392059,0.041806452,12.3938,47.7126,1711.56,7633.697784,1852.719043,639.1067252,0.027946389,NORM
65.89743652,0.034580644,12.413,47.5544,1665.82,16580.3914,1556.479507,939.2357943,0.086003837,NORM
62.48717957,0.035419354,12.437,46.7394,3242.58,4468.130707,578.6943911,347.9572928,0.167662982,NORM
61.64102554,0.042451612,12.369,46.6628,2922.52,3422.306076,509.4550271,305.4930573,0.165697902,NORM
64.82784042,0.0576129,12.34,45.5842,1430.92,3405.412109,640.415243,436.1705499,0.104341294,NORM
57.54790726,0.038322578,12.2286,46.1546,1457.7,12691.43449,1883.837832,1462.866856,0.04494005,NORM
60.2692318,0.03148387,12.137,46.5834,2484.16,9524.54039,1048.092115,691.1927343,0.108956962,NORM
64.25457764,0.045806451,15.2086,60.8856,32280.1,3357.720444,472.1600507,259.2200387,0.189267446,NORM
61.7780014,0.046080645,15.8336,59.1558,32280.1,2819.8246,409.6901478,229.0161324,0.211115888,AROSAL
55.26315765,0.055096774,16.4916,58.1686,32280.1,2820.998718,411.2053543,225.4853926,0.209650176,AROSAL
61.71794815,0.118645159,18.39,49.1936,5046.4,9493.668137,1410.784176,824.9203824,0.05994083,AROSAL
58.54453468,0.042903226,18.033,51.596,3673.04,3796.511719,359.2821896,200.3579607,0.369592569,AROSAL
61.93589706,0.04716129,17.3818,53.4216,3884.32,5315.946228,696.6753215,475.4245799,0.137635223,AROSAL
59.19551392,0.036387097,17.344,53.8592,3535.86,5943.269852,959.8439266,700.9478286,0.081065128,AROSAL
61.33333359,0.049225806,17.177,54.314,7572.34,4570.87384,586.6267002,397.5174607,0.166911187,AROSAL
62.19230843,0.046258065,17.0486,55.3424,5415.36,4339.479675,566.4784526,370.659957,0.169934177,AROSAL
59.59514046,0.038903227,17.0248,54.5678,5711.8,4486.253983,582.0922101,384.9612685,0.166383458,AROSAL
58.90868047,0.053935486,16.892,55.2028,2618.2,8451.465057,1047.633064,783.3725716,0.096766152,NORM
58.64304962,0.042258064,16.868,55.3218,2348.56,8650.410263,1059.449695,800.9415447,0.096846937,NORM
61.08974266,0.047935484,16.8872,55.4772,5565.14,20923.02463,2712.18261,2375.982044,0.035743451,AROSAL
58.74342155,0.042129031,16.7154,56.305,2164.1,5898.029831,805.2291772,608.5450142,0.114308315,AROSAL
61.57692261,0.040645161,16.7682,56.6658,2220.86,1483.378754,249.6611717,86.94734208,0.299061088,NORM
54.0,0.036838709,16.6866,55.4414,1776.24,1517.006393,502.3466525,221.7025475,0.075542308,AROSAL
52.98667346,0.045548386,16.582,55.2978,1698.96,1654.911255,438.8496859,156.8501489,0.107982404,AROSAL
58.83625793,0.036851614,16.0148,56.0112,4849.28,1743.673645,240.4385509,126.0600254,0.379024134,AROSAL
62.75641251,0.049935483,16.2676,56.262,4932.86,8055.48732,1780.554756,1079.182648,0.031929419,NORM
66.431014,0.051870967,16.5772,54.4842,5241.92,9118.392258,1037.061032,826.0110349,0.106541671,AROSAL
63.20512886,0.067354839,16.677,54.156,3168.48,4181.697586,553.7514448,350.6498291,0.171369189,AROSAL
59.32051315,0.060516131,16.5772,55.669,2933.54,3778.494003,533.7465931,333.6442557,0.166670358,AROSAL
62.23076935,0.040516129,16.487,54.9174,3597.36,2744.04863,332.5087359,164.7687053,0.311885761,AROSAL
64.19230576,0.038,16.415,54.8762,2790.06,4718.566208,568.6947863,297.8493775,0.183341772,AROSAL
61.77777786,0.036774194,16.3872,53.9234,2662.34,24853.95938,2326.113195,900.5801814,0.057722317,AROSAL
64.6846138,0.07967742,16.1914,54.5074,6443.4,5162.644867,737.0117662,492.7941619,0.119435456,AROSAL
64.99572601,0.062494622,16.511,54.0148,8630.36,7574.842453,1461.376283,841.4357622,0.044571716,AROSAL
60.56410294,0.041677418,16.8964,53.5796,4883.98,12691.43449,1883.837832,1462.866856,0.04494005,AROSAL
64.0415151,0.055268815,17.1156,52.792,2388.0,9432.126877,1044.663553,702.7801449,0.108609199,AROSAL
60.04588394,0.037109678,17.082,52.454,2566.16,9447.332275,1044.647468,706.0284778,0.108787637,AROSAL
64.66117439,0.044516128,21.915,32.5938,2881.52,2707.192215,398.3641821,206.0868118,0.214372163,AROSAL
64.0952376,0.084989244,21.6424,33.214,1394.62,4220.47551,762.9689817,375.8646846,0.091108204,AROSAL
62.875457,0.053612901,21.6808,33.0314,1337.88,2118.109177,429.1978464,254.7048409,0.144491779,AROSAL
62.41025658,0.040258064,21.9678,32.0188,2154.62,3647.176834,360.9869988,213.4121347,0.351709066,AROSAL
58.05060692,0.038387096,21.4326,32.4044,2249.22,3884.518173,378.1081907,199.847059,0.341440356,AROSAL
54.95394707,0.045999998,20.5454,34.6534,2164.1,4032.006821,365.4894786,190.9113629,0.379298708,AROSAL
60.45074234,0.058709679,20.9128,34.1336,757.64,5943.269852,959.8439266,700.9478286,0.081065128,AROSAL
63.71794929,0.075032257,20.9554,34.296,2080.52,12642.98363,2042.955507,1125.884587,0.038066384,AROSAL
59.95883942,0.040451611,20.8842,34.2762,1538.12,4485.895172,575.6921357,381.784642,0.170089847,AROSAL
62.35222931,0.083741933,20.8218,35.2728,1236.96,8780.663574,1053.738199,824.8364676,0.099373767,AROSAL
62.87179565,0.228516128,21.0512,34.965,2181.42,21785.71443,2714.20822,1940.556384,0.037161681,AROSAL
61.86707191,0.050516128,20.746,35.6996,1221.2,6077.39389,834.5599789,626.7353843,0.109650885,AROSAL
62.79776421,0.059483871,20.8506,35.8482,1028.82,5994.397171,830.1933371,613.9162175,0.109294144,AROSAL
58.86234856,0.053032259,20.936,35.1192,732.38,5908.763046,813.0329466,598.4705682,0.112328549,AROSAL
62.40171,0.051870967,20.9408,34.9216,1445.08,7116.194839,1989.848533,1076.667871,0.022584873,AROSAL
55.94736977,0.057806449,21.1462,35.0666,2285.46,1469.296646,215.8297512,117.685093,0.396366308,AROSAL
59.13967705,0.049290322,21.2604,35.1306,2228.76,2113.712585,287.1117067,144.5507027,0.322221115,AROSAL
56.10526428,0.067225803,21.2844,34.895,2219.3,2113.712585,287.1117067,144.5507027,0.322221115,AROSAL
64.42124583,0.072516125,21.318,32.6668,2572.48,9209.96814,1115.047044,899.0563862,0.093085409,AROSAL
62.13675105,0.045333333,21.1894,33.9676,1776.2,10152.10281,1207.715101,949.8801924,0.087465519,AROSAL
62.51343129,0.040111826,21.4274,34.9484,1609.06,4362.693497,548.2920135,320.3156759,0.182364679,AROSAL
57.75461146,0.080903225,21.3372,35.0784,1821.92,3778.494003,533.7465931,333.6442557,0.166670358,AROSAL
59.83265877,0.054387095,21.2086,34.1214,4595.44,4013.301315,538.3952493,319.1261857,0.173983953,AROSAL
64.82141228,0.053612902,21.199,34.5172,2957.18,4136.27388,549.0942909,342.4609036,0.17239525,AROSAL
59.65162888,0.053634406,21.3756,36.1888,3696.7,3038.244904,340.4630518,170.3685253,0.329376543,AROSAL
62.39743576,0.04148387,22.2884,32.1738,3657.3,4667.278122,648.5515429,395.0431448,0.139439094,AROSAL
66.55189158,0.057333331,22.4314,32.5934,2779.02,4667.278122,648.5515429,395.0431448,0.139439094,AROSAL
67.50061213,0.100967742,22.5658,33.0786,2080.54,7644.66304,1110.231687,812.9986125,0.077936514,AROSAL
61.87179337,0.044301075,22.3594,31.4988,1361.52,9102.410034,1038.548068,828.2577504,0.106050582,AROSAL
49.65519524,0.037612902,14.0274,35.666,5972.72,3263.18988,462.2215702,239.6852709,0.191933946,AROSAL
53.0,0.043161289,17.2864,42.1448,1186.5,2741.352905,403.526802,223.8515479,0.211558286,NORM
60.17543907,0.062258063,16.7202,44.0446,1344.2,1821.875107,304.7928174,113.3881719,0.246444431,NORM
59.44736862,0.04280645,16.4726,44.4074,1240.12,3386.889023,555.3306076,314.9627067,0.138009064,NORM
60.87336922,0.058322578,16.582,44.857,7846.72,3734.288544,497.9242375,315.4784428,0.189274105,AROSAL
60.02968877,0.052645159,17.7528,42.5494,965.76,4032.006821,365.4894786,190.9113629,0.379298708,AROSAL
60.3130909,0.041935484,17.5628,42.636,1024.12,5417.22551,706.2353795,467.1270213,0.136485916,NORM
54.0234375,0.039354837,17.701,42.0582,614.16,12775.35063,1692.20196,998.6417822,0.056063255,NORM
61.51281916,0.047311826,17.5676,41.6718,1872.38,4618.562149,595.1621563,398.4695409,0.163849847,NORM
60.13967628,0.093376338,17.5532,41.5742,1725.76,4538.606094,584.9579423,395.0608779,0.166679839,NORM
69.39589945,0.066666665,16.939,43.3596,4122.42,7846.438889,1054.582239,628.757581,0.08865874,AROSAL
59.85902367,0.040774193,16.9486,43.761,4333.7,8387.737534,1057.194872,621.3354386,0.094307146,NORM
61.48717842,0.041548386,16.7538,45.7804,4075.12,20923.02463,2712.18261,2375.982044,0.035743451,NORM
61.83333397,0.055032259,16.887,44.432,4907.66,21484.71613,2715.384874,1969.477034,0.036616489,NORM
63.89560471,0.04432258,16.787,44.1414,6684.64,19865.82089,2712.86113,1649.916699,0.033920423,AROSAL
63.97191544,0.059569893,16.7916,43.812,5300.24,14124.56232,2703.568651,1700.048041,0.024283432,AROSAL
63.03846321,0.038387096,16.8962,44.2748,2053.72,5851.256027,821.5335156,634.2568582,0.108945274,NORM
58.72379634,0.039311828,16.2298,48.0172,1965.44,1649.651123,452.4562616,317.1880721,0.101262528,NORM
60.31089783,0.040503225,16.0292,47.3786,2785.34,1586.439865,275.8926419,150.2943125,0.261910701,NORM
61.13765221,0.050425806,16.0484,47.4252,4169.72,1498.164856,253.7481353,132.7827313,0.292390831,AROSAL
59.42914963,0.10596129,16.0628,47.095,3029.72,1402.522552,238.8209825,119.2723468,0.309011581,AROSAL
56.3508784,0.042795699,16.0196,46.3432,946.84,1405.062836,209.4041028,113.3583947,0.402656985,NORM
59.95119146,0.039449461,15.4188,47.8314,7086.7,4073.579498,960.5526546,716.66562,0.055480927,NORM
58.8596494,0.041892473,16.5724,46.1924,7969.7,9537.968124,1047.806681,687.5577292,0.109170024,NORM
61.05921936,0.040387095,18.224,41.714,1719.44,4290.720551,634.6678809,358.8330091,0.133858839,NORM
58.84210663,0.053032258,17.924,42.0386,1421.46,3985.707047,538.6806117,335.3146808,0.172604673,NORM
54.64144707,0.039741935,17.6004,42.7554,1464.04,4013.301315,538.3952493,319.1261857,0.173983953,NORM
62.41025543,0.041032256,17.044,43.4866,1982.76,3623.139084,456.1576986,269.0661877,0.218808834,NORM
60.29082298,0.043225804,17.0106,43.3428,1590.16,2808.390366,331.9453256,171.2969375,0.320283248,NORM
62.29374695,0.048989245,16.6868,43.6092,1508.14,2860.30867,333.3502504,169.7427286,0.323460456,NORM
60.62781982,0.040387096,16.3296,45.6208,4131.86,18078.0144,1291.282354,551.5238679,0.136244243,AROSAL
63.71184285,0.041376342,16.296,44.9294,4822.5,16625.87091,1552.485608,915.0496458,0.086684032,NORM
57.18421059,0.068516129,16.3154,45.3674,5721.26,4900.049454,977.1444268,795.9872821,0.064490064,NORM
65.90476151,0.041225805,17.7244,42.476,8245.64,3420.38884,398.5966878,204.0857106,0.270531583,NORM
64.07784119,0.044580646,19.56,39.6246,6955.84,9227.542587,1037.252676,832.0083913,0.107777175,AROSAL
66.34798431,0.167053766,21.2562,28.0736,2337.54,3357.720444,472.1600507,259.2200387,0.189267446,AROSAL
60.2381916,0.09483871,20.8268,28.8256,1370.98,3213.005905,457.0934083,233.3532041,0.193246426,AROSAL
58.85087802,0.082881719,20.0026,29.929,1476.64,2875.740128,418.7393443,220.670666,0.20609714,AROSAL
56.42105331,0.105870966,18.9512,31.839,1698.94,3056.566681,578.2399095,383.9972726,0.114875552,AROSAL
62.40171,0.101161288,17.71,33.86,7428.84,9733.130707,1436.112811,835.0276787,0.05930418,AROSAL
63.42307739,0.146838707,17.5578,34.2848,6260.48,8513.122787,1401.788024,800.3521868,0.054442,AROSAL
53.5,0.107870967,18.1284,33.236,2408.5,3846.023849,356.6492221,178.9691705,0.379961221,NORM
60.63157768,0.11032258,18.4044,32.978,11254.06,4032.006821,365.4894786,190.9113629,0.379298708,NORM
62.30499344,0.128774198,18.3428,33.0518,3047.08,3336.458374,373.8842199,203.8461027,0.299930964,NORM
53.3125,0.116193551,17.496,35.2268,694.54,5296.423126,694.9198023,481.2536652,0.137823464,AROSAL
53.75175405,0.135096774,17.2912,35.6242,740.3,5352.200806,692.991763,476.0162414,0.140050969,AROSAL
59.62752991,0.12012903,17.5436,37.132,1102.92,4552.491501,595.5870684,401.791263,0.161275534,AROSAL
58.39473724,0.134967743,17.1818,36.7514,1057.22,4907.588058,641.1910353,467.3455881,0.150004083,AROSAL
61.69230728,0.148322581,16.582,38.275,3300.94,6376.82515,1019.782999,623.0030918,0.077054648,AROSAL
66.02631543,0.104967744,16.5964,37.9668,2895.72,8948.942047,1057.987607,635.8643254,0.100466298,NORM
62.2692318,0.118709675,16.6248,36.7794,997.28,8377.681274,1105.468724,846.3205541,0.086147123,AROSAL
60.4057579,0.114279571,16.4966,37.3362,1913.38,21785.71443,2714.20822,1940.556384,0.037161681,AROSAL
63.26923141,0.137870963,16.7442,36.8824,1730.5,6221.416183,845.3615981,652.953307,0.109399185,AROSAL
62.51465073,0.09903226,16.663,37.1268,5558.84,15257.61072,2148.204367,1206.308293,0.041547529,NORM
59.15384636,0.07167742,16.9342,38.0144,5210.38,1888.142349,502.5531536,341.2218087,0.093946497,AROSAL
56.70377808,0.093703225,16.9774,37.3464,3882.74,1600.415421,282.80332,153.8780168,0.251462706,AROSAL
57.61538493,0.11677419,16.8824,36.8052,4634.86,1316.127014,213.645532,114.3597104,0.362343135,NORM
61.50067444,0.11729032,16.8392,36.7104,6386.62,2113.712585,287.1117067,144.5507027,0.322221115,AROSAL
58.76113205,0.102580643,16.8964,36.9432,6952.7,8055.48732,1780.554756,1079.182648,0.031929419,AROSAL
58.38731461,0.14696774,17.4722,35.9548,6213.18,9430.942764,1045.710558,685.0161518,0.108378213,AROSAL
60.12280655,0.128129032,17.5148,35.9978,5990.86,9522.91716,1048.199109,686.2211806,0.108916154,AROSAL
63.99735184,0.137677419,17.9572,36.087,5197.76,4013.301315,538.3952493,319.1261857,0.173983953,AROSAL
60.56477737,0.145161286,17.9668,35.7686,4800.44,4013.301315,538.3952493,319.1261857,0.173983953,AROSAL
62.69005814,0.077268817,17.5772,36.4142,5809.56,2945.576035,357.800172,176.4977813,0.289133898,AROSAL
61.53846169,0.084709679,17.629,36.2174,5427.96,2785.483246,339.8963771,164.0989263,0.30298236,AROSAL
61.5512825,0.091419355,17.7194,35.8096,5013.28,24853.95938,2326.113195,900.5801814,0.057722317,AROSAL
58.59109319,0.051827956,17.7912,35.7902,4978.58,17041.38597,1335.939718,579.3515015,0.119988895,AROSAL
58.95141563,0.120774189,17.7672,36.0292,14398.1,11641.59657,1541.89134,961.3621988,0.061533961,AROSAL
72.12168986,0.121849458,18.0762,35.6096,11684.52,15617.73747,1553.24724,934.7435033,0.081347985,AROSAL
62.65924339,0.090064512,18.6042,34.3972,15653.2,4458.621948,645.5602301,458.2132346,0.134442623,AROSAL
64.51648178,0.095096773,19.7268,32.9336,13160.36,2876.500305,350.7680726,163.5787812,0.293788083,AROSAL
55.21077957,0.061741934,20.1978,31.0916,12879.7,8792.590195,1207.860044,847.7691987,0.075734448,AROSAL
52.3125,0.045892472,20.4074,32.3792,1090.32,2707.192215,398.3641821,206.0868118,0.214372163,NORM
61.16666565,0.045419354,20.1598,32.4832,984.7,2553.638855,381.6681385,208.2307887,0.220291393,NORM
60.06680145,0.086258061,19.3368,33.4788,1350.48,3524.880325,585.8220414,356.8207337,0.129069261,NORM
60.69230754,0.054236558,19.646,34.3376,9740.38,3647.176834,360.9869988,213.4121347,0.351709066,NORM
54.85714264,0.050322581,20.4312,32.9976,9614.26,3944.502914,370.5486504,195.976355,0.361003717,NORM
62.79487305,0.045548387,20.4266,32.0292,1167.6,5449.970352,702.2449313,496.5640254,0.138875865,NORM
53.50625,0.046477418,20.2076,33.275,611.0,5943.269852,959.8439266,700.9478286,0.081065128,NORM
58.16036758,0.046172042,19.4126,33.3012,1752.56,5225.683319,665.4206039,497.8010168,0.148306595,NORM
63.71795044,0.045393548,19.408,33.3206,3387.64,6768.238693,1210.051835,768.5241203,0.058086817,NORM
58.49932518,0.056129031,19.0702,33.3424,4100.36,7993.362518,1109.534424,680.5659086,0.081593923,AROSAL
61.48717918,0.04651613,19.3178,34.0042,3395.52,8597.709091,1061.741792,799.2538515,0.095841761,NORM
58.35087674,0.044537635,18.9702,35.4024,3398.66,8755.084915,1074.49868,821.3389178,0.095292441,NORM
64.44139099,0.042064516,19.0178,35.7802,3434.96,8427.496796,1026.131925,792.5241002,0.100577784,NORM
54.70175476,0.042080645,18.7562,35.2572,1106.1,1873.197845,443.0643946,156.0443855,0.119911217,NORM
55.97368469,0.04116129,18.4616,35.3924,1110.86,1654.911255,438.8496859,156.8501489,0.107982404,NORM
58.40913175,0.042589246,18.3284,36.0848,2745.92,6370.26326,1796.943568,1112.196108,0.024791247,NORM
60.38124199,0.061935484,18.6518,35.1294,6940.12,16247.91142,1998.296898,1179.968997,0.051131364,NORM
66.7060463,0.045290322,20.4978,32.009,1402.5,2851.547867,347.3789289,166.9544604,0.296950176,NORM
60.99999924,0.043741936,20.5262,31.8982,964.18,2808.390366,331.9453256,171.2969375,0.320283248,NORM
62.89743652,0.056645163,20.388,32.245,6249.46,16625.87091,1552.485608,915.0496458,0.086684032,NORM
65.81746114,0.043870969,20.9746,31.5586,6545.88,4667.278122,648.5515429,395.0431448,0.139439094,NORM
66.53968048,0.045505376,21.0558,31.319,5844.22,4458.621948,645.5602301,458.2132346,0.134442623,NORM
65.99450531,0.046,21.5806,31.3644,6323.56,2786.369446,340.3305014,149.1341221,0.302306034,NORM
67.06550903,0.047483869,22.5562,29.1068,7083.56,12691.43449,1883.837832,1462.866856,0.04494005,NORM
63.89377365,0.046580644,22.4746,29.0128,7056.74,14436.0423,1985.01785,1182.869263,0.046039349,NORM
46.22267342,0.036258064,18.932,20.5932,1893.68,3357.720444,472.1600507,259.2200387,0.189267446,AROSAL
57.02631683,0.044696774,23.5546,25.756,2124.68,3357.720444,472.1600507,259.2200387,0.189267446,NORM
61.66666565,0.045359139,23.3184,26.229,901.12,3135.828445,448.1708702,240.6897728,0.196189115,NORM
63.99886068,0.044172044,21.4086,29.5976,1230.66,2843.716171,413.7934294,213.8970911,0.208703115,NORM
56.85919851,0.044086022,20.9508,30.3958,1397.8,2843.716171,413.7934294,213.8970911,0.208703115,NORM
65.0024409,0.050494624,19.6172,32.5734,7154.52,3524.880325,585.8220414,356.8207337,0.129069261,NORM
66.3928566,0.117225808,20.679,30.8334,8724.96,3944.502914,370.5486504,195.976355,0.361003717,NORM
61.76923065,0.046580644,21.4468,29.5672,683.52,5408.877014,811.9864546,597.4190417,0.103090679,NORM
55.79276428,0.045903225,21.533,30.05,446.98,12775.35063,1692.20196,998.6417822,0.056063255,NORM
57.01754303,0.045505376,21.6376,29.5564,473.84,5408.877014,811.9864546,597.4190417,0.103090679,NORM
64.43040466,0.051870967,20.7602,30.0458,5055.86,10323.66219,1648.995822,1009.61726,0.047709464,NORM
62.74359105,0.044301076,20.5074,30.4118,1298.46,4485.895172,575.6921357,381.784642,0.170089847,NORM
61.21390038,0.044258065,20.6836,30.1464,4297.46,4748.480179,925.3451727,378.3796699,0.069687834,AROSAL
56.71381607,0.049290322,20.5646,31.0502,3258.36,8755.084915,1074.49868,821.3389178,0.095292441,NORM
59.47143428,0.047397847,21.0888,30.7482,3685.64,19865.82089,2712.86113,1649.916699,0.033920423,NORM
64.10317586,0.051913977,21.2892,31.146,2602.44,6107.725174,854.3554045,642.0423734,0.10515071,NORM
64.10744832,0.04540215,21.2226,30.8532,1758.86,6116.997421,852.9957189,654.2745384,0.105646341,NORM
62.89743462,0.05003871,21.1222,30.4036,1457.7,6154.90535,840.9968146,635.9802719,0.109355981,NORM
57.02302589,0.044322581,21.27,30.5632,1140.78,6077.39389,834.5599789,626.7353843,0.109650885,NORM
59.90868149,0.044301076,21.1654,31.0818,3527.98,1511.496674,253.4728025,88.9223392,0.295633964,NORM
70.94841385,0.102838705,21.1606,31.0214,4220.18,1471.960663,342.168934,172.1238536,0.157988296,NORM
60.41604042,0.042258065,20.8266,30.7526,4259.58,1323.738617,417.7672561,186.5161052,0.095311062,NORM
63.38461418,0.049225806,20.4168,31.47,2890.98,1316.127014,213.645532,114.3597104,0.362343135,NORM
59.63067932,0.065161292,19.8646,31.893,7375.26,1578.3797,225.0002323,121.0043412,0.391791868,AROSAL
65.02930527,0.045548387,20.4264,31.6836,6050.78,9118.392258,1037.061032,826.0110349,0.106541671,AROSAL
64.56318817,0.051612904,20.622,30.8018,7703.22,9432.126877,1044.663553,702.7801449,0.108609199,AROSAL
63.0,0.047354838,20.4168,31.0506,7495.08,10152.10281,1207.715101,949.8801924,0.087465519,AROSAL
68.03663101,0.04832258,21.4898,31.0162,9060.8,4039.99939,629.744786,372.9809389,0.128015337,AROSAL
60.67948761,0.045741935,22.2068,28.816,2406.9,5621.852753,832.0634066,596.55402,0.102041418,AROSAL
53.0,0.045225806,21.867,29.4878,1795.16,4238.811768,632.480708,351.2602617,0.133155598,AROSAL
57.0526329,0.045354838,21.9054,29.5714,1793.56,3984.659546,495.5549768,293.4887624,0.203900082,AROSAL
57.0240387,0.043870969,21.8814,29.7708,1910.24,3850.819031,488.9431769,311.3516696,0.202416632,AROSAL
53.55769231,0.044301076,21.8286,29.76,1916.54,4238.811768,632.480708,351.2602617,0.133155598,AROSAL
60.22469597,0.043290324,21.4706,30.5534,3345.1,3985.707047,538.6806117,335.3146808,0.172604673,AROSAL
61.7307682,0.043655915,21.461,30.2518,2618.2,4673.625748,656.8711464,369.9116824,0.136114197,AROSAL
60.57692223,0.043376346,21.1606,30.734,2217.7,2744.04863,332.5087359,164.7687053,0.311885761,AROSAL
60.45569089,0.044795699,20.9552,30.9836,2883.1,23482.20082,2336.241711,921.2115389,0.054064615,AROSAL
60.89724299,0.053892471,21.3612,30.5976,11326.6,4458.621948,645.5602301,458.2132346,0.134442623,AROSAL
66.41849747,0.046903224,23.1792,28.962,7152.92,3592.833405,781.2376662,553.6248888,0.073974254,NORM
67.75000076,0.050322579,22.9248,27.7592,7905.04,9430.942764,1045.710558,685.0161518,0.108378213,AROSAL
60.82996025,0.059032258,23.3568,27.9218,10396.32,9522.91716,1048.199109,686.2211806,0.108916154,AROSAL
66.32539571,0.044516129,20.717,28.8098,497.48,3357.720444,472.1600507,259.2200387,0.189267446,AROSAL
67.17674026,0.229096774,20.3978,30.1758,456.46,3086.786118,440.967858,230.8523117,0.199481457,NORM
54.85197372,0.044722581,20.2362,30.8888,470.68,3090.560501,441.979236,230.2761894,0.19881236,NORM
65.61538162,0.054516128,20.5646,30.4836,492.74,2920.837875,423.6434831,220.6520392,0.204510804,NORM
65.81501846,0.045677419,20.1216,30.7456,1353.66,8768.522034,1442.654309,858.2146681,0.052943385,NORM
64.96398061,0.044430108,20.1168,30.712,603.1,3616.447052,492.0162571,299.2954948,0.187729736,AROSAL
58.04335327,0.172516127,19.7886,30.8834,604.68,3846.023849,356.6492221,178.9691705,0.379961221,NORM
62.26923103,0.043509679,18.9704,32.3828,590.46,3884.518173,378.1081907,199.847059,0.341440356,NORM
64.86842117,0.047096773,19.3084,31.963,1044.6,12775.35063,1692.20196,998.6417822,0.056063255,NORM
65.0549441,0.043182797,19.2034,32.1922,704.02,5603.813736,757.4586566,526.3962681,0.122737052,NORM
65.27985504,0.043806452,19.1462,32.3854,1074.54,4570.87384,586.6267002,397.5174607,0.166911187,NORM
66.30555344,0.043225808,18.8612,33.6852,948.4,6519.618759,1069.399205,833.786453,0.071639468,AROSAL
67.08302561,0.045387096,18.8706,34.0872,5571.44,8750.497086,1056.348336,675.4763072,0.098543568,NORM
64.47985229,0.044516129,18.9034,33.946,385.52,8948.942047,1057.987607,635.8643254,0.100466298,NORM
63.92307816,0.067612904,18.8706,33.7848,581.02,8302.942261,1054.033626,809.257342,0.093914565,NORM
60.99775009,0.047655913,18.8938,32.8516,1088.74,8365.816956,1054.517362,807.518133,0.094538945,NORM
70.99523926,0.0412043,18.937,33.2182,1079.28,8427.496796,1026.131925,792.5241002,0.100577784,NORM
68.83333282,0.042903226,18.747,33.319,1396.2,14124.56232,2703.568651,1700.048041,0.024283432,NORM
66.83333054,0.051419354,18.747,33.2794,1087.16,8336.062607,1701.269152,1191.834941,0.036193016,NORM
67.20952637,0.047225807,18.6942,34.156,760.78,5805.36705,808.2310013,629.5994365,0.111678234,NORM
69.39047699,0.043870969,18.6942,34.2024,1161.26,5966.44104,826.0954199,602.8527746,0.109866373,NORM
64.16025391,0.045612903,18.6328,33.631,606.28,1395.231125,320.0620919,185.4932802,0.171154192,NORM
64.67582474,0.043548387,18.628,33.5192,636.22,1554.546158,283.7828131,149.7393316,0.242572356,NORM
64.60683695,0.043870969,18.604,33.6812,443.86,1580.254181,265.2187749,148.694257,0.282311314,NORM
63.92307587,0.045458064,18.604,34.0426,396.54,1333.285522,229.3176493,117.8933952,0.318609019,NORM
56.05263138,0.042903225,18.533,33.7666,511.66,9447.332275,1044.647468,706.0284778,0.108787637,NORM
57.44399452,0.043935485,18.5474,33.7414,508.5,9102.410034,1038.548068,828.2577504,0.106050582,NORM
67.29365133,0.043655915,18.5378,33.8982,606.24,9908.115204,1050.995517,788.1233759,0.112719534,NORM
68.14285736,0.044774195,18.5708,34.2562,342.92,9900.172363,1065.33816,794.5987042,0.109616935,NORM
70.59809418,0.043445163,18.58,33.9548,961.04,6457.314331,989.0805555,611.5189345,0.082946576,NORM
67.41666718,0.043241937,18.747,33.615,844.36,3680.70491,530.4814515,304.466736,0.164361637,NORM
66.18681183,0.042580645,18.723,33.8628,680.38,3410.305161,373.6571132,182.714175,0.306942197,NORM
61.10526276,0.042774195,18.747,33.7932,443.82,18078.0144,1291.282354,551.5238679,0.136244243,NORM
66.78571396,0.042516129,19.008,33.3892,1531.82,2919.496658,360.8726474,169.1150903,0.281714963,NORM
65.54051844,0.042322581,19.008,33.3694,1596.46,6877.30188,1493.183575,460.0018655,0.038761586,NORM
62.34358856,0.042150539,19.008,32.9744,950.0,9104.848297,1037.240839,821.5556843,0.106346539,NORM
64.02564163,0.07851613,13.8964,46.7636,7383.14,3357.720444,472.1600507,259.2200387,0.189267446,AROSAL
68.05830536,0.04251613,13.762,47.4312,1331.54,3098.434418,444.1100334,235.9602137,0.197410843,NORM
65.0402916,0.042580645,13.786,47.4342,1143.92,2774.293182,404.5494113,219.7982244,0.213019358,NORM
65.73443184,0.086774196,13.377,48.9974,3821.24,4220.47551,762.9689817,375.8646846,0.091108204,NORM
61.37179413,0.047096774,13.449,48.8896,2373.82,1865.179535,437.9570628,250.3884327,0.122198939,NORM
66.25641174,0.042064516,13.5508,48.711,4672.7,2522.818008,545.1415469,360.1489186,0.106678579,NORM
63.77472534,0.044967743,13.7092,47.9516,1539.7,3328.953125,379.5090804,217.4716718,0.290451217,NORM
60.11066246,0.049354839,13.738,47.763,1438.78,3550.262558,357.5479059,210.805739,0.348981061,NORM
59.89293696,0.042709677,13.738,47.9118,1170.74,3884.518173,378.1081907,199.847059,0.341440356,NORM
52.5,0.040193548,13.666,47.8904,948.42,3391.124741,429.2304026,255.5893533,0.231298426,NORM
60.68421097,0.043612902,13.4106,48.6864,2077.36,5529.622391,712.127131,515.4107789,0.137021991,NORM
55.17105293,0.042451614,13.329,49.0464,2033.22,5417.22551,706.2353795,467.1270213,0.136485916,NORM
53.8125,0.042387096,13.4394,49.024,1702.1,5315.946228,696.6753215,475.4245799,0.137635223,NORM
63.55128365,0.045032258,13.281,48.9286,1345.76,14124.56232,2703.568651,1700.048041,0.024283432,NORM
56.26315804,0.04548387,13.2426,48.9176,1169.16,6116.997421,852.9957189,654.2745384,0.105646341,NORM
60.59828974,0.043655915,13.2714,48.6804,1131.32,6221.416183,845.3615981,652.953307,0.109399185,NORM
60.38169149,0.04064516,13.2138,49.321,522.68,5866.321075,806.8020082,616.9755003,0.113250923,NORM
61.48718033,0.043290322,13.0208,49.7568,694.54,1402.522552,238.8209825,119.2723468,0.309011581,NORM
60.41025543,0.041548387,13.0016,49.7114,735.54,1292.667847,210.7859395,112.1565844,0.365606186,NORM
57.2631588,0.045999999,13.329,48.651,1082.42,9394.24733,1044.580139,698.9370447,0.1081903,NORM
62.74358978,0.061290322,13.522,48.602,1016.22,4212.828201,586.0932349,375.6802367,0.154116876,NORM
59.66194344,0.046774194,13.57,48.33,622.06,3778.494003,533.7465931,333.6442557,0.166670358,NORM
63.94261322,0.040774194,13.497,48.8278,1158.12,2881.185837,353.6744402,169.1822756,0.289450154,NORM
55.60657959,0.041290321,13.522,48.6206,549.48,23482.20082,2336.241711,921.2115389,0.054064615,NORM
62.14826111,0.042838709,14.1892,46.776,5167.8,9314.605286,1291.43646,963.9570272,0.070182403,NORM
69.35225906,0.062967741,14.3092,46.9344,3088.08,9645.646957,1306.610612,815.6503042,0.070998449,AROSAL
60.65249596,0.072645161,16.058,43.2818,17556.32,2843.716171,413.7934294,213.8970911,0.208703115,AROSAL
58.55263214,0.095935486,17.6434,39.5932,16301.24,1813.676529,434.7555549,256.4953891,0.120581149,AROSAL
58.57827148,0.12987097,17.7148,39.2396,18619.08,2062.058716,431.1079793,252.8914476,0.139424395,AROSAL
63.15206375,0.249935482,18.1048,38.188,3092.8,3373.962418,380.0720645,226.1179482,0.293506825,NORM
63.29743622,0.06264516,17.6722,39.1576,3315.12,3904.903625,367.0661916,191.2928652,0.364192847,AROSAL
53.69407845,0.044645161,17.5436,40.547,2829.48,6330.478516,986.1318297,729.5622865,0.08180436,NORM
58.42094065,0.102365588,17.5772,40.1652,2864.18,7804.236313,1793.684597,995.6572309,0.030482327,NORM
61.52294273,0.043870969,17.1914,41.1748,5626.62,4485.895172,575.6921357,381.784642,0.170089847,NORM
58.00854746,0.057806452,17.4006,41.2112,4721.6,4814.882645,615.9570041,407.1879383,0.159475794,NORM
59.58771985,0.043131185,17.458,40.9228,4056.2,4907.588058,641.1910353,467.3455881,0.150004083,NORM
61.71794891,0.060580644,17.558,40.4266,4169.72,6116.174072,1043.586799,413.8852471,0.07057202,NORM
64.33333435,0.056903227,17.5436,40.2322,4100.34,7993.362518,1109.534424,680.5659086,0.081593923,NORM
63.23076935,0.069612904,17.4626,40.2298,2727.0,7846.438889,1054.582239,628.757581,0.08865874,NORM
61.16329308,0.044064517,17.4006,40.8778,1793.56,8651.739807,1056.100442,664.7493103,0.097477159,NORM
61.2699056,0.044344087,17.3486,41.167,1419.9,8585.057724,1056.316682,658.1916272,0.09668627,NORM
65.7506279,0.05367742,17.201,41.0606,3535.86,8419.304214,1038.13462,798.8164989,0.098169983,NORM
64.84981766,0.043467743,17.3676,40.3738,4131.88,12091.94945,1714.43857,1251.344639,0.051696642,AROSAL
52.78409091,0.04696774,16.9534,41.7302,1377.3,1388.805435,267.3551244,107.755157,0.244159848,AROSAL
63.1538475,0.053096775,16.3248,42.3854,3826.0,4073.579498,960.5526546,716.66562,0.055480927,AROSAL
60.23166911,0.04283871,16.5062,42.3046,3892.2,4073.579498,960.5526546,716.66562,0.055480927,AROSAL
60.88888855,0.054580644,16.9012,41.7242,2269.74,9113.978561,1037.884575,833.2960575,0.106321171,AROSAL
61.12820511,0.044225807,16.9246,41.4968,2312.3,9104.848297,1037.240839,821.5556843,0.106346539,AROSAL
54.625,0.043741936,16.9438,40.8336,2123.1,9441.705139,1046.023229,686.5131999,0.108437036,AROSAL
56.48976568,0.06860215,16.7058,41.6576,3258.38,15649.20178,1965.455876,1379.275775,0.05090676,AROSAL
57.39327507,0.044000001,16.6818,41.5204,1552.32,7253.916443,1185.891354,644.8084552,0.064817549,AROSAL
55.71710663,0.047419355,16.7538,41.382,1475.04,4420.450058,557.3374134,369.4586116,0.178829827,AROSAL
68.40201683,0.044580645,16.3104,41.6766,1878.72,3778.494003,533.7465931,333.6442557,0.166670358,NORM
67.47692184,0.043612904,16.415,42.2494,2719.14,3726.904266,464.0130824,289.3411205,0.217519227,AROSAL
64.80769196,0.04483871,16.415,42.1286,2454.22,2945.576035,357.800172,176.4977813,0.289133898,NORM
61.55128288,0.044774194,16.2392,42.6618,1697.36,2919.565689,332.1037848,169.3816834,0.33264459,AROSAL
65.39285622,0.044451613,16.2106,42.963,2124.68,3716.819138,423.6329204,217.7130861,0.260256682,AROSAL
57.41205597,0.047526881,16.249,42.478,1303.2,17041.38597,1335.939718,579.3515015,0.119988895,AROSAL
63.54944992,0.042709677,16.2346,42.7818,2681.28,21907.54071,1700.78295,890.2854022,0.095171235,AROSAL
62.47435875,0.062387096,16.106,43.0716,2523.6,20686.61787,1582.393434,797.9472466,0.103817463,AROSAL
64.77197876,0.053096774,16.6106,42.0422,5855.26,3110.599396,365.0318009,175.7330374,0.293354359,AROSAL
62.68421059,0.044451612,16.7682,42.1116,3674.62,3057.951721,359.9743807,174.3526585,0.296549572,AROSAL
63.12637329,0.044709678,16.8154,41.9956,3580.02,2981.750473,353.2285732,162.8628018,0.300309801,NORM
63.47008464,0.086451616,16.8536,41.4952,3302.54,4243.014267,752.9393365,535.9980925,0.094051209,NORM
66.81282132,0.0472043,17.4958,40.5162,13415.82,9046.970291,1036.534896,834.4636075,0.105814497,AROSAL
62.17948723,0.136903223,17.4626,40.172,2288.68,1300.803024,224.1092199,116.9474031,0.325463248,AROSAL
60.4343221,0.108817206,17.4198,41.4184,10514.58,2920.837875,423.6434831,220.6520392,0.204510804,NORM
53.55592117,0.044954839,17.8384,40.5922,10017.9,2741.352905,403.526802,223.8515479,0.211558286,NORM
60.82051163,0.053677419,18.3806,39.369,11834.32,2528.860855,392.6939597,200.115329,0.206075497,NORM
61.24178925,0.052086022,18.6422,38.8858,13131.98,3500.370682,757.504976,364.9415686,0.076657195,NORM
60.87179489,0.04967742,18.7896,38.5644,11288.78,1878.760422,311.4385139,119.2887886,0.243408999,NORM
61.92735074,0.062279567,19.2366,37.4798,12414.56,3322.099487,553.7913033,341.8148063,0.1361226,NORM
56.43157959,0.050408603,18.7562,36.8772,1552.32,3904.903625,367.0661916,191.2928652,0.364192847,NORM
57.2521815,0.058258066,18.49,37.7804,1563.34,3973.923035,365.8333527,191.0530706,0.373132194,NORM
53.15,0.049612902,17.9432,40.1086,1557.06,3973.923035,365.8333527,191.0530706,0.373132194,AROSAL
60.73182856,0.050322579,18.0762,40.7408,1385.18,3391.124741,429.2304026,255.5893533,0.231298426,NORM
60.39676056,0.056516127,18.3048,38.8762,6638.92,4485.895172,575.6921357,381.784642,0.170089847,NORM
64.64164441,0.053935482,18.1048,39.7912,3083.32,7993.362518,1109.534424,680.5659086,0.081593923,NORM
55.17434235,0.045367742,17.5052,41.5368,2892.54,8796.603455,1069.331132,820.9213937,0.096671945,NORM
53.66798248,0.048997848,17.7054,41.732,2892.56,8755.084915,1074.49868,821.3389178,0.095292441,NORM
60.12213097,0.05032258,18.0142,40.1034,5186.72,8419.304214,1038.13462,798.8164989,0.098169983,NORM
53.125,0.044387097,17.6292,40.9802,872.74,1517.006393,502.3466525,221.7025475,0.075542308,NORM
57.55263176,0.047483869,17.2676,42.7106,1930.74,1542.962814,260.1753731,148.8361342,0.286439529,NORM
59.3394062,0.044451613,17.0628,42.4766,1397.78,1345.910065,205.8863296,111.4983611,0.39899815,AROSAL
63.15384598,0.116903218,17.6102,41.4972,11924.18,9441.029831,1130.084937,883.9300169,0.092898149,NORM
61.88461571,0.047870965,17.6958,41.3146,12192.24,9122.123199,1036.100118,831.9636055,0.106783057,NORM
58.39473724,0.044051614,17.7102,41.06,3838.6,9838.690094,1052.385247,800.403158,0.111634297,NORM
64.47344398,0.046387095,17.8052,40.6916,1850.32,4283.13765,540.1102482,319.3920232,0.184504541,NORM
56.17543818,0.048817204,17.439,41.2794,2697.04,17981.47408,1597.57397,858.1502055,0.088534636,AROSAL
70.4968689,0.049462365,18.7134,39.2234,6590.02,4315.973145,617.5874652,361.7228827,0.142197399,AROSAL
73.27555059,0.071225805,18.823,39.2156,5659.74,3586.619598,486.0073367,258.6584102,0.19081369,AROSAL
61.79731496,0.11148387,19.1846,39.293,5134.7,3329.189575,676.501739,478.8274779,0.091413546,AROSAL
59.1889328,0.045741935,19.4648,38.3752,5136.28,3316.072525,501.3046567,272.5678066,0.165817517,AROSAL
60.82051392,0.048129031,24.2622,31.852,1673.72,3263.18988,462.2215702,239.6852709,0.191933946,AROSAL
63.63369904,0.083612904,22.5898,34.1044,3581.58,4878.81163,769.0770711,416.9537631,0.103653552,AROSAL
61.77552795,0.079483873,22.585,34.4756,9969.0,9125.151688,1508.592971,968.7946241,0.050385526,AROSAL
55.16447357,0.048180642,23.1984,34.7988,8455.34,4042.222351,363.5939909,185.7937327,0.384234776,AROSAL
64.55219803,0.049677417,23.6986,33.9478,5103.18,3379.778198,362.8887869,196.6962656,0.322515778,AROSAL
60.33041051,0.046774192,24.1268,31.5448,1265.36,12775.35063,1692.20196,998.6417822,0.056063255,NORM
61.88461533,0.048387095,23.862,32.0922,1544.42,5441.59816,722.9915833,476.1430697,0.130818706,NORM
59.60526276,0.047225806,23.3856,33.286,1825.08,4665.545868,601.7004561,397.5212335,0.161939072,NORM
60.97435939,0.053892471,23.5066,34.4756,3393.96,9427.63826,1186.571952,872.4914295,0.084144284,AROSAL
59.67858785,0.052941934,23.4774,34.2734,5306.54,9388.188248,1957.138648,1078.628029,0.03079984,AROSAL
62.17948837,0.044258065,23.04,35.0624,2020.6,5959.535309,808.0409063,613.6837096,0.114697927,AROSAL
60.98020732,0.046946235,23.2944,34.7682,3311.96,7116.194839,1989.848533,1076.667871,0.022584873,AROSAL
57.55263214,0.04457478,22.2596,35.9658,1769.92,1471.960663,342.168934,172.1238536,0.157988296,AROSAL
54.99342117,0.044000001,21.8814,36.7322,1749.4,1873.197845,443.0643946,156.0443855,0.119911217,AROSAL
56.65317078,0.046451613,21.843,37.5294,3341.92,1351.433456,321.6887465,184.1554877,0.164109149,AROSAL
60.12483025,0.044903226,22.3306,35.2926,7712.68,4073.579498,960.5526546,716.66562,0.055480927,AROSAL
64.24786326,0.054365591,24.026,33.3242,2963.52,4474.817017,563.749859,369.5893239,0.17693439,AROSAL
63.42735087,0.049247311,23.814,32.9778,2315.48,4420.450058,557.3374134,369.4586116,0.178829827,AROSAL
63.9871788,0.080193544,23.482,33.5148,2592.96,4401.477478,638.5768481,347.4912655,0.135638198,AROSAL
55.34210587,0.043806453,23.352,34.3084,2621.34,3898.289291,491.0186741,310.2103209,0.203183254,AROSAL
58.70580292,0.045367742,23.4672,34.0466,2607.14,3850.819031,488.9431769,311.3516696,0.202416632,AROSAL
65.63003731,0.051677418,22.848,34.6064,5125.22,14826.49474,1695.690096,712.6120663,0.064797072,AROSAL
61.66666794,0.049591398,23.04,33.6478,3575.32,17041.38597,1335.939718,579.3515015,0.119988895,AROSAL
58.86707077,0.046129031,23.521,33.2318,5677.1,4433.436691,581.4339397,383.7492894,0.16479712,AROSAL
62.05128288,0.045967741,24.4744,33.0104,5716.52,7644.66304,1110.231687,812.9986125,0.077936514,AROSAL
60.07236799,0.052258064,23.9584,32.0,8313.42,9102.159683,1038.607287,828.1835639,0.106035572,AROSAL
54.54166667,0.049462363,25.7392,29.3446,1722.6,2672.965866,393.3427641,221.0833502,0.217100561,AROSAL
60.25281118,0.067397851,25.1712,29.7928,1855.04,2543.278412,385.0618856,175.3072261,0.215547357,NORM
59.44444504,0.112215054,24.6098,31.1764,1675.3,2062.058716,431.1079793,252.8914476,0.139424395,NORM
59.5573555,0.066838707,24.7116,30.7338,2061.58,3471.236771,463.7274887,295.485983,0.202846921,NORM
53.16776314,0.087612901,24.6338,31.239,9497.56,3884.518173,378.1081907,199.847059,0.341440356,NORM
59.71659953,0.08047312,24.8372,30.7172,1553.9,13236.00783,1693.257577,1019.931389,0.058012399,NORM
58.93387222,0.151483864,24.2526,31.065,3274.14,11950.82747,2132.357152,1188.896792,0.033028431,NORM
59.86437187,0.05032258,24.156,31.2452,2864.16,11160.97964,1877.578301,1055.607062,0.039784698,NORM
56.07368317,0.05548387,24.3634,31.599,1979.62,4411.479263,571.1523032,380.210441,0.169937898,AROSAL
62.54500669,0.057311829,24.1076,31.8856,3808.62,8127.374756,1349.290415,759.5546607,0.056098246,NORM
65.16837692,0.058219353,24.219,32.425,1903.92,8523.879425,1056.487831,648.7110516,0.09596617,NORM
60.00764771,0.051836557,24.813,31.8734,6550.62,8522.591888,1023.716115,766.8836055,0.102193312,AROSAL
61.63919296,0.053698925,24.7548,31.3166,4431.46,20605.18929,2708.031736,1953.212639,0.035308476,AROSAL
64.78846245,0.05148387,24.5808,31.2482,4232.8,19865.82089,2712.86113,1649.916699,0.033920423,NORM
56.63157768,0.096387094,24.6968,32.4072,3412.88,1390.505768,245.5096326,94.11177923,0.289898245,AROSAL
59.27395416,0.050064516,25.147,30.703,4740.5,1610.164749,285.662451,154.6050932,0.247955566,AROSAL
65.8842511,0.071096771,24.7598,30.4682,6615.24,9209.96814,1115.047044,899.0563862,0.093085409,AROSAL
57.54880981,0.063483872,24.8322,30.9732,7706.38,9102.410034,1038.548068,828.2577504,0.106050582,AROSAL
65.01098938,0.087096776,25.6372,29.8918,5169.38,9071.710205,1053.862461,764.6516424,0.102643431,AROSAL
64.66782265,0.106774187,25.7636,29.6924,8426.94,9960.058334,1082.169418,753.3324504,0.106876256,AROSAL
60.31579056,0.066709676,26.6122,28.6122,11205.2,10270.00999,1157.180522,792.3228187,0.096378131,AROSAL
56.7368412,0.047999998,26.124,29.3014,3769.22,3985.707047,538.6806117,335.3146808,0.172604673,AROSAL
59.57759781,0.047655912,26.353,28.5984,3966.34,4095.414978,547.4024738,325.0550873,0.17174902,NORM
65.43498421,0.052387097,26.1824,28.8234,4116.12,8985.363785,1503.003286,934.8500395,0.049983385,AROSAL
61.01282082,0.105032257,25.1662,29.8804,3135.38,2881.185837,353.6744402,169.1822756,0.289450154,AROSAL
63.77067795,0.06896774,25.1568,30.3596,3545.32,24853.95938,2326.113195,900.5801814,0.057722317,AROSAL
68.41904678,0.054193546,25.0842,30.1846,8665.02,8002.919388,1503.669483,756.0940337,0.044478848,AROSAL
65.36996155,0.057419355,25.501,30.2462,7769.44,4491.214554,569.3560844,352.8845072,0.174102792,AROSAL
66.67795817,0.055354838,25.5934,29.8144,6694.08,3122.184433,367.6121683,174.3448142,0.290327825,AROSAL
67.39021403,0.050344085,25.9142,29.2366,5642.42,14436.0423,1985.01785,1182.869263,0.046039349,AROSAL
54.88815765,0.050580643,17.3438,31.644,13614.46,2672.965866,393.3427641,221.0833502,0.217100561,NORM
62.76922989,0.071677418,18.9226,28.9124,13103.6,3732.779922,457.7464198,291.2689016,0.223868164,NORM
62.01281967,0.116516129,19.4362,28.272,3203.2,3846.023849,356.6492221,178.9691705,0.379961221,NORM
61.42307663,0.070774192,19.2032,27.5702,3335.62,4600.112015,392.3431801,177.7853186,0.375531226,NORM
59.49865036,0.082838708,17.6864,30.6234,6276.26,4485.895172,575.6921357,381.784642,0.170089847,NORM
53.64166667,0.06460215,17.9478,29.691,1809.34,5963.842911,827.8968773,657.7545296,0.109341133,NORM
58.78947411,0.062516128,17.0962,31.53,1265.32,1274.667603,341.5337946,186.6845355,0.137321787,NORM
58.63157959,0.072838707,16.7298,32.0768,1268.5,1274.667603,341.5337946,186.6845355,0.137321787,NORM
60.79487267,0.063935485,16.844,31.8304,1875.56,1469.296646,215.8297512,117.685093,0.396366308,NORM
66.04102732,0.091827957,16.563,32.4758,5796.92,9206.565109,1037.147784,829.7462244,0.107553911,NORM
63.49908295,0.114322579,17.1962,30.1248,12198.56,9030.152161,1049.361312,774.9771344,0.103051623,NORM
62.37606862,0.056602153,17.2298,30.3794,4518.18,10270.00999,1157.180522,792.3228187,0.096378131,NORM
65.08889084,0.063612903,17.2394,30.0228,3770.8,4411.402527,553.0118064,355.288211,0.181266582,NORM
60.4102562,0.048903224,15.3326,32.7436,2553.54,2785.483246,339.8963771,164.0989263,0.30298236,NORM
62.39377327,0.092387096,15.6668,33.1338,2274.44,2808.390366,331.9453256,171.2969375,0.320283248,NORM
63.75274582,0.121419351,16.2582,32.7692,6635.74,34743.80023,2834.509892,1486.375959,0.054341451,NORM
65.51373672,0.148258061,16.201,32.364,7383.1,4468.130707,578.6943911,347.9572928,0.167662982,NORM
63.77838821,0.116645158,16.201,32.364,7383.1,7650.764679,1452.495796,779.0695077,0.04557062,NORM
61.5384608,0.068021503,16.201,32.364,7383.1,2876.500305,350.7680726,163.5787812,0.293788083,NORM
61.4102567,0.087698923,16.201,32.364,7383.1,2781.290192,343.0586469,154.6647036,0.296974683,NORM
62.98332443,0.070258063,16.201,32.364,7383.1,3405.412109,640.415243,436.1705499,0.104341294,NORM
59.78812447,0.074709678,16.201,32.364,7383.1,3348.010345,634.6027112,401.9158356,0.104470292,NORM
62.34628448,0.182193534,16.201,32.364,7383.1,14436.0423,1985.01785,1182.869263,0.046039349,NORM
49.1538475,0.083612901,18.9128,17.24,7439.12,3357.720444,472.1600507,259.2200387,0.189267446,AROSAL
53.75,0.085419358,22.6282,22.3754,1650.04,2672.965866,393.3427641,221.0833502,0.217100561,AROSAL
64.49572805,0.144387094,22.0822,22.0934,5866.3,2847.350021,655.170278,326.5109751,0.083357052,AROSAL
64.20513,0.080451612,21.8002,22.315,2132.54,1908.551636,312.9940358,122.1700021,0.244817046,NORM
61.62820473,0.057290322,21.4326,22.7078,1817.24,1821.875107,304.7928174,113.3881719,0.246444431,AROSAL
59.36977137,0.084645159,20.5454,24.065,2097.88,3168.78746,602.9106661,405.5368687,0.10954613,AROSAL
62.35897446,0.090258064,21.0604,23.897,1568.08,3510.135376,464.7756353,300.5300898,0.204195903,NORM
62.38461571,0.054258063,20.2456,23.7656,2487.32,6402.897354,1123.753358,445.9092707,0.063715398,NORM
56.56140404,0.107935481,16.9966,29.4458,891.68,5449.970352,702.2449313,496.5640254,0.138875865,AROSAL
59.37921651,0.047612901,18.3808,28.0006,1681.6,4598.484421,590.7043947,399.3035092,0.165609093,NORM
57.71052628,0.068064516,18.5616,27.232,3034.46,8597.709091,1061.741792,799.2538515,0.095841761,AROSAL
54.4375,0.061935483,18.8086,26.9294,3040.76,8796.603455,1069.331132,820.9213937,0.096671945,NORM
61.27188588,0.064215054,18.9798,28.8568,6492.26,20605.18929,2708.031736,1953.212639,0.035308476,AROSAL
61.38461456,0.079096771,19.0368,26.6646,3595.78,6107.725174,854.3554045,642.0423734,0.10515071,AROSAL
61.60256386,0.062322581,18.5994,27.1076,1377.3,5866.321075,806.8020082,616.9755003,0.113250923,NORM
61.63225288,0.05729032,18.6564,27.3532,2306.0,15257.61072,2148.204367,1206.308293,0.041547529,NORM
61.79487305,0.146451614,18.233,28.8096,3171.64,1417.263382,244.6246071,89.96570957,0.297618654,AROSAL
60.02901522,0.048309677,18.9514,27.1682,3868.56,1888.142349,502.5531536,341.2218087,0.093946497,NORM
57.88461494,0.093096774,18.6896,27.4966,6741.4,2113.712585,287.1117067,144.5507027,0.322221115,AROSAL
59.56275406,0.070709675,18.8228,27.279,6810.78,8055.48732,1780.554756,1079.182648,0.031929419,AROSAL
61.51619415,0.066387097,18.8372,27.2666,6851.76,8055.48732,1780.554756,1079.182648,0.031929419,AROSAL
62.48718058,0.087010753,19.722,25.9422,11783.86,9524.54039,1048.092115,691.1927343,0.108956962,AROSAL
61.60507126,0.084129033,19.0844,27.259,2108.9,3778.494003,533.7465931,333.6442557,0.166670358,AROSAL
63.98992767,0.067806452,19.0276,27.3418,2037.98,3778.494003,533.7465931,333.6442557,0.166670358,AROSAL
62.32051277,0.055419354,18.4234,27.5896,2870.48,4095.414978,547.4024738,325.0550873,0.17174902,NORM
64.59981842,0.05780645,18.5568,28.1284,7227.04,14826.49474,1695.690096,712.6120663,0.064797072,NORM
57.31578903,0.074709678,18.675,27.616,2995.04,17981.47408,1597.57397,858.1502055,0.088534636,AROSAL
61.04472733,0.102129034,18.5994,27.7504,5019.6,21181.68806,2367.663881,1207.47645,0.047482145,NORM
62.3441288,0.072967743,21.786,24.1992,10027.32,4073.579498,960.5526546,716.66562,0.055480927,NORM
61.41025581,0.049677418,21.9772,24.267,7629.1,2828.504593,610.8027081,255.2299657,0.095271904,NORM
61.62995941,0.076838711,22.2404,23.6914,9939.08,9118.392258,1037.061032,826.0110349,0.106541671,NORM
60.09878459,0.092860217,22.0296,23.2672,9147.54,9140.071152,1038.561377,827.5771493,0.106486636,NORM
