@relation esum_filtered_keel_nom
@attribute Sound real [46.22267342, 79.2527832]
@attribute Dust real [0.02916129, 0.39787096]
@attribute TempEN real [10.521, 26.891]
@attribute RH real [17.24, 60.8856]
@attribute Light real [287.76, 32280.1]
@attribute Area real [1274.667603, 36208.28889]
@attribute Perimeter real [205.8863296, 2834.509892]
@attribute Occlusivity real [84.20423509, 2375.982044]
@attribute Compactness real [0.022584873, 0.402656985]
@attribute EDA_label {AROSAL, NORM}
@data
53.73026352,0.057999999,19.27,32.2772,2449.48,2777.109253,406.9191399,217.3479957,0.210759225,AROSAL
59.49325333,0.086387095,19.0176,32.9554,2457.36,2518.086533,386.9763452,186.5930517,0.211305926,NORM
60.41754395,0.044967742,16.7678,38.0428,2529.92,3796.511719,359.2821896,200.3579607,0.369592569,NORM
62.42307739,0.077316127,16.5062,38.0798,2269.72,3391.124741,429.2304026,255.5893533,0.231298426,NORM
57.47368495,0.042193547,14.5434,42.0982,4442.5,6330.478516,986.1318297,729.5622865,0.08180436,NORM
56.64035174,0.039053763,14.5626,42.3284,4057.74,4665.545868,601.7004561,397.5212335,0.161939072,NORM
58.62753143,0.082838708,14.4042,42.3226,1404.1,7925.186264,1054.988342,637.5719884,0.089479597,NORM
56.78947474,0.060774192,12.7558,46.1466,2756.96,1470.820267,246.2970734,127.1996793,0.304684925,NORM
60.52991333,0.088172043,12.7318,46.4172,2755.38,1300.803024,224.1092199,116.9474031,0.325463248,NORM
61.76113205,0.047096774,12.7606,46.3332,2854.7,1345.910065,205.8863296,111.4983611,0.39899815,NORM
63.76923027,0.055741937,12.799,46.1582,2859.44,8055.48732,1780.554756,1079.182648,0.031929419,NORM
66.42460225,0.058666666,13.1802,45.5764,2843.66,9021.681717,1055.73648,760.5045049,0.101715306,NORM
66.08608017,0.074193549,12.9488,46.096,2780.6,11673.16156,1467.096304,995.0679781,0.068152394,NORM
58.48583069,0.039741934,12.5772,46.888,1700.54,14826.49474,1695.690096,712.6120663,0.064797072,NORM
60.61538391,0.043290323,12.6156,46.8928,1804.6,10950.02054,1581.991381,481.3748679,0.054981498,NORM
60.54151962,0.08404301,12.5628,46.8552,3382.92,4718.566208,568.6947863,297.8493775,0.183341772,NORM
60.94062004,0.100451612,12.558,47.425,956.3,4900.049454,977.1444268,795.9872821,0.064490064,NORM
59.31578903,0.057290324,12.582,47.428,1446.66,4464.116821,583.2969106,384.2740673,0.164879273,NORM
59.61336098,0.043638709,12.5868,47.4162,1434.06,4468.130707,578.6943911,347.9572928,0.167662982,NORM
61.57264989,0.059397848,12.678,46.6526,473.84,3329.189575,676.501739,478.8274779,0.091413546,NORM
66.99999924,0.04251613,12.6444,46.946,1885.0,7644.66304,1110.231687,812.9986125,0.077936514,NORM
59.60323868,0.038967741,12.654,46.8666,1785.66,7644.66304,1110.231687,812.9986125,0.077936514,NORM
60.9487175,0.044903226,12.678,46.7084,1017.78,12691.43449,1883.837832,1462.866856,0.04494005,NORM
61.2820507,0.043935483,12.683,46.6346,850.66,17060.54555,2011.639029,1423.737678,0.052978868,NORM
52.80580357,0.047741934,16.8966,33.8958,797.04,3846.023849,356.6492221,178.9691705,0.379961221,AROSAL
59.34699605,0.073548385,16.844,33.9036,484.84,3846.023849,356.6492221,178.9691705,0.379961221,AROSAL
60.92307638,0.060903225,16.058,36.3466,369.76,3893.842102,372.0529997,195.1051253,0.353491178,AROSAL
54.79605255,0.04148387,16.082,36.2194,428.1,10653.80118,1686.091908,976.0412903,0.047092524,AROSAL
63.83333397,0.063225806,15.748,36.7296,751.3,10189.48512,1768.852785,1010.174818,0.040924061,AROSAL
62.38461494,0.053290322,15.7384,36.8644,748.18,9850.502518,1617.723968,1013.848229,0.047299812,AROSAL
62.65384521,0.038451613,15.6664,37.0382,853.82,4491.703247,580.3531971,382.0634662,0.167585391,AROSAL
61.52564087,0.038967741,15.1126,37.6644,363.44,8387.737534,1057.194872,621.3354386,0.094307146,AROSAL
62.30769348,0.04335484,14.7684,38.2582,850.66,8580.889771,1029.522064,805.1030405,0.101735113,AROSAL
62.89743729,0.06980645,14.745,38.5444,789.18,8350.87735,1046.964271,788.3546828,0.095736655,AROSAL
62.04520887,0.058494624,14.6826,38.5766,495.9,21785.71443,2714.20822,1940.556384,0.037161681,AROSAL
52.875,0.048258064,13.81,41.4504,625.2,1303.268921,323.5616994,181.7048146,0.156433473,AROSAL
60.93589783,0.042000001,13.5748,42.012,511.64,1580.254181,265.2187749,148.694257,0.282311314,AROSAL
61.34480362,0.051096773,13.305,42.5868,544.76,9430.942764,1045.710558,685.0161518,0.108378213,AROSAL
55.80350978,0.079010751,13.281,42.8488,521.14,9430.942764,1045.710558,685.0161518,0.108378213,NORM
62.62820435,0.055161292,13.1514,43.2676,672.48,9900.172363,1065.33816,794.5987042,0.109616935,AROSAL
62.57692299,0.039741936,13.127,43.0636,588.9,4203.44191,551.8934153,356.5997943,0.173422119,AROSAL
62.24786275,0.081849462,13.127,42.9376,710.3,3778.494003,533.7465931,333.6442557,0.166670358,AROSAL
56.15519524,0.053548386,13.1024,43.13,670.9,3778.494003,533.7465931,333.6442557,0.166670358,AROSAL
55.4842099,0.054903226,13.1024,43.2054,689.82,3778.494003,533.7465931,333.6442557,0.166670358,AROSAL
66.36263529,0.067870967,12.9728,43.6736,607.84,3915.644348,534.4075592,330.0677588,0.172293113,AROSAL
63.30769081,0.045741934,12.8662,43.7676,675.62,2826.968719,349.3540255,166.000183,0.291071285,AROSAL
63.33532486,0.07905376,12.8374,44.0024,686.66,2881.185837,353.6744402,169.1822756,0.289450154,AROSAL
63.88034083,0.055440861,12.8038,44.5244,407.58,4584.809998,595.9627486,365.3529883,0.162215735,AROSAL
62.83333397,0.036903226,12.823,44.6394,453.34,6835.823166,843.7256699,544.3947222,0.120669679,AROSAL
61.68331032,0.075118281,12.871,44.1692,443.84,14436.0423,1985.01785,1182.869263,0.046039349,AROSAL
63.16239192,0.082967741,12.896,43.859,478.54,9432.126877,1044.663553,702.7801449,0.108609199,AROSAL
55.01535034,0.043268816,16.7394,37.8394,2326.5,2920.837875,423.6434831,220.6520392,0.204510804,NORM
53.59375,0.041075269,16.5916,38.4566,2474.7,2920.837875,423.6434831,220.6520392,0.204510804,NORM
62.72649485,0.054279569,14.074,44.9356,2993.46,3822.274765,492.8174673,290.6805442,0.197769621,NORM
55.20394745,0.042370969,13.6708,46.3924,3513.78,3944.502914,370.5486504,195.976355,0.361003717,NORM
59.94556859,0.035010754,12.799,48.8402,2419.54,13236.00783,1693.257577,1019.931389,0.058012399,NORM
58.21052666,0.038864514,12.4754,50.2478,4152.36,4773.034744,614.9779296,421.8013069,0.158593506,NORM
60.94736786,0.038645161,12.389,49.8618,1918.1,6921.976471,1331.405649,1072.944547,0.049070354,NORM
59.65722122,0.034774194,12.34,50.0698,2440.04,8204.975235,1112.325656,717.1325947,0.083334192,NORM
66.55128326,0.121483872,12.001,50.7092,4809.88,8427.496796,1026.131925,792.5241002,0.100577784,NORM
60.09761556,0.032946236,11.9674,50.9248,5284.5,8280.027023,1041.064834,772.0021124,0.096003278,NORM
65.48901138,0.031870967,11.919,51.2962,3516.96,11271.11342,1993.301007,1211.413825,0.035647651,NORM
59.63787715,0.031741935,11.346,53.0376,3695.12,1351.433456,321.6887465,184.1554877,0.164109149,NORM
55.39473648,0.030503225,10.858,55.339,2228.74,9102.159683,1038.607287,828.1835639,0.106035572,NORM
57.13157997,0.033870968,10.81,55.762,3360.86,10411.96289,1252.669913,799.8322402,0.0833814,NORM
62.65991859,0.032051613,10.761,55.761,2714.38,3850.819031,488.9431769,311.3516696,0.202416632,AROSAL
61.5384613,0.035354837,10.761,55.976,3384.5,6877.30188,1493.183575,460.0018655,0.038761586,NORM
61.7606837,0.034559139,10.761,55.881,1894.48,2799.813599,336.7952797,162.53168,0.310175143,AROSAL
60.09986496,0.031612903,10.6678,56.4876,2318.6,17041.38597,1335.939718,579.3515015,0.119988895,NORM
64.81044235,0.05283871,10.653,56.9504,2477.86,19499.26257,1607.767888,840.5864417,0.094794109,AROSAL
64.9623938,0.059741936,10.6678,57.0598,2280.76,36208.28889,2825.3074,1469.352075,0.057001522,NORM
61.84615402,0.073999998,10.6236,56.9872,1930.74,6762.574554,832.5908301,522.0576528,0.122591027,NORM
63.52564087,0.033741936,10.658,57.0938,2031.66,3418.91658,455.3817194,231.2980172,0.207179692,NORM
60.16644122,0.043526882,10.658,56.9808,1878.68,3057.951721,359.9743807,174.3526585,0.296549572,AROSAL
61.98043365,0.033354838,10.697,56.5874,2008.0,2786.369446,340.3305014,149.1341221,0.302306034,AROSAL
58.83400803,0.03683871,10.702,56.1164,2261.84,7644.66304,1110.231687,812.9986125,0.077936514,AROSAL
64.26984202,0.035415054,10.5602,56.7872,2380.1,1578.3797,225.0002323,121.0043412,0.391791868,AROSAL
56.71052717,0.038215053,16.301,40.5704,5308.14,2707.192215,398.3641821,206.0868118,0.214372163,NORM
62.11965675,0.036494624,15.0694,43.829,4381.0,1878.760422,311.4385139,119.2887886,0.243408999,NORM
52.5,0.037096775,13.8004,45.8532,4108.24,4042.222351,363.5939909,185.7937327,0.384234776,NORM
59.76746025,0.036670968,13.858,46.2726,4327.4,4042.222351,363.5939909,185.7937327,0.384234776,NORM
52.44318182,0.034322581,13.618,46.6474,3110.14,12775.35063,1692.20196,998.6417822,0.056063255,NORM
61.04858398,0.034580646,12.799,47.889,6607.38,4478.507721,590.6068253,394.3423801,0.161341566,NORM
58.97368393,0.034000001,12.6588,48.4452,5574.58,4907.588058,641.1910353,467.3455881,0.150004083,NORM
59.97908363,0.032541936,12.6204,49.1738,4042.0,5419.163544,777.1735835,569.660546,0.112747277,NORM
58.12955322,0.04135484,12.606,49.5348,2537.8,6116.174072,1043.586799,413.8852471,0.07057202,NORM
61.62145729,0.055290321,16.4822,37.7614,2659.2,2543.278412,385.0618856,175.3072261,0.215547357,NORM
57.91810099,0.0712043,15.342,39.8572,3012.4,3524.880325,585.8220414,356.8207337,0.129069261,AROSAL
54.0,0.091870969,14.8592,40.8382,2678.1,8498.949936,1584.934672,773.1094848,0.042516,NORM
55.16118431,0.055677416,14.6826,41.3398,4035.7,9013.399063,1675.893605,845.2877782,0.040327897,NORM
53.4375,0.063999999,14.457,41.7714,2979.28,5417.22551,706.2353795,467.1270213,0.136485916,AROSAL
61.03576241,0.055225804,13.858,44.2066,3986.82,5067.939453,645.9696526,476.4994194,0.152621969,NORM
58.40350952,0.054709676,13.6324,45.495,4527.64,8796.603455,1069.331132,820.9213937,0.096671945,NORM
60.26518326,0.060580643,13.642,45.3774,4579.7,8755.084915,1074.49868,821.3389178,0.095292441,NORM
60.35087624,0.037935484,13.473,45.519,2674.98,8336.062607,1701.269152,1191.834941,0.036193016,NORM
59.94691747,0.03776344,13.4778,45.3448,2767.98,6221.416183,845.3615981,652.953307,0.109399185,NORM
54.30263138,0.03948387,13.497,45.0406,2474.72,5963.842911,827.8968773,657.7545296,0.109341133,NORM
59.11403503,0.043741935,13.4394,45.3086,4991.2,5963.842911,827.8968773,657.7545296,0.109341133,AROSAL
55.56140442,0.036731183,13.4442,45.197,3824.42,5908.763046,813.0329466,598.4705682,0.112328549,NORM
62.71762746,0.038107527,13.425,45.2444,4172.86,16088.91257,1770.155523,997.9111217,0.064522874,NORM
59.09626668,0.040086023,13.377,44.6502,4410.96,1654.911255,438.8496859,156.8501489,0.107982404,NORM
55.41447449,0.079032257,13.3386,45.0332,3010.82,1580.254181,265.2187749,148.694257,0.282311314,AROSAL
57.96356239,0.039741936,13.2954,44.9908,2979.26,1379.923477,233.9448881,120.4234207,0.316838353,AROSAL
56.39473648,0.036451614,12.944,45.547,2682.84,3626.231064,454.3773666,268.2283782,0.220715055,AROSAL
59.83265877,0.088064518,12.775,46.4414,1449.86,2808.390366,331.9453256,171.2969375,0.320283248,AROSAL
56.38124161,0.07845161,12.7174,46.5768,3006.08,24853.95938,2326.113195,900.5801814,0.057722317,NORM
59.65924377,0.049225807,12.7222,46.6456,2957.2,23482.20082,2336.241711,921.2115389,0.054064615,AROSAL
63.88766734,0.053591397,12.485,47.1676,2359.62,4468.130707,578.6943911,347.9572928,0.167662982,NORM
58.52631683,0.052516129,12.534,47.205,820.7,2755.356079,343.3419087,158.0231052,0.293720299,NORM
58.46558647,0.065870967,12.5484,47.2502,815.98,3329.189575,676.501739,478.8274779,0.091413546,NORM
63.71795044,0.072903228,12.4322,47.7298,1101.38,2796.82193,712.1695443,371.8552966,0.069295955,NORM
58.05555547,0.054172043,12.2726,47.9934,1169.14,9499.346558,1052.575491,698.4072298,0.107744991,AROSAL
60.86639824,0.07548387,17.396,35.843,2309.16,7735.174805,1187.910121,609.4185378,0.068883123,NORM
59.52631645,0.069935485,17.3056,35.912,2321.78,6065.383636,973.3958526,607.447827,0.080443166,NORM
58.71929906,0.056817206,16.8488,36.6526,2834.24,2875.740128,418.7393443,220.670666,0.20609714,NORM
62.73076897,0.039225807,15.9768,39.6188,2974.54,2820.998718,411.2053543,225.4853926,0.209650176,NORM
61.495725,0.067913977,16.01,39.321,2914.64,2590.11734,385.4414932,219.0401255,0.219084863,NORM
59.23616689,0.088903225,15.9768,38.855,2775.86,2518.086533,386.9763452,186.5930517,0.211305926,NORM
56.63157921,0.036193549,15.1894,39.815,4418.82,3386.889023,555.3306076,314.9627067,0.138009064,NORM
59.96018944,0.038064516,14.9456,40.6182,2924.08,9889.684326,1512.294901,939.9724563,0.05433996,NORM
64.90659294,0.036709677,14.2132,43.248,2033.24,3884.518173,378.1081907,199.847059,0.341440356,NORM
56.625,0.036774194,13.281,45.8134,4653.76,6330.478516,986.1318297,729.5622865,0.08180436,NORM
57.08420975,0.049290322,13.2378,45.6898,4060.92,4665.545868,601.7004561,397.5212335,0.161939072,NORM
58.56410294,0.035483872,13.2138,45.7052,3100.66,4861.897507,619.6342098,408.1222831,0.159127372,NORM
54.7710527,0.03367742,12.799,46.9786,3780.26,8644.483566,1065.085671,800.2501603,0.095759051,NORM
55.2815802,0.033806451,12.7028,46.9408,3736.12,8644.483566,1065.085671,800.2501603,0.095759051,NORM
54.71381569,0.035290323,12.7462,46.7664,3646.24,8644.483566,1065.085671,800.2501603,0.095759051,NORM
59.18623403,0.039053763,12.7798,46.4668,1921.26,10659.13885,1721.501699,1254.957908,0.045197777,NORM
63.16003291,0.035053764,12.799,46.4692,1870.82,6238.14415,862.560892,657.8205578,0.105362421,NORM
60.14372559,0.08580645,12.751,45.8222,1747.82,5851.256027,821.5335156,634.2568582,0.108945274,NORM
55.63157959,0.03716129,12.727,46.018,2066.32,5805.36705,808.2310013,629.5994365,0.111678234,NORM
57.41115697,0.036301076,12.727,46.0372,1716.3,5805.36705,808.2310013,629.5994365,0.111678234,NORM
64.0540287,0.066129034,12.6588,46.3826,2514.14,5755.126572,807.2608256,616.0813745,0.110978024,NORM
61.46153946,0.040903225,12.678,46.323,2574.06,5908.763046,813.0329466,598.4705682,0.112328549,NORM
56.84210548,0.035354839,12.5042,47.6592,3319.88,2094.907532,540.3637015,371.8122918,0.090157609,NORM
60.79082197,0.073225803,12.2578,48.7624,3135.38,1743.673645,240.4385509,126.0600254,0.379024134,NORM
62.97435913,0.041032258,12.2776,48.8386,4201.24,6370.26326,1796.943568,1112.196108,0.024791247,NORM
61.17341385,0.042580646,12.384,48.0266,2077.4,9062.688828,1034.737068,821.806974,0.106367002,NORM
63.5540287,0.037612904,12.364,47.7028,4108.22,10270.00999,1157.180522,792.3228187,0.096378131,NORM
59.94804306,0.034064517,12.379,47.686,2465.24,4203.44191,551.8934153,356.5997943,0.173422119,NORM
62.06808815,0.033182795,12.4466,46.7654,3387.64,4673.625748,656.8711464,369.9116824,0.136114197,NORM
60.05735512,0.098645157,12.4466,47.2056,3482.26,5162.644867,737.0117662,492.7941619,0.119435456,NORM
60.98717957,0.044903225,12.3888,47.186,3036.06,4667.278122,648.5515429,395.0431448,0.139439094,NORM
61.3461525,0.034129033,12.413,46.8914,3412.88,4491.214554,569.3560844,352.8845072,0.174102792,NORM
61.11782633,0.077204299,12.379,46.6454,2247.66,2878.509628,347.7689547,156.1588671,0.299085894,NORM
62.70939992,0.033569892,12.2676,45.712,3912.7,7644.66304,1110.231687,812.9986125,0.077936514,NORM
65.05662568,0.038795698,12.147,46.3986,1536.56,4073.579498,960.5526546,716.66562,0.055480927,NORM
56.94736837,0.047526881,16.3916,58.3762,32280.1,2820.998718,411.2053543,225.4853926,0.209650176,AROSAL
63.01057256,0.059204301,17.2486,54.3736,32280.1,4865.717499,775.765545,435.5347499,0.101600485,AROSAL
61.2435894,0.063870965,17.5052,53.2852,32280.1,1862.455154,307.1571107,116.5232602,0.248070168,AROSAL
60.51282166,0.044645162,18.1666,53.3054,32280.1,3691.187546,463.4765823,291.8724514,0.215933679,AROSAL
61.87112274,0.038903226,17.9956,51.802,3889.04,3464.096512,403.9707314,230.7028145,0.266747308,AROSAL
59.32118797,0.037548387,17.201,53.9492,5658.16,5437.064026,701.3687895,476.6469082,0.138893346,AROSAL
60.71794815,0.036258065,16.9822,55.302,4838.26,6376.82515,1019.782999,623.0030918,0.077054648,AROSAL
58.53792084,0.037419355,16.82,58.2802,2563.0,8248.863266,1026.229527,792.8596631,0.09842716,AROSAL
60.92037735,0.042537633,16.8248,56.7536,4182.36,9427.63826,1186.571952,872.4914295,0.084144284,AROSAL
66.4056778,0.037612903,16.868,55.5414,4882.42,6116.997421,852.9957189,654.2745384,0.105646341,AROSAL
57.61324743,0.041763442,16.701,56.3148,1142.36,1654.911255,438.8496859,156.8501489,0.107982404,NORM
63.75282125,0.040172044,16.1818,56.6922,3879.6,1515.439331,255.5941344,135.7710701,0.291505432,AROSAL
64.10256577,0.04516129,15.9388,56.2242,2518.88,1333.285522,229.3176493,117.8933952,0.318609019,AROSAL
62.87179527,0.055225807,15.8814,55.9482,2171.96,1405.062836,209.4041028,113.3583947,0.402656985,AROSAL
58.26315816,0.039741934,16.177,56.2848,5259.26,2113.712585,287.1117067,144.5507027,0.322221115,AROSAL
61.65384534,0.038279569,16.725,53.5182,5446.88,10669.19955,1219.71743,878.4894382,0.090120427,AROSAL
62.29487114,0.038645161,16.701,53.416,5033.78,9071.434982,1052.959372,791.9558278,0.102816455,AROSAL
60.17341347,0.050344086,16.677,53.5054,2272.88,11673.16156,1467.096304,995.0679781,0.068152394,AROSAL
61.29393934,0.042817203,16.534,55.614,3077.04,3821.625046,488.4375065,314.054573,0.201298217,AROSAL
64.6007309,0.048602149,16.534,55.437,5516.28,3985.707047,538.6806117,335.3146808,0.172604673,AROSAL
64.37912178,0.048548387,16.4822,55.106,8587.8,8511.565643,1528.975814,418.1186319,0.045752843,AROSAL
64.80952301,0.051956987,16.4918,55.2174,7592.88,2979.101273,365.8225331,182.5302799,0.279739778,AROSAL
62.61538366,0.046387096,16.3776,54.0262,2291.82,24853.95938,2326.113195,900.5801814,0.057722317,AROSAL
59.77597961,0.04567742,16.368,53.9944,2581.92,3410.305161,373.6571132,182.714175,0.306942197,AROSAL
60.46904994,0.036473119,16.2488,54.3812,4638.02,3716.819138,423.6329204,217.7130861,0.260256682,NORM
63.47863185,0.035698925,16.272,54.501,4368.4,34743.80023,2834.509892,1486.375959,0.054341451,AROSAL
63.38461494,0.035483872,16.2486,54.4484,5525.72,15597.04939,1552.688077,955.634984,0.081298751,AROSAL
64.27053223,0.036129033,16.463,54.118,5990.88,4464.116821,583.2969106,384.2740673,0.164879273,AROSAL
61.88034007,0.0387957,16.4918,53.9818,4759.44,4468.130707,578.6943911,347.9572928,0.167662982,AROSAL
64.07509193,0.035612904,16.5106,54.0336,6199.0,6685.361542,820.1311756,522.0195733,0.124901634,AROSAL
64.9624527,0.037935484,16.4486,54.0734,6995.26,3422.306076,509.4550271,305.4930573,0.165697902,AROSAL
65.93650767,0.040430108,16.511,54.027,4798.82,2878.509628,347.7689547,156.1588671,0.299085894,AROSAL
68.59187775,0.040774194,16.5388,53.909,4559.2,2755.356079,343.3419087,158.0231052,0.293720299,AROSAL
63.05128288,0.041870968,16.6012,53.6784,5520.98,4243.014267,752.9393365,535.9980925,0.094051209,AROSAL
64.49999924,0.037096775,16.9294,52.9384,4975.42,13148.63513,1900.656089,1476.362901,0.045738662,AROSAL
64.45848694,0.044021506,16.9486,52.5528,4934.44,13148.63513,1900.656089,1476.362901,0.045738662,AROSAL
62.87912013,0.09587097,17.13,52.8496,3614.72,9063.959213,1036.56952,813.5978961,0.10600612,AROSAL
52.671875,0.042451614,22.657,31.311,1154.98,3263.18988,462.2215702,239.6852709,0.191933946,AROSAL
63.15750961,0.053290322,21.9342,32.9282,3532.72,2627.945892,389.9947871,197.61958,0.217124424,AROSAL
62.49662552,0.046129032,21.5618,32.8876,1430.9,1908.551636,312.9940358,122.1700021,0.244817046,AROSAL
61.44871674,0.043999998,21.576,32.9622,1410.38,1785.477127,303.0528411,120.9179907,0.244302232,AROSAL
60.14575043,0.043483869,21.6616,33.023,1337.88,1945.627899,431.8863181,252.9528891,0.131078287,AROSAL
56.28947487,0.063677421,21.1988,32.8812,2225.6,3846.023849,356.6492221,178.9691705,0.379961221,AROSAL
56.95591583,0.136602151,21.1128,33.3048,2190.86,3846.023849,356.6492221,178.9691705,0.379961221,AROSAL
54.50657845,0.044387095,20.5886,34.7758,2160.94,4042.222351,363.5939909,185.7937327,0.384234776,AROSAL
60.20782661,0.042516128,21.0416,34.4096,781.28,5391.870239,733.6308862,486.236393,0.125890826,AROSAL
54.91826935,0.055032256,21.0746,34.3074,689.82,5417.22551,706.2353795,467.1270213,0.136485916,AROSAL
60.74358902,0.05651613,20.7978,34.4466,1714.72,9064.394089,1605.017444,1034.0842,0.044216985,AROSAL
57.75393562,0.03916129,20.96,34.184,1479.78,4407.372086,576.2467055,378.9387472,0.166791022,AROSAL
62.24359055,0.064774192,21.0272,35.1476,2154.62,8755.084915,1074.49868,821.3389178,0.095292441,AROSAL
61.63022881,0.071677418,20.8842,35.7724,1036.7,5994.397171,830.1933371,613.9162175,0.109294144,AROSAL
61.30325966,0.039999999,20.9222,35.651,1033.56,5963.842911,827.8968773,657.7545296,0.109341133,AROSAL
57.47368393,0.055741934,21.0368,35.1616,1030.38,5907.913498,812.1764977,621.5753519,0.112549393,AROSAL
59.77732684,0.047548387,20.9268,35.9146,1490.82,19278.3916,2163.360325,1240.754385,0.051763417,AROSAL
54.625,0.044838708,20.9696,36.359,1476.62,1517.006393,502.3466525,221.7025475,0.075542308,AROSAL
60.67071609,0.07729032,20.9936,36.65,2030.06,1274.667603,341.5337946,186.6845355,0.137321787,AROSAL
58.43184929,0.038258064,20.9888,36.0326,1680.02,1577.66626,285.2882052,158.8376592,0.243588829,AROSAL
59.91228027,0.104129031,21.056,35.9208,1366.24,1580.254181,265.2187749,148.694257,0.282311314,AROSAL
59.94736862,0.054,21.056,36.2228,1210.16,1498.164856,253.7481353,132.7827313,0.292390831,AROSAL
60.50202408,0.065225808,21.056,36.0588,1421.42,1470.820267,246.2970734,127.1996793,0.304684925,AROSAL
55.55263214,0.041096773,21.1798,35.36,2269.76,1578.3797,225.0002323,121.0043412,0.391791868,AROSAL
57.99955037,0.049075269,21.1894,34.7276,2253.96,1743.673645,240.4385509,126.0600254,0.379024134,AROSAL
63.8589756,0.04380645,21.318,33.5156,2722.28,6656.184509,1322.894398,816.7597863,0.047795264,AROSAL
65.24298045,0.048129032,21.3324,32.9734,1306.32,9166.396271,1036.223396,833.8711306,0.107275786,AROSAL
56.78947474,0.043741934,21.103,32.6142,1519.18,9430.942764,1045.710558,685.0161518,0.108378213,AROSAL
55.84210587,0.069161286,21.1174,33.3846,1654.8,9537.968124,1047.806681,687.5577292,0.109170024,AROSAL
62.15384521,0.041225807,21.3276,34.741,1289.0,9021.681717,1055.73648,760.5045049,0.101715306,AROSAL
60.46153755,0.040103225,21.3992,34.4766,1624.84,4283.13765,540.1102482,319.3920232,0.184504541,AROSAL
68.00928421,0.043096774,21.3708,35.022,1896.04,4290.720551,634.6678809,358.8330091,0.133858839,AROSAL
58.04588318,0.045096773,21.2038,34.1742,4466.16,4013.301315,538.3952493,319.1261857,0.173983953,AROSAL
61.01349602,0.066735482,21.7096,34.0556,2605.6,24853.95938,2326.113195,900.5801814,0.057722317,AROSAL
65.79120789,0.04233871,21.9868,34.1612,12170.16,7633.697784,1852.719043,639.1067252,0.027946389,AROSAL
64.22436028,0.062967743,22.2068,32.2734,3773.98,4831.125122,672.9870117,417.5742879,0.134043199,AROSAL
65.08793386,0.072580644,22.3978,32.1302,3255.22,4831.125122,672.9870117,417.5742879,0.134043199,AROSAL
70.00841141,0.044645159,22.3356,33.011,3282.02,4953.854584,711.3460903,449.6181731,0.12302439,AROSAL
59.38079262,0.048301074,22.633,31.9906,3707.74,16247.91142,1998.296898,1179.968997,0.051131364,AROSAL
63.2692318,0.038741936,22.417,31.7178,1534.98,9432.126877,1044.663553,702.7801449,0.108609199,AROSAL
62.79487152,0.068903227,22.4218,31.4242,1388.34,9432.126877,1044.663553,702.7801449,0.108609199,AROSAL
60.0020237,0.042580645,17.6674,41.8492,926.34,2920.837875,423.6434831,220.6520392,0.204510804,NORM
56.55263189,0.040107525,17.7672,40.9954,1194.38,2820.998718,411.2053543,225.4853926,0.209650176,NORM
55.24561361,0.048688169,17.2768,42.0802,1192.8,2741.352905,403.526802,223.8515479,0.211558286,NORM
59.06477687,0.040137634,17.2676,42.0726,1290.58,2672.965866,393.3427641,221.0833502,0.217100561,NORM
57.87719294,0.083655913,16.3774,44.358,994.14,2118.109177,429.1978464,254.7048409,0.144491779,NORM
57.43859698,0.039720429,16.3488,44.5888,1161.28,2302.797516,531.4301763,356.0496467,0.102464445,NORM
55.36904755,0.045677419,17.4626,43.7202,9265.76,3865.437485,496.1589054,281.389685,0.197318105,NORM
64.23809471,0.045548387,17.5722,43.555,9595.34,3795.727982,363.0956931,215.0871529,0.361795158,AROSAL
60.79303958,0.04255914,17.71,42.7486,1599.62,3904.903625,367.0661916,191.2928652,0.364192847,AROSAL
57.25776011,0.042365591,17.5008,42.8776,740.3,10653.80118,1686.091908,976.0412903,0.047092524,NORM
58.36707077,0.040258063,17.32,42.2574,897.96,4773.034744,614.9779296,421.8013069,0.158593506,NORM
57.73684235,0.038838709,17.32,42.4932,961.02,4552.491501,595.5870684,401.791263,0.161275534,NORM
58.76045799,0.039870967,17.0772,43.7952,954.72,5419.163544,777.1735835,569.660546,0.112747277,NORM
61.46915398,0.039677418,17.106,42.9276,2627.64,6116.174072,1043.586799,413.8852471,0.07057202,NORM
64.30682678,0.040696773,16.9534,44.7816,1757.3,8451.465057,1047.633064,783.3725716,0.096766152,AROSAL
59.70670217,0.040860214,16.963,44.2638,3100.68,8695.935043,1056.789114,807.5834506,0.097847445,NORM
60.471661,0.039225805,16.7584,44.0934,1464.02,8580.889771,1029.522064,805.1030405,0.101735113,NORM
58.9433197,0.038451613,16.8632,44.8024,4092.46,21785.71443,2714.20822,1940.556384,0.037161681,NORM
58.76833127,0.039462365,16.7106,44.86,1773.06,5851.256027,821.5335156,634.2568582,0.108945274,NORM
60.6564093,0.039483869,16.8632,44.891,1725.76,5851.256027,821.5335156,634.2568582,0.108945274,NORM
60.4979744,0.03980645,16.892,44.4644,1131.3,5966.44104,826.0954199,602.8527746,0.109866373,NORM
60.012146,0.039677418,16.5916,46.3708,1177.06,1390.505768,245.5096326,94.11177923,0.289898245,NORM
62.61538467,0.039432257,16.5204,46.7952,1374.14,1471.960663,342.168934,172.1238536,0.157988296,NORM
55.36842155,0.061096772,16.4058,47.3204,1014.64,1654.911255,438.8496859,156.8501489,0.107982404,NORM
59.23819199,0.039032257,16.258,47.8894,2239.76,1482.599152,316.6286704,184.820283,0.185837407,NORM
61.7435894,0.041806451,16.2202,48.2408,2335.96,2180.319626,511.524486,339.7093783,0.104712173,NORM
56.17763252,0.039815666,15.9246,46.8332,6467.04,4073.579498,960.5526546,716.66562,0.055480927,NORM
59.54251022,0.039432257,15.8528,46.9368,7143.48,4073.579498,960.5526546,716.66562,0.055480927,NORM
55.34868469,0.040412902,16.034,47.942,8007.56,9430.942764,1045.710558,685.0161518,0.108378213,NORM
62.95726433,0.055569894,17.0486,45.1794,7107.2,9021.681717,1055.73648,760.5045049,0.101715306,NORM
63.46153717,0.049032258,17.3628,44.4636,7461.98,10411.96289,1252.669913,799.8322402,0.0833814,NORM
55.68421059,0.044774193,18.0476,41.835,1391.48,3778.494003,533.7465931,333.6442557,0.166670358,NORM
62.73076897,0.039612902,17.1008,43.2196,1930.74,3654.836548,454.7891603,260.3192185,0.222053495,NORM
61.15384521,0.039225805,17.2914,42.8854,1506.6,2851.547867,347.3789289,166.9544604,0.296950176,NORM
54.88245585,0.039509676,16.1342,47.154,2777.46,18078.0144,1291.282354,551.5238679,0.136244243,NORM
79.2527832,0.039720429,16.2058,46.442,2684.42,18078.0144,1291.282354,551.5238679,0.136244243,AROSAL
67.35158768,0.040838708,16.9822,43.3392,5662.9,4491.214554,569.3560844,352.8845072,0.174102792,NORM
65.48717728,0.041522582,17.32,43.4618,6739.8,5539.313217,823.7871762,550.3637834,0.102573632,NORM
66.66666565,0.043354838,17.5388,43.0672,6544.3,6835.823166,843.7256699,544.3947222,0.120669679,NORM
67.53571396,0.043161292,17.8766,42.4488,4787.82,2919.848663,348.598277,154.0203088,0.301939363,NORM
68.83333588,0.041806452,17.8718,42.212,4928.12,2879.837189,348.7139612,160.317347,0.29760425,AROSAL
59.3081426,0.048537633,18.9226,40.5378,5172.56,7644.66304,1110.231687,812.9986125,0.077936514,NORM
63.49999962,0.049419354,19.208,40.2786,8103.72,17060.54555,2011.639029,1423.737678,0.052978868,NORM
58.89473648,0.046451614,19.7458,39.2232,7086.72,9102.159683,1038.607287,828.1835639,0.106035572,AROSAL
56.63157806,0.045032259,19.8932,39.3038,7094.6,9102.159683,1038.607287,828.1835639,0.106035572,AROSAL
57.75438512,0.043698926,20.1312,39.316,7039.42,9102.410034,1038.548068,828.2577504,0.106050582,AROSAL
59.42105255,0.102129032,20.6648,29.2148,1577.54,3086.786118,440.967858,230.8523117,0.199481457,AROSAL
60.81376495,0.068451611,20.2978,29.9468,1820.36,2920.837875,423.6434831,220.6520392,0.204510804,AROSAL
57.52631683,0.154903227,19.151,31.0146,1397.8,1862.455154,307.1571107,116.5232602,0.248070168,AROSAL
56.94736811,0.127311824,18.9798,31.7488,1460.88,2237.846664,435.0263192,266.1992782,0.148596686,AROSAL
66.42673798,0.110580645,17.6482,34.3004,3173.22,3328.953125,379.5090804,217.4716718,0.290451217,AROSAL
61.11133728,0.112193549,18.276,33.144,4694.8,3742.970459,531.1056424,363.6714734,0.166749459,AROSAL
54.01315765,0.119612904,17.7148,34.8688,694.54,5408.877014,811.9864546,597.4190417,0.103090679,AROSAL
53.1875,0.105354838,17.629,34.9852,675.64,5352.200806,692.991763,476.0162414,0.140050969,AROSAL
61.23684196,0.130387097,16.6202,38.4788,3241.02,7925.186264,1054.988342,637.5719884,0.089479597,AROSAL
60.20985146,0.185677419,16.7012,38.1132,3669.88,7846.438889,1054.582239,628.757581,0.08865874,NORM
58.63157934,0.117849464,16.5534,37.962,2342.26,8585.057724,1056.316682,658.1916272,0.09668627,NORM
62.2684124,0.109741937,16.7488,37.7952,1774.62,8650.410263,1059.449695,800.9415447,0.096846937,AROSAL
55.62243652,0.11496774,16.7012,37.5962,1967.02,8755.084915,1074.49868,821.3389178,0.095292441,AROSAL
57.24561539,0.0664086,16.7962,37.2176,2611.92,8248.863266,1026.229527,792.8596631,0.09842716,NORM
66.53907115,0.094365589,16.7632,36.6898,2692.3,6296.003403,865.08582,667.2235825,0.105719824,AROSAL
61.3446701,0.173548386,16.8106,36.4738,2324.94,5907.913498,812.1764977,621.5753519,0.112549393,AROSAL
58.63157845,0.129161292,16.82,37.9448,4415.68,1470.935654,249.5235089,86.85630832,0.296879767,AROSAL
54.93420982,0.069720432,16.8918,38.385,3862.26,1274.667603,341.5337946,186.6845355,0.137321787,AROSAL
57.44399414,0.111612905,16.939,37.0446,4103.5,1489.898544,249.5795553,128.1958466,0.300572018,NORM
61.34187927,0.124043006,16.9294,36.8102,3518.52,1387.820175,236.2008809,120.4230331,0.312593566,AROSAL
67.73381856,0.210881713,17.3248,35.6926,3609.98,9118.392258,1037.061032,826.0110349,0.106541671,AROSAL
70.08385722,0.122021504,17.363,35.7812,6418.16,9394.24733,1044.580139,698.9370447,0.1081903,AROSAL
61.34419301,0.099483874,17.6578,35.5036,5590.36,9538.586426,1050.642752,698.4344003,0.108588478,AROSAL
69.2412679,0.151268813,17.729,35.5494,3638.34,9858.853302,1050.883095,798.8614922,0.112183105,AROSAL
61.73846146,0.106645161,17.867,35.237,1166.0,9071.710205,1053.862461,764.6516424,0.102643431,AROSAL
62.5338829,0.097483872,17.8478,36.9158,5298.66,3810.68277,534.371536,318.3132257,0.167697283,AROSAL
57.92105408,0.113612902,17.472,36.0652,6230.54,13072.61548,1645.539381,664.9368425,0.060667457,AROSAL
60.56140366,0.079440862,17.6194,36.0862,4913.98,24853.95938,2326.113195,900.5801814,0.057722317,AROSAL
58.73279419,0.047741934,17.748,35.8056,4995.94,24853.95938,2326.113195,900.5801814,0.057722317,AROSAL
64.397435,0.074193545,18.2424,34.9326,11432.26,14217.73578,1523.897863,758.4938403,0.076935819,AROSAL
60.6646431,0.08303226,19.2366,33.99,17215.76,6685.361542,820.1311756,522.0195733,0.124901634,AROSAL
63.58794581,0.050494624,20.1548,31.507,10803.1,6353.474014,1062.927138,800.2617878,0.070666589,AROSAL
62.33333308,0.052387095,20.698,31.98,811.24,3213.005905,457.0934083,233.3532041,0.193246426,NORM
58.6936573,0.044709678,20.236,32.543,778.12,2741.352905,403.526802,223.8515479,0.211558286,NORM
63.84981766,0.052193548,19.6934,33.4722,2886.26,1937.812607,314.3084946,132.1576755,0.246495732,NORM
60.34358978,0.0544086,19.541,35.261,10498.8,3420.606201,356.6982802,207.8043069,0.337839878,NORM
58.02693494,0.045397849,20.2268,32.5286,716.64,5417.22551,706.2353795,467.1270213,0.136485916,NORM
63.32523499,0.044129033,19.346,33.1632,4872.94,8429.013962,1185.735105,767.217699,0.075337513,NORM
61.12820396,0.058709679,19.327,35.5548,6383.48,21785.71443,2714.20822,1940.556384,0.037161681,NORM
64.83182322,0.043638711,19.5176,34.4244,2928.82,6154.90535,840.9968146,635.9802719,0.109355981,NORM
60.60584068,0.042903226,19.5224,34.4708,1866.1,6122.567093,837.4425163,643.6262038,0.109706764,NORM
63.32991562,0.047741935,19.4936,34.0204,1782.54,5895.887115,825.039217,654.8882832,0.10884534,NORM
60.26518173,0.041741935,18.4092,36.6666,1585.42,1888.142349,502.5531536,341.2218087,0.093946497,NORM
59.71052742,0.054064516,18.39,35.9144,828.6,1345.910065,205.8863296,111.4983611,0.39899815,NORM
61.19658076,0.04701075,18.7944,34.5988,6813.94,14436.0423,1985.01785,1182.869263,0.046039349,NORM
63.36263657,0.043935485,19.8362,33.3996,8513.66,9441.705139,1046.023229,686.5131999,0.108437036,NORM
63.90206184,0.045935483,21.1558,30.9878,6550.62,6861.415955,1037.409718,591.4747867,0.080116688,NORM
62.11538315,0.054580646,21.318,30.8612,1241.66,3779.544128,521.2674714,326.6599561,0.174794609,NORM
59.05870476,0.046258063,21.2038,30.6176,1254.3,6835.823166,843.7256699,544.3947222,0.120669679,NORM
61.39772491,0.044258065,20.636,31.9546,6424.46,2919.496658,360.8726474,169.1150903,0.281714963,NORM
61.85641037,0.042709677,20.3602,32.07,1747.84,17041.38597,1335.939718,579.3515015,0.119988895,NORM
66.05555776,0.043440862,20.3788,32.3696,4592.28,36208.28889,2825.3074,1469.352075,0.057001522,NORM
70.85158615,0.080709674,20.4026,32.3856,3427.08,14730.6131,1775.156528,540.2106931,0.05874317,NORM
60.59649162,0.045419354,20.7744,32.5912,3223.68,11641.59657,1541.89134,961.3621988,0.061533961,NORM
67.6715505,0.063698924,21.2132,31.5258,5085.8,3771.790573,504.2878417,269.9513896,0.186380486,NORM
66.08516312,0.045870968,21.4802,31.4826,5714.92,2982.87323,355.2156838,164.1866144,0.297071093,NORM
62.19414024,0.045393548,21.6808,31.1996,5812.7,2695.577225,359.6127027,172.3216945,0.261933831,NORM
60.93589783,0.043483872,21.3516,29.7804,1386.76,2875.740128,418.7393443,220.670666,0.20609714,NORM
59.8529007,0.044129033,21.27,29.8942,1358.36,2967.921295,427.9753244,232.8389317,0.20362204,NORM
64.6188563,0.048688172,20.8602,30.7554,1413.56,2820.998718,411.2053543,225.4853926,0.209650176,NORM
63.21794891,0.045548387,20.6172,30.8812,1605.92,2741.352905,403.526802,223.8515479,0.211558286,NORM
62.2435894,0.042709677,19.7696,32.6002,1118.7,1865.179535,437.9570628,250.3884327,0.122198939,NORM
58.38349063,0.043905377,19.998,32.3958,1464.02,3056.566681,578.2399095,383.9972726,0.114875552,NORM
58.50382284,0.049935484,20.8602,30.1276,8512.1,4600.112015,392.3431801,177.7853186,0.375531226,NORM
58.93233185,0.050967741,20.9604,30.7442,8330.76,4600.112015,392.3431801,177.7853186,0.375531226,NORM
60.95488701,0.059548387,21.189,30.7832,7739.48,4600.112015,392.3431801,177.7853186,0.375531226,NORM
59.64237615,0.046107526,21.8862,31.8714,1230.64,8498.949936,1584.934672,773.1094848,0.042516,NORM
63.62393188,0.045582795,21.7998,29.5024,1222.76,5449.970352,702.2449313,496.5640254,0.138875865,NORM
56.447369,0.043612904,21.676,29.519,462.78,5352.200806,692.991763,476.0162414,0.140050969,NORM
60.87179489,0.044983871,20.3408,31.144,863.28,4682.319504,608.13864,416.2830751,0.159098363,NORM
59.67881241,0.042967741,20.4648,31.0548,856.98,4814.882645,615.9570041,407.1879383,0.159475794,NORM
58.05263189,0.043509679,20.6836,30.1396,964.2,5419.163544,777.1735835,569.660546,0.112747277,NORM
60.41160596,0.045677419,20.3882,32.9276,3885.9,8523.879425,1056.487831,648.7110516,0.09596617,NORM
62.13630244,0.045634408,20.4696,32.9548,2556.7,8370.078094,1048.888554,808.3228238,0.095605017,NORM
60.88461571,0.045741935,21.0032,29.9522,1145.52,11975.15311,1934.912621,1110.241975,0.040194647,NORM
60.27867775,0.049483871,20.9316,30.1738,1837.68,21785.71443,2714.20822,1940.556384,0.037161681,NORM
58.36392288,0.047621504,20.984,30.9462,3483.84,19865.82089,2712.86113,1649.916699,0.033920423,NORM
57.44736938,0.046709677,21.232,30.6604,3278.86,19865.82089,2712.86113,1649.916699,0.033920423,NORM
63.08974495,0.051225804,21.4274,30.5098,5468.96,8336.062607,1701.269152,1191.834941,0.036193016,NORM
62.39743614,0.049870967,21.2464,30.7286,3638.38,22330.74892,1837.937003,1007.653591,0.083071473,NORM
64.59649277,0.044,20.6552,30.6846,4224.92,1517.006393,502.3466525,221.7025475,0.075542308,NORM
60.54723244,0.044709678,20.3742,31.2268,4729.46,1327.761505,208.895056,113.3295656,0.382361022,NORM
60.39829107,0.047311829,19.7412,32.2072,7327.96,10669.19955,1219.71743,878.4894382,0.090120427,AROSAL
59.24493904,0.044645162,19.9788,32.4604,7184.46,9432.126877,1044.663553,702.7801449,0.108609199,AROSAL
66.51190681,0.046838708,20.055,32.0294,7304.3,9227.542587,1037.252676,832.0083913,0.107777175,AROSAL
61.90958048,0.046399999,20.403,30.7896,7438.32,9538.586426,1050.642752,698.4344003,0.108588478,AROSAL
60.75641136,0.045935483,22.1636,28.8392,2622.92,6065.383636,973.3958526,607.447827,0.080443166,NORM
61.42307549,0.046632257,22.2164,28.81,3349.8,4334.779327,544.9933154,328.0388132,0.183397963,AROSAL
61.70512886,0.046580646,22.1972,28.7952,4467.74,4283.13765,540.1102482,319.3920232,0.184504541,AROSAL
53.31730769,0.043870969,21.843,29.8148,1929.16,3984.659546,495.5549768,293.4887624,0.203900082,AROSAL
57.39473686,0.045870967,21.7478,29.9206,3709.3,4290.720551,634.6678809,358.8330091,0.133858839,AROSAL
59.65587006,0.051870967,21.6046,30.5514,4239.1,3898.289291,491.0186741,310.2103209,0.203183254,AROSAL
65.05311356,0.045241935,21.318,30.46,2312.3,5277.847641,1476.467651,467.6650709,0.030424177,AROSAL
61.22132339,0.044000001,21.032,30.6832,2809.0,3716.819138,423.6329204,217.7130861,0.260256682,AROSAL
58.41767807,0.087948386,20.9506,30.883,2941.42,23482.20082,2336.241711,921.2115389,0.054064615,AROSAL
64.74176025,0.043935485,21.2416,30.9214,5574.6,5620.563187,809.7332742,539.0773591,0.107722327,AROSAL
67.05952301,0.04664516,22.4074,29.6534,9409.26,3066.75621,362.5448425,175.8071794,0.29320114,AROSAL
65.62393112,0.047365589,23.376,27.1096,6457.6,9078.460266,1034.706327,822.6372752,0.10655844,AROSAL
54.05921097,0.043806453,20.3312,30.5368,484.88,3090.560501,441.979236,230.2761894,0.19881236,NORM
54.96710472,0.043419356,20.269,30.725,483.32,3090.560501,441.979236,230.2761894,0.19881236,NORM
66.98809586,0.046451611,20.3026,30.7544,503.78,1821.875107,304.7928174,113.3881719,0.246444431,NORM
63.23076859,0.115096775,20.126,30.593,560.54,3833.974533,358.319514,188.1263612,0.375247811,AROSAL
67.45238266,0.044048388,19.2412,32.3144,729.22,4333.322952,373.6676626,183.4871828,0.389995765,NORM
58.71710625,0.070645158,19.389,31.7448,547.9,5943.269852,959.8439266,700.9478286,0.081065128,NORM
71.63047562,0.042387097,19.1798,32.177,950.02,11950.82747,2132.357152,1188.896792,0.033028431,NORM
65.24603144,0.044275269,19.0082,33.0534,1022.52,4486.253983,582.0922101,384.9612685,0.166383458,NORM
65.02655792,0.312774203,18.9226,33.6978,1025.68,5098.316467,653.6821276,450.8537343,0.149935141,NORM
60.23337212,0.043612905,18.913,33.8082,503.8,9388.188248,1957.138648,1078.628029,0.03079984,AROSAL
61.57692223,0.043677421,18.723,33.4554,776.58,6122.567093,837.4425163,643.6262038,0.109706764,NORM
68.95238113,0.045006452,18.699,34.071,1074.56,5966.44104,826.0954199,602.8527746,0.109866373,NORM
64.21672872,0.043913979,18.6942,34.5828,582.62,5985.046707,850.9008452,602.203429,0.103877024,NORM
64.91880493,0.04407742,18.675,34.1806,595.22,1443.696106,246.3144019,88.20309751,0.299023994,NORM
63.99816818,0.041806451,18.604,33.8122,573.16,1469.296646,215.8297512,117.685093,0.396366308,NORM
63.08699646,0.043677421,18.5944,33.8774,674.06,1578.3797,225.0002323,121.0043412,0.391791868,NORM
61.56410255,0.042129033,18.58,33.9482,663.04,1578.3797,225.0002323,121.0043412,0.391791868,NORM
69.81269836,0.042812904,18.5708,33.6256,1082.44,9082.113083,1036.312399,826.765688,0.10627115,NORM
65.91666718,0.043419356,18.533,33.6154,686.64,9164.242905,1037.890439,835.1233456,0.106906333,NORM
56.57894745,0.042677421,18.533,33.793,516.4,9432.126877,1044.663553,702.7801449,0.108609199,NORM
69.74427134,0.043139787,18.58,33.896,756.04,6457.314331,989.0805555,611.5189345,0.082946576,NORM
61.90476036,0.044064517,18.6376,33.7368,893.2,6457.314331,989.0805555,611.5189345,0.082946576,NORM
66.32381134,0.042677421,18.747,33.747,1008.32,4212.828201,586.0932349,375.6802367,0.154116876,NORM
61.13032684,0.042903228,18.7614,33.6492,798.62,4013.301315,538.3952493,319.1261857,0.173983953,NORM
66.60714035,0.044064517,18.723,33.6328,855.4,2799.813599,336.7952797,162.53168,0.310175143,NORM
63.51281967,0.053677418,18.9988,33.0458,987.82,3316.072525,501.3046567,272.5678066,0.165817517,NORM
60.68218689,0.08219355,13.7092,47.5176,1438.78,3090.560501,441.979236,230.2761894,0.19881236,NORM
55.47368469,0.083053765,13.6564,47.6598,1539.7,3047.412354,437.2078671,231.8402919,0.200338839,NORM
66.61843796,0.04612903,13.4586,47.9752,1582.3,2521.692581,378.8448681,187.0156778,0.220789892,NORM
62.16239192,0.044387098,13.4538,48.8406,2153.06,1945.627899,431.8863181,252.9528891,0.131078287,NORM
65.06959712,0.043827958,13.6756,48.1272,2189.32,9733.130707,1436.112811,835.0276787,0.05930418,NORM
59.88394127,0.044064517,13.738,47.763,1158.1,3795.727982,363.0956931,215.0871529,0.361795158,NORM
52.44473679,0.041763441,13.7236,47.9472,951.58,3904.903625,367.0661916,191.2928652,0.364192847,NORM
52.9375,0.042580646,13.6564,47.9698,962.64,5393.97348,699.9668257,494.8959091,0.138345092,NORM
54.0625,0.039096773,13.6468,48.0368,959.48,5449.970352,702.2449313,496.5640254,0.138875865,NORM
60.5991909,0.13716129,13.546,48.7228,4543.4,5441.59816,722.9915833,476.1430697,0.130818706,NORM
61.25303574,0.042348387,13.5844,48.2264,4122.42,9850.502518,1617.723968,1013.848229,0.047299812,NORM
61.8893383,0.04064516,13.5604,48.2792,3915.86,4598.484421,590.7043947,399.3035092,0.165609093,NORM
61.12415619,0.040709677,13.473,48.3666,2485.76,4171.05896,805.5069199,336.9796061,0.080782566,NORM
60.44871902,0.059225805,13.502,48.612,838.06,8387.737534,1057.194872,621.3354386,0.094307146,NORM
52.07386364,0.042554838,13.1946,48.6456,563.7,8597.709091,1061.741792,799.2538515,0.095841761,NORM
67.31623726,0.074000002,13.353,49.204,3163.74,21785.71443,2714.20822,1940.556384,0.037161681,NORM
63.07692413,0.05,13.3434,49.0542,1620.12,16138.15868,2701.116972,1697.508298,0.027795665,NORM
69.42032928,0.043096776,13.2138,48.9078,1091.88,6281.440796,848.7348091,649.3137632,0.109578438,NORM
62.00427386,0.040623655,13.2522,48.678,1202.28,6077.39389,834.5599789,626.7353843,0.109650885,NORM
62.70512657,0.050387094,13.2186,48.6862,1601.18,5851.256027,821.5335156,634.2568582,0.108945274,NORM
61.65384598,0.136709673,13.0208,49.8306,800.2,1489.898544,249.5795553,128.1958466,0.300572018,NORM
60.36752192,0.048774191,13.4298,49.1524,1236.96,9394.24733,1044.580139,698.9370447,0.1081903,AROSAL
58.0526329,0.044193547,13.1704,48.7476,1082.42,9102.410034,1038.548068,828.2577504,0.106050582,NORM
65.90476151,0.04096774,13.3338,49.7006,1861.38,10149.35245,1214.757474,858.4839692,0.086430901,NORM
69.7630427,0.043139784,13.522,48.9482,3600.52,4275.976349,538.3978222,320.9647876,0.185369624,NORM
60.66329346,0.044967741,13.5268,48.504,1069.82,4430.521591,640.6418046,421.704545,0.13565449,NORM
64.17094065,0.055139786,13.546,48.3642,640.92,3778.494003,533.7465931,333.6442557,0.166670358,NORM
67.04300308,0.073118278,13.5844,48.3256,626.76,3985.707047,538.6806117,335.3146808,0.172604673,NORM
62.82967072,0.043225805,13.522,48.5156,1285.84,4673.625748,656.8711464,369.9116824,0.136114197,AROSAL
59.36707077,0.061858063,13.512,48.669,6481.22,10950.02054,1581.991381,481.3748679,0.054981498,NORM
68.48809586,0.054516129,13.4634,48.6568,1224.36,2808.390366,331.9453256,171.2969375,0.320283248,NORM
61.56949997,0.056774191,13.512,48.7248,569.98,3410.305161,373.6571132,182.714175,0.306942197,AROSAL
55.40131531,0.042322581,13.5412,48.5246,536.9,23482.20082,2336.241711,921.2115389,0.054064615,NORM
62.22199631,0.25451612,13.546,48.5378,1156.54,19500.59773,1608.75544,865.5919675,0.094684247,NORM
60.58367157,0.04696774,14.3324,46.7192,1180.2,9166.396271,1036.223396,833.8711306,0.107275786,AROSAL
60.78407516,0.045935484,16.1866,42.6366,11309.24,2843.716171,413.7934294,213.8970911,0.208703115,AROSAL
61.19230652,0.054774193,16.901,42.3878,17343.48,2642.637512,390.5669659,226.4940211,0.217699005,AROSAL
59.28947525,0.166838711,17.8814,38.6956,19024.3,3598.525238,455.0248871,287.8491533,0.218405774,AROSAL
63.9169721,0.113806452,17.8908,38.5024,3458.62,3822.274765,492.8174673,290.6805442,0.197769621,NORM
51.36363636,0.045677419,17.2488,41.3096,1995.4,8522.591888,1023.716115,766.8836055,0.102193312,AROSAL
63.0427358,0.045376344,17.534,40.0576,2378.54,5862.918167,818.2130973,633.5319899,0.110050202,AROSAL
53.98026352,0.045354838,17.0962,41.8488,3647.82,16088.91257,1770.155523,997.9111217,0.064522874,NORM
63.66117134,0.064748385,16.8584,42.2872,2110.48,1600.415421,282.80332,153.8780168,0.251462706,AROSAL
60.45388972,0.080989246,16.3774,42.366,3868.58,4073.579498,960.5526546,716.66562,0.055480927,AROSAL
60.2024306,0.043978495,16.4582,42.337,3889.04,4073.579498,960.5526546,716.66562,0.055480927,AROSAL
59.04970767,0.044408603,17.0436,41.0884,2216.14,9524.54039,1048.092115,691.1927343,0.108956962,AROSAL
57.81579056,0.046838708,17.0294,41.4512,3196.88,9050.744339,1048.817712,804.0495747,0.103393714,AROSAL
62.32051277,0.070516126,16.7202,41.1608,3386.08,10411.96289,1252.669913,799.8322402,0.0833814,AROSAL
56.61749344,0.045806452,16.7202,41.4164,2075.8,4420.450058,557.3374134,369.4586116,0.178829827,AROSAL
59.89743741,0.045978494,16.5394,40.923,2082.1,3778.494003,533.7465931,333.6442557,0.166670358,NORM
56.73684158,0.045935483,16.392,41.8644,2004.84,3778.494003,533.7465931,333.6442557,0.166670358,NORM
67.70541229,0.043010755,16.415,42.2238,2378.52,3626.231064,454.3773666,268.2283782,0.220715055,NORM
61.16666641,0.04548387,16.106,42.856,2998.2,21907.54071,1700.78295,890.2854022,0.095171235,AROSAL
60.13630295,0.045548387,16.1434,43.3808,4541.86,14730.6131,1775.156528,540.2106931,0.05874317,AROSAL
58.92982407,0.052129033,16.12,43.0608,7310.62,14730.6131,1775.156528,540.2106931,0.05874317,AROSAL
63.95213659,0.044817204,16.5108,41.7248,4951.78,3586.619598,486.0073367,258.6584102,0.19081369,AROSAL
61.53306198,0.059483872,16.7106,42.2322,5238.76,3122.184433,367.6121683,174.3448142,0.290327825,AROSAL
57.35537567,0.044645162,17.0296,41.176,4510.32,17057.49397,1989.204072,1469.373424,0.054170945,AROSAL
59.88461533,0.049987096,17.1866,40.7132,6038.16,2828.504593,610.8027081,255.2299657,0.095271904,NORM
67.4649587,0.045075269,17.5388,40.4696,2987.16,9102.410034,1038.548068,828.2577504,0.106050582,AROSAL
64.36355438,0.048580643,17.2442,41.373,10796.8,3357.720444,472.1600507,259.2200387,0.189267446,NORM
61.21794701,0.055161288,19.4602,37.6396,12083.44,3524.880325,585.8220414,356.8207337,0.129069261,NORM
55.68421059,0.046709677,18.1856,39.406,1553.9,3973.923035,365.8333527,191.0530706,0.373132194,AROSAL
59.79622142,0.045849461,18.1904,40.6054,1503.42,4042.222351,363.5939909,185.7937327,0.384234776,NORM
52.65625,0.046064515,17.9954,40.745,3395.52,12775.35063,1692.20196,998.6417822,0.056063255,NORM
59.9553566,0.046580644,18.4898,39.4842,3580.02,10653.80118,1686.091908,976.0412903,0.047092524,NORM
57.21314049,0.04676129,18.4802,39.2118,2056.88,5244.783249,729.608977,500.0978272,0.123810384,NORM
59.4426445,0.076322583,18.1664,39.2104,5536.78,4626.232635,593.2012466,392.9923476,0.165208817,NORM
61.39406204,0.046774192,18.2332,39.4952,4034.12,5067.939453,645.9696526,476.4994194,0.152621969,NORM
59.12190882,0.048516128,18.0098,39.6002,1886.56,8750.497086,1056.348336,675.4763072,0.098543568,NORM
59.35060623,0.055612904,17.4056,40.7628,1903.94,8650.410263,1059.449695,800.9415447,0.096846937,NORM
61.88151047,0.05503226,17.434,41.0546,2358.04,8644.483566,1065.085671,800.2501603,0.095759051,NORM
60.58951823,0.045458064,18.0146,40.0776,4617.5,8800.655106,1124.69553,840.3448591,0.087428883,NORM
60.37786865,0.044387097,18.1096,39.7078,4716.84,20605.18929,2708.031736,1953.212639,0.035308476,NORM
57.36842079,0.047677419,17.6196,40.716,1695.8,5862.918167,818.2130973,633.5319899,0.110050202,NORM
60.78542595,0.045096774,17.8052,40.5178,1678.46,5862.918167,818.2130973,633.5319899,0.110050202,AROSAL
52.625,0.045967741,17.2394,41.9862,853.8,1323.738617,417.7672561,186.5161052,0.095311062,AROSAL
54.64473724,0.047999999,17.3584,42.1598,2791.64,2180.319626,511.524486,339.7093783,0.104712173,NORM
58.24966202,0.043096776,17.1914,42.2806,5497.34,6370.26326,1796.943568,1112.196108,0.024791247,NORM
61.77237981,0.043440862,17.363,41.604,5393.24,4073.579498,960.5526546,716.66562,0.055480927,NORM
58.70917664,0.049032257,17.819,40.4234,1744.7,4203.44191,551.8934153,356.5997943,0.173422119,NORM
60.15384598,0.045612903,16.8964,41.8642,1815.64,4290.720551,634.6678809,358.8330091,0.133858839,AROSAL
58.36549708,0.045032258,16.6154,42.724,1867.68,4401.477478,638.5768481,347.4912655,0.135638198,NORM
59.82456131,0.051225806,17.0106,43.279,2402.18,3810.68277,534.371536,318.3132257,0.167697283,NORM
68.51243312,0.049462365,17.6482,41.1236,2531.46,17041.38597,1335.939718,579.3515015,0.119988895,AROSAL
64.42621104,0.044086021,17.6818,41.1012,3430.24,17041.38597,1335.939718,579.3515015,0.119988895,AROSAL
68.00793457,0.047051611,18.0002,40.4816,3643.08,15617.73747,1553.24724,934.7435033,0.081347985,AROSAL
62.01007347,0.043948388,18.1002,40.5698,3680.94,15617.73747,1553.24724,934.7435033,0.081347985,AROSAL
65.13095207,0.057290321,18.9802,39.2066,4470.86,3204.229996,371.2861669,177.3794121,0.292089542,AROSAL
58.06815071,0.051870965,19.5744,38.2242,4775.18,3592.833405,781.2376662,553.6248888,0.073974254,NORM
63.74359131,0.04929032,19.6222,37.0036,4213.88,9046.970291,1036.534896,834.4636075,0.105814497,NORM
56.45919942,0.050150537,22.7338,34.3306,1475.06,1908.551636,312.9940358,122.1700021,0.244817046,AROSAL
58.96131312,0.048516128,22.7434,34.3314,1758.88,1821.875107,304.7928174,113.3881719,0.246444431,AROSAL
56.52631645,0.049032258,23.5208,34.3242,8933.08,4600.112015,392.3431801,177.7853186,0.375531226,AROSAL
54.125,0.048,24.0644,32.2438,1169.16,5943.269852,959.8439266,700.9478286,0.081065128,AROSAL
54.5,0.046129031,24.122,32.0612,1181.76,9591.529037,1684.06532,983.3388583,0.042499111,AROSAL
58.28947411,0.050193547,23.3088,33.6392,1580.7,4486.253983,582.0922101,384.9612685,0.166383458,NORM
64.86538315,0.060451612,23.3904,35.1488,3173.22,8419.304214,1038.13462,798.8164989,0.098169983,AROSAL
60.26922989,0.047354839,22.513,36.3536,5527.3,20605.18929,2708.031736,1953.212639,0.035308476,AROSAL
61.01282043,0.046258063,22.92,35.0178,2575.64,5755.126572,807.2608256,616.0813745,0.110978024,AROSAL
58.32861023,0.066903226,21.819,37.455,2214.54,1517.006393,502.3466525,221.7025475,0.075542308,AROSAL
56.84210434,0.050129032,23.2272,34.2966,7884.54,9394.24733,1044.580139,698.9370447,0.1081903,AROSAL
64.37484843,0.070735483,23.6218,33.834,7263.3,9050.744339,1048.817712,804.0495747,0.103393714,AROSAL
60.28452644,0.064387096,22.9776,34.4198,1620.14,2744.04863,332.5087359,164.7687053,0.311885761,AROSAL
60.02159348,0.08924731,22.9488,34.2772,1921.3,2808.390366,331.9453256,171.2969375,0.320283248,AROSAL
66.08333588,0.047225805,23.689,33.1868,7884.56,3420.38884,398.5966878,204.0857106,0.270531583,AROSAL
60.73420766,0.048602148,23.8526,33.2618,5645.56,7644.66304,1110.231687,812.9986125,0.077936514,AROSAL
58.71052742,0.049032257,24.1078,33.285,5593.5,7644.66304,1110.231687,812.9986125,0.077936514,AROSAL
61.92307663,0.049741936,25.8218,29.059,1932.32,2774.293182,404.5494113,219.7982244,0.213019358,NORM
57.71912994,0.059741935,25.545,29.654,1807.76,2642.637512,390.5669659,226.4940211,0.217699005,NORM
59.07827225,0.056774191,25.3264,29.6292,1754.16,2521.692581,378.8448681,187.0156778,0.220789892,NORM
60.36234818,0.060322577,24.4984,31.1804,1575.96,1908.551636,312.9940358,122.1700021,0.244817046,NORM
60.76923116,0.116215054,24.547,31.3528,1640.62,1785.477127,303.0528411,120.9179907,0.244302232,NORM
63.8845192,0.136344084,24.05,31.7262,8414.34,3294.541183,376.3198655,217.2374072,0.29234153,NORM
60.17982381,0.048731181,24.1996,31.88,8442.72,3854.645172,362.6299822,194.8982936,0.368355241,NORM
55.13942261,0.049096773,24.7356,31.1604,9385.62,3884.518173,378.1081907,199.847059,0.341440356,NORM
58.57310079,0.054408599,25.1082,30.8214,2747.48,3510.135376,464.7756353,300.5300898,0.204195903,NORM
60.6329277,0.050193548,24.987,30.305,1459.3,5529.622391,712.127131,515.4107789,0.137021991,NORM
53.375,0.049354837,24.8902,30.6814,1394.62,5315.946228,696.6753215,475.4245799,0.137635223,NORM
60.16599159,0.055096773,24.968,30.6952,1435.62,5457.617554,701.2222249,477.7090253,0.139476685,NORM
57.28070234,0.054516127,24.0836,31.7966,2520.44,9064.394089,1605.017444,1034.0842,0.044216985,NORM
63.72436066,0.077096774,24.291,32.2438,2621.36,8365.816956,1054.517362,807.518133,0.094538945,AROSAL
59.52294121,0.053419353,24.8998,30.8984,1858.18,8350.87735,1046.964271,788.3546828,0.095736655,AROSAL
59.85559896,0.050322579,24.8856,31.1664,6296.76,21484.71613,2715.384874,1969.477034,0.036616489,AROSAL
61.89010925,0.116,24.7886,31.057,2323.36,6281.440796,848.7348091,649.3137632,0.109578438,AROSAL
62.4541172,0.059935482,24.7934,30.943,2258.68,6281.440796,848.7348091,649.3137632,0.109578438,AROSAL
58.9001339,0.052193546,25.084,30.8732,4846.16,1328.334885,226.9343383,119.1453725,0.324128345,AROSAL
56.40896647,0.053849461,25.0842,30.1714,9254.74,2828.504593,610.8027081,255.2299657,0.095271904,AROSAL
64.59523811,0.061290323,25.4334,30.6734,6586.88,9459.28595,1045.317611,697.0621074,0.108785668,AROSAL
64.18314972,0.067548389,25.6952,29.7684,4839.82,9949.959259,1069.306981,770.0581036,0.109351907,AROSAL
62.64102554,0.278709675,26.4606,27.9318,2980.84,4411.402527,553.0118064,355.288211,0.181266582,AROSAL
63.61538467,0.066838711,26.2264,28.8066,6503.32,4136.72699,547.3096043,332.0456948,0.173540396,AROSAL
60.91655502,0.052817201,24.6438,31.4754,4153.96,3038.244904,340.4630518,170.3685253,0.329376543,AROSAL
61.18960953,0.04846774,25.0648,30.6422,2135.7,4718.566208,568.6947863,297.8493775,0.183341772,AROSAL
60.08187167,0.049290321,25.2292,30.1088,4918.66,5162.644867,737.0117662,492.7941619,0.119435456,AROSAL
63.96886444,0.091354836,25.501,29.7388,9576.4,6685.361542,820.1311756,522.0195733,0.124901634,AROSAL
67.20079498,0.065483869,25.4672,29.8916,9768.78,4018.076447,561.4008289,319.9369726,0.160207174,AROSAL
66.79670181,0.085483867,25.8122,29.4186,6230.54,2879.837189,348.7139612,160.317347,0.29760425,AROSAL
65.65567627,0.075225806,25.8852,29.411,6266.78,2777.020187,344.8631674,158.8385859,0.293423758,AROSAL
64.37362823,0.056580644,25.992,29.2566,4276.92,9097.290176,1037.331213,822.8061385,0.106239745,AROSAL
62.65114746,0.095419355,16.6394,32.6466,15175.44,2741.352905,403.526802,223.8515479,0.211558286,NORM
64.42033005,0.098903225,18.1524,31.0476,17832.28,4540.392166,770.4824895,384.0148028,0.096112015,NORM
63.72893829,0.067483869,18.2712,30.9122,17397.1,3865.345474,766.262663,390.2210892,0.082726157,NORM
63.18803355,0.071526881,18.6088,29.1002,15840.86,1865.179535,437.9570628,250.3884327,0.122198939,NORM
64.32539749,0.079397851,18.6658,28.958,17352.94,1945.627899,431.8863181,252.9528891,0.131078287,NORM
64.77014694,0.088451608,19.013,28.8196,6679.9,3735.921509,457.271009,256.9531766,0.224522708,NORM
56.7534874,0.078580646,19.3082,29.164,9754.6,9764.52739,1459.58495,900.288343,0.057597328,NORM
62.13675079,0.068473119,19.4408,28.2994,3515.36,3795.727982,363.0956931,215.0871529,0.361795158,NORM
56.63157959,0.085591399,19.5458,28.7626,2889.38,4167.804398,366.6201972,186.2995078,0.389658738,NORM
58.52243525,0.058038709,17.7006,31.867,3501.18,5362.185455,700.3853764,494.3622931,0.137365463,NORM
60.00269814,0.228903225,17.7624,30.6034,7258.58,4478.507721,590.6068253,394.3423801,0.161341566,NORM
53.5,0.059698924,18.129,30.522,2555.14,8248.863266,1026.229527,792.8596631,0.09842716,NORM
56.34006348,0.055161288,18.129,30.5022,3020.28,8248.863266,1026.229527,792.8596631,0.09842716,NORM
62.36446991,0.117548387,18.1712,30.5988,5216.7,8522.591888,1023.716115,766.8836055,0.102193312,NORM
61.05128136,0.090451612,18.295,29.4672,5867.88,8336.062607,1701.269152,1191.834941,0.036193016,NORM
63.07692184,0.090645157,18.271,29.4318,6146.96,6172.852509,858.2275111,647.3474145,0.105315162,NORM
64.15201721,0.06812903,18.2332,29.9874,4713.68,6281.440796,848.7348091,649.3137632,0.109578438,NORM
53.275,0.054387096,17.9908,29.6814,1782.54,5963.842911,827.8968773,657.7545296,0.109341133,NORM
63.34935856,0.061419355,17.1724,31.886,2042.7,5866.321075,806.8020082,616.9755003,0.113250923,NORM
60.7179493,0.069870967,17.534,30.5444,1897.64,1483.378754,249.6611717,86.94734208,0.299061088,NORM
57.02631569,0.045741935,17.158,31.5158,1276.36,1274.667603,341.5337946,186.6845355,0.137321787,NORM
62.56410332,0.080903223,16.8536,32.1664,2463.7,1387.820175,236.2008809,120.4230331,0.312593566,NORM
64.38828049,0.082903228,16.2916,30.682,6873.86,2113.712585,287.1117067,144.5507027,0.322221115,NORM
62.49572728,0.050580644,16.7822,31.9236,4105.08,9430.942764,1045.710558,685.0161518,0.108378213,NORM
62.15384445,0.064903225,17.0108,29.9706,2113.64,4162.454361,528.5142436,332.9788452,0.187260404,NORM
63.4102562,0.082580646,16.2154,32.0966,2933.54,3944.915726,539.691145,327.184026,0.170199002,NORM
67.18803329,0.077354841,16.2866,32.0502,2851.56,3654.836548,454.7891603,260.3192185,0.222053495,NORM
64.79226799,0.095741932,16.0864,31.9602,3803.92,2919.496658,360.8726474,169.1150903,0.281714963,NORM
61.74359055,0.08825806,15.4278,32.1176,2597.7,2826.968719,349.3540255,166.000183,0.291071285,NORM
68.19169464,0.080215052,15.867,32.7532,2722.28,2977.948807,338.6455689,174.7546881,0.326314443,NORM
62.54700979,0.050468817,15.7288,32.7208,3151.14,24853.95938,2326.113195,900.5801814,0.057722317,NORM
61.85897408,0.051638708,15.6858,32.7432,3695.12,24853.95938,2326.113195,900.5801814,0.057722317,NORM
64.4103054,0.234516132,16.177,32.3422,6645.2,4458.621948,645.5602301,458.2132346,0.134442623,NORM
62.48717957,0.096387094,16.201,32.364,7383.1,2749.891663,346.8845091,162.9280458,0.287180956,NORM
59.43679632,0.074150536,16.201,32.364,7383.1,3405.412109,640.415243,436.1705499,0.104341294,NORM
63.73076973,0.091741937,16.201,32.364,7383.1,7571.846725,1102.900652,783.3195527,0.078223797,NORM
64.04519234,0.06972043,16.201,32.364,7383.1,14436.0423,1985.01785,1182.869263,0.046039349,NORM
63.79487,0.095806451,23.2224,21.4516,1546.02,3263.18988,462.2215702,239.6852709,0.191933946,AROSAL
60.304319,0.170709682,22.6282,22.1284,2028.48,2819.8246,409.6901478,229.0161324,0.211115888,AROSAL
60.7051281,0.066129032,22.7146,22.0452,2124.68,2642.637512,390.5669659,226.4940211,0.217699005,AROSAL
64.18986511,0.169612899,22.1108,22.054,10386.86,4220.47551,762.9689817,375.8646846,0.091108204,NORM
59.22447001,0.11535484,20.4408,24.6416,2000.1,3463.73645,462.1921789,289.9437367,0.203755584,AROSAL
57.34210587,0.120193549,20.6218,25.068,12608.5,3865.437485,496.1589054,281.389685,0.197318105,AROSAL
59.27530289,0.060064515,20.5788,24.7192,12496.56,3796.511719,359.2821896,200.3579607,0.369592569,NORM
65.82539698,0.084602149,21.2798,23.762,9320.98,4600.112015,392.3431801,177.7853186,0.375531226,AROSAL
62.1794871,0.070838712,21.0554,23.7878,924.74,3336.458374,373.8842199,203.8461027,0.299930964,NORM
58.92982559,0.108559143,17.2012,28.6458,927.92,5370.425385,704.8751874,497.3829182,0.135829501,AROSAL
60.84458021,0.079655913,17.5102,30.0058,1661.12,5296.423126,694.9198023,481.2536652,0.137823464,NORM
61.82860985,0.05812903,17.8242,29.6274,4948.62,5437.064026,701.3687895,476.6469082,0.138893346,NORM
60.22435856,0.066709675,18.5614,28.0486,1481.34,4486.253983,582.0922101,384.9612685,0.166383458,AROSAL
64.28937912,0.056451612,18.5992,27.757,1385.18,4682.319504,608.13864,416.2830751,0.159098363,NORM
58.20580254,0.08012903,18.547,28.4146,1555.48,5010.693542,650.0943167,468.166065,0.148989261,AROSAL
64.31472855,0.063096772,18.6706,27.7092,2436.86,8651.739807,1056.100442,664.7493103,0.097477159,NORM
54.80921021,0.06832258,18.661,27.1458,3032.88,8644.483566,1065.085671,800.2501603,0.095759051,AROSAL
62.96394844,0.079870965,18.8084,26.654,2329.66,8419.304214,1038.13462,798.8164989,0.098169983,NORM
60.26180827,0.054881717,18.8704,26.5918,2578.78,9388.188248,1957.138648,1078.628029,0.03079984,NORM
58.73684209,0.068602152,18.8038,28.8958,3520.1,21484.71613,2715.384874,1969.477034,0.036616489,AROSAL
54.41118393,0.105225806,19.0846,27.2388,2083.68,5963.842911,827.8968773,657.7545296,0.109341133,AROSAL
56.00764847,0.103612901,19.1462,27.1634,2124.68,5963.842911,827.8968773,657.7545296,0.109341133,AROSAL
62.50000076,0.053354839,18.6992,26.9342,1255.88,5948.618073,810.6317167,607.4947197,0.113757167,AROSAL
53.0,0.071677421,18.5282,28.4934,2544.08,1388.805435,267.3551244,107.755157,0.244159848,AROSAL
52.19166667,0.069548389,18.8656,28.5336,2594.52,1360.763977,247.8417334,96.7285599,0.278383693,AROSAL
63.88278427,0.081612904,19.0224,26.7308,7529.78,9164.242905,1037.890439,835.1233456,0.106906333,NORM
58.02380931,0.071569892,19.1272,27.0948,9770.32,9459.28595,1045.317611,697.0621074,0.108785668,NORM
56.49122747,0.057849461,18.8798,27.4644,2001.66,3778.494003,533.7465931,333.6442557,0.166670358,AROSAL
61.06153885,0.056851613,18.414,28.1504,2253.98,2805.624664,328.7590091,168.8257508,0.326200115,NORM
61.6666659,0.105892472,18.3664,28.1464,4196.52,3410.305161,373.6571132,182.714175,0.306942197,AROSAL
61.27597694,0.071032256,18.9656,27.8462,4415.7,4667.278122,648.5515429,395.0431448,0.139439094,NORM
66.4365097,0.076860214,19.993,26.4074,5782.76,2879.837189,348.7139612,160.317347,0.29760425,NORM
67.19444606,0.156021505,20.055,26.358,4950.22,2777.020187,344.8631674,158.8385859,0.293423758,NORM
60.8011692,0.086344086,20.9222,25.6858,5281.34,7644.66304,1110.231687,812.9986125,0.077936514,NORM
