@relation .a/eda_smooth_ml/eda_smooth_ml
@attribute Sound real [46.22267342, 79.2527832]
@attribute Dust real [0.02916129, 0.39787096]
@attribute TempEN real [10.521, 26.891]
@attribute RH real [17.24, 60.8856]
@attribute Light real [287.76, 32280.1]
@attribute EDA_label {LOW, NORM, HIGH}
@data
59.98650513,0.055354837,20.3976,30.7226,1706.84,NORM
61.55128098,0.043741934,20.2074,30.8064,1531.8,NORM
55.67004013,0.060967738,19.8602,31.5212,1560.22,LOW
55.69079018,0.055999998,19.8028,31.443,1974.88,LOW
61.21997261,0.044064515,18.7278,33.449,2736.44,NORM
56.31579018,0.074645159,17.8574,35.1508,3718.76,NORM
59.5492588,0.043999999,17.0724,37.2976,3468.06,NORM
63.11795013,0.128430105,17.0774,37.1232,2687.58,NORM
62.24102534,0.047204301,16.9582,37.3122,2637.1,NORM
57.64035085,0.071397851,16.539,38.4122,2790.04,NORM
55.55263138,0.054451612,13.9924,44.9506,1377.28,NORM
61.25371094,0.088387098,14.4138,41.8172,1544.42,NORM
58.49851532,0.041419355,14.3324,43.3126,1287.44,NORM
56.77543971,0.045118279,14.3232,43.4504,1251.16,NORM
56.94736786,0.04748387,14.2036,43.6124,1244.86,NORM
57.13157806,0.054322578,14.0836,43.2014,2354.88,NORM
66.20128365,0.053677418,13.4586,44.6602,3054.96,NORM
62.3931605,0.038838709,13.473,44.7246,2134.12,NORM
62.41025569,0.079053764,13.3242,45.063,1367.82,NORM
56.13157921,0.058451612,13.0304,45.464,1607.5,NORM
59.80611801,0.067870966,12.7702,46.1296,1976.48,NORM
58.6572197,0.064967739,12.727,46.3982,2813.72,NORM
60.07354813,0.109419354,12.7462,46.3504,2818.44,NORM
63.93131816,0.040967741,12.8134,46.1104,3662.0,NORM
60.85641006,0.048774192,12.8374,46.3562,3781.86,NORM
64.19658152,0.074967738,12.9344,45.9818,2733.32,NORM
56.89473763,0.058838707,13.016,45.8866,4885.56,NORM
57.91919607,0.061419357,13.132,45.7822,4336.86,NORM
63.6117218,0.046838709,13.122,45.75,3520.1,NORM
63.57179489,0.066903226,12.9968,46.4938,3002.92,NORM
63.40476189,0.084838711,13.064,46.1354,1905.52,NORM
60.61538391,0.043290323,12.6156,46.8928,1804.6,NORM
62.20512772,0.129548383,12.524,47.148,1826.66,NORM
66.72747231,0.047827955,12.5532,47.2508,1568.08,NORM
59.61336098,0.043638709,12.5868,47.4162,1434.06,NORM
61.16510849,0.045139785,12.5724,47.371,1367.82,NORM
55.29824626,0.042021504,12.582,47.2978,1705.26,NORM
59.07422409,0.049032258,12.5628,47.4502,2086.84,NORM
61.87764384,0.083225803,12.654,47.4556,1348.9,NORM
60.52564125,0.044387095,12.678,46.913,1011.48,NORM
59.86167221,0.054709676,12.6684,46.9552,636.22,NORM
53.125,0.038516129,19.0366,29.9748,549.5,LOW
53.9692983,0.035419355,18.9466,30.4588,722.94,HIGH
61.13675257,0.036989248,18.2854,31.5556,640.96,LOW
60.9102562,0.038516129,18.1098,31.6256,827.02,LOW
60.6662178,0.113548386,17.8526,31.9462,663.02,LOW
59.83940735,0.052903227,17.7622,32.301,629.9,LOW
59.34699605,0.073548385,16.844,33.9036,484.84,LOW
59.72199745,0.052258066,15.867,36.6124,883.76,LOW
61.94871635,0.040645161,15.127,37.8332,366.6,NORM
62.30769348,0.04335484,14.7684,38.2582,850.66,HIGH
62.3076917,0.092688171,14.7306,38.6072,722.94,LOW
62.0307695,0.045548387,13.5604,42.093,447.0,LOW
64.09401754,0.044043011,13.5556,41.5672,533.76,LOW
58.31578903,0.044967741,13.4778,41.8746,815.96,LOW
57.42105331,0.068774192,13.4874,41.8314,458.06,HIGH
63.47863185,0.049806451,13.425,42.317,503.76,NORM
62.26855698,0.054838713,13.425,41.9572,514.8,LOW
62.62820435,0.055161292,13.1514,43.2676,672.48,HIGH
64.49938939,0.074365589,13.1946,43.1344,694.56,LOW
65.44230804,0.059032258,13.088,43.386,599.94,LOW
63.4551281,0.042193547,12.9104,43.7726,294.04,NORM
57.86234741,0.045935483,12.891,43.6388,871.16,LOW
65.60073318,0.042967742,12.871,43.605,631.5,LOW
60.35332001,0.042064516,12.799,44.1858,686.66,LOW
63.18119527,0.039655913,12.8038,44.7434,420.2,LOW
65.24908524,0.065870965,12.8278,44.5458,517.96,LOW
64.41392136,0.04883871,12.896,43.8402,451.72,LOW
61.75641022,0.049483869,12.896,43.7838,462.78,HIGH
63.16239192,0.082967741,12.896,43.859,478.54,LOW
54.78289528,0.057225805,16.344,39.241,2974.54,NORM
57.96221263,0.038967741,15.5762,41.5362,2763.26,HIGH
62.3002697,0.03967742,15.5474,41.7046,2649.74,LOW
63.10256373,0.041806451,15.022,42.7866,3018.68,NORM
62.44871712,0.141483872,14.0788,45.375,3108.56,NORM
61.83333359,0.056322581,14.0836,45.087,2963.5,NORM
53.3125,0.042709676,13.5508,46.2588,2525.16,NORM
52.85,0.034193549,13.4394,46.9046,5076.36,NORM
58.83130989,0.03967742,13.329,47.369,2424.28,NORM
57.56140264,0.037763441,13.1898,47.7352,1992.24,NORM
60.2550602,0.033161292,12.582,49.1994,4368.4,NORM
61.94645271,0.032129032,12.364,49.9932,2526.76,NORM
54.99013176,0.034580645,12.243,50.8404,2506.24,NORM
54.2192983,0.048860214,12.001,50.8682,3822.84,NORM
61.64192581,0.096129031,12.0202,50.5838,5229.3,NORM
62.11538506,0.034258064,11.977,50.9078,4243.82,NORM
61.44871788,0.032741935,11.832,52.0818,3318.28,NORM
60.44601898,0.038774191,11.248,53.3016,3226.8,NORM
59.28340034,0.037225806,11.0582,54.8404,3170.06,NORM
62.11111094,0.041634407,10.883,54.868,2400.58,NORM
56.57557373,0.029251612,10.883,54.826,2340.7,NORM
68.45828451,0.03204301,10.756,56.0052,3371.86,NORM
60.57759666,0.034529033,10.736,56.158,1509.76,NORM
57.04228388,0.034064518,10.7312,56.0552,2471.56,LOW
59.78362465,0.035290322,10.702,56.0984,3386.08,NORM
63.69230843,0.117032258,10.736,56.462,2704.92,NORM
63.97435913,0.03567742,10.531,56.9492,1784.08,HIGH
60.68870977,0.038967741,17.2488,38.9128,3261.5,NORM
56.71052717,0.038215053,16.301,40.5704,5308.14,NORM
55.89473699,0.038623655,15.972,41.0964,5921.5,LOW
59.75641022,0.040000001,14.7158,44.1966,6410.28,LOW
60.38731333,0.036451613,14.347,44.5044,4251.7,NORM
55.8702774,0.036774194,13.9156,45.4112,4043.58,NORM
55.4078949,0.036464516,13.8148,46.236,4106.64,NORM
54.92363892,0.033901076,13.7092,47.0698,3119.6,NORM
59.65452042,0.03567742,13.6804,46.767,3103.84,NORM
59.24797592,0.066193547,13.6612,46.6344,3149.54,NORM
52.86363636,0.036516129,13.6084,46.4406,3081.76,NORM
52.85416667,0.03395699,13.57,46.1674,3089.64,NORM
54.71381531,0.034789082,13.5364,46.1384,2766.4,NORM
57.70917587,0.035806452,13.2858,46.9286,3621.02,NORM
58.57624893,0.031458064,12.582,49.6728,3337.22,NORM
56.23684273,0.031935482,12.5868,49.8272,2657.62,NORM
61.45748978,0.041870967,18.1808,34.134,1642.2,NORM
61.38461533,0.043870968,18.1144,33.9508,1798.26,LOW
61.66666565,0.057419357,16.4918,37.4386,2870.48,NORM
60.41025696,0.047999999,16.2768,37.6108,3004.5,NORM
56.76315804,0.044258065,16.082,37.623,3028.16,NORM
59.06815071,0.097290322,15.958,37.9068,3565.82,NORM
55.28947334,0.038258065,15.5282,39.0702,3289.92,NORM
60.183535,0.04516129,15.175,40.2162,2725.4,NORM
56.54565837,0.048516128,15.0408,40.4952,3080.2,LOW
56.0,0.04612903,14.984,40.9602,3042.36,NORM
53.45833333,0.041827957,14.8976,41.0586,3482.26,LOW
59.66261787,0.048193548,14.5338,42.249,2397.44,NORM
59.25438614,0.070774191,14.553,42.2324,2000.12,NORM
56.75438614,0.054107525,14.553,41.8014,2250.8,NORM
54.0125,0.062709675,14.433,41.8256,2700.16,NORM
53.75,0.071548384,14.2418,42.1392,3217.38,NORM
56.04385974,0.074946234,14.002,43.4504,5180.42,NORM
58.45343984,0.063225805,13.9876,43.6628,5148.88,NORM
60.94017029,0.043483869,13.5988,45.4846,4895.0,NORM
55.86842079,0.04148387,13.786,43.7268,2116.8,LOW
60.27665253,0.039870967,13.497,45.247,2466.82,LOW
59.09626668,0.040086023,13.377,44.6502,4410.96,NORM
57.03508809,0.036064516,13.3722,45.4252,3797.6,NORM
55.41447449,0.079032257,13.3386,45.0332,3010.82,LOW
56.63157883,0.036774194,13.1898,44.8276,3006.06,LOW
59.83265877,0.088064518,12.775,46.4414,1449.86,HIGH
61.21142629,0.05948387,12.751,46.705,2630.8,NORM
63.14102478,0.039913979,12.519,47.2528,2559.86,NORM
58.43274829,0.037096774,12.514,47.3258,946.84,NORM
58.9210537,0.042580645,12.3448,47.5394,2621.36,NORM
61.34952774,0.040387098,12.3496,47.7134,2276.04,NORM
59.16644185,0.06,12.316,48.1226,1383.6,HIGH
61.35492523,0.065677418,17.225,36.015,2299.7,NORM
58.05263214,0.073161288,15.7432,39.1316,3048.64,NORM
58.12280629,0.036929033,15.6288,38.9912,3110.14,NORM
61.02609049,0.036688173,15.055,40.5348,3472.82,NORM
63.58974202,0.038064516,14.146,43.3978,3923.74,NORM
57.25843506,0.037419355,13.2714,45.9744,4685.3,NORM
56.625,0.036774194,13.281,45.8134,4653.76,NORM
56.67894638,0.049096776,13.233,45.6078,3728.22,NORM
58.50000038,0.034322581,12.992,47.6542,2121.52,NORM
57.39473724,0.034967743,12.7654,46.5332,3952.14,NORM
61.76743317,0.038623656,12.63,46.783,2310.74,NORM
53.35416667,0.033311827,12.5484,47.6894,3375.04,NORM
53.0,0.032129031,12.534,47.5388,3329.32,NORM
59.74898682,0.049677421,12.3496,48.1086,2490.48,NORM
58.71862297,0.038451614,12.2968,48.6196,2260.28,NORM
62.21727409,0.060000003,12.3986,47.8554,2072.64,NORM
61.1970314,0.033354839,12.389,47.681,2794.8,NORM
59.93522224,0.033290322,12.4178,47.5918,3896.96,NORM
61.67476387,0.037032257,12.374,47.7908,3061.24,NORM
61.99595222,0.041548388,12.4466,47.0076,3710.88,NORM
64.64102783,0.031870967,12.2968,47.6692,3201.6,NORM
67.1556778,0.039397849,12.3208,47.7772,3159.02,NORM
57.55195618,0.036064518,12.4274,47.1598,4053.04,NORM
65.29267517,0.041677419,12.364,45.5122,1432.48,LOW
60.41970291,0.051935481,12.1902,46.2552,1773.08,NORM
61.1343099,0.048946235,15.4424,60.2494,32280.1,NORM
61.87692261,0.064580644,17.7576,53.5616,32280.1,LOW
66.94349848,0.03944086,18.0714,49.4204,14631.48,LOW
63.745725,0.040817205,17.9052,50.4968,4831.96,LOW
65.89853007,0.042365592,17.9004,51.3604,4992.78,LOW
60.58082695,0.045741934,17.605,52.3424,4202.84,LOW
54.07884598,0.037032258,17.344,53.8526,3699.84,HIGH
62.07692261,0.055741937,17.1674,53.8954,7209.7,LOW
59.50697225,0.041290322,17.0484,54.0564,5115.78,LOW
62.4908432,0.044193549,16.9438,54.8806,4754.72,NORM
65.2962532,0.070451614,16.9246,54.9268,4813.02,NORM
58.64304962,0.042258064,16.868,55.3218,2348.56,NORM
55.55789469,0.035526882,16.8248,58.6734,2583.52,LOW
58.53792084,0.037419355,16.82,58.2802,2563.0,LOW
56.56342735,0.038193548,16.82,58.0626,2569.32,LOW
57.15227178,0.036774193,16.725,56.209,3969.46,LOW
60.47503281,0.039483871,16.773,56.4352,1992.22,NORM
62.34052938,0.060129032,16.7442,56.899,2192.46,NORM
54.65789528,0.038387096,16.6584,55.2176,1788.82,LOW
52.98667346,0.045548386,16.582,55.2978,1698.96,LOW
63.12087936,0.036903225,16.4438,55.8806,9461.3,LOW
57.31579094,0.037290323,16.701,53.7664,2533.06,LOW
63.8692318,0.136709674,16.5014,55.8648,3975.78,LOW
62.23076935,0.040516129,16.487,54.9174,3597.36,LOW
64.26556625,0.041548387,16.487,54.746,3471.2,LOW
62.61538366,0.046387096,16.3776,54.0262,2291.82,LOW
66.71538544,0.077354838,16.2154,54.639,5271.86,LOW
61.59828924,0.036473118,16.2202,54.707,5019.6,LOW
67.20146255,0.040838709,16.4198,54.1062,7288.54,LOW
66.02320048,0.039913979,16.4678,53.9538,4357.36,LOW
56.75438487,0.038107527,16.7822,54.0542,4918.68,HIGH
64.87179565,0.037032259,16.9294,53.2152,4811.48,LOW
60.74089165,0.040064515,22.6666,30.9566,1832.96,LOW
53.65131569,0.052516129,22.6474,31.2164,1049.32,LOW
59.9568161,0.052580644,22.0154,32.263,1516.04,LOW
61.50854734,0.050795699,21.8478,32.7542,5115.8,HIGH
60.61201134,0.06348387,21.939,32.4294,1836.14,LOW
61.48717906,0.040817203,21.915,32.2676,1738.36,LOW
64.15995026,0.042365592,21.9534,32.0844,2000.12,LOW
56.90350889,0.04501075,20.7648,33.8818,2159.36,HIGH
54.46052704,0.046193547,20.5646,34.7276,2157.78,HIGH
59.41666565,0.039741935,21.056,34.358,934.24,HIGH
61.52798704,0.051096774,21.0032,35.1588,1487.66,LOW
53.92763138,0.061032259,20.9888,35.1572,1259.06,HIGH
61.97435799,0.044709676,20.9552,35.0746,1907.06,LOW
64.23443336,0.046516129,21.0416,35.129,2793.22,LOW
59.23077011,0.053806451,20.7838,35.8416,1054.04,LOW
56.37500162,0.041290322,21.056,35.216,1009.92,HIGH
59.57759628,0.067096773,21.079,35.238,1006.78,LOW
62.56410217,0.049290322,20.889,34.8046,1322.1,LOW
56.87019196,0.041870968,20.936,36.06,1452.98,LOW
60.57264938,0.04288172,21.056,35.315,1743.12,LOW
61.7051281,0.049290321,21.056,35.3084,2269.74,LOW
55.94736977,0.057806449,21.1462,35.0666,2285.46,LOW
59.24493942,0.074387099,21.3084,34.8046,2211.4,LOW
60.70985184,0.06464516,21.318,34.4952,2463.66,LOW
65.24298045,0.048129032,21.3324,32.9734,1306.32,LOW
61.10256424,0.046322581,21.342,34.438,1434.06,LOW
59.83265877,0.054387095,21.2086,34.1214,4595.44,LOW
63.12820536,0.047483871,21.1414,35.672,4734.2,HIGH
63.93599294,0.049935485,21.3276,35.3806,3750.28,LOW
59.41781347,0.045591396,21.5902,34.1504,2570.88,HIGH
60.13090439,0.046838708,21.7528,34.5694,2914.62,LOW
65.0641037,0.101161287,22.058,33.4312,8849.52,LOW
65.14285583,0.047419355,22.4602,32.496,1298.44,LOW
66.08718109,0.055548388,22.4506,32.8484,3378.18,HIGH
72.2479365,0.105720426,22.2976,32.894,3223.66,LOW
68.97460175,0.048645161,22.5082,33.2928,3032.88,LOW
59.38079262,0.048301074,22.633,31.9906,3707.74,LOW
64.05677643,0.05251613,22.5946,32.1542,1416.7,LOW
62.56410408,0.038193548,22.5802,31.839,1054.08,LOW
61.12820473,0.042387097,17.8814,41.3612,1208.6,NORM
54.26973724,0.043548386,17.2628,42.2762,1166.0,NORM
59.7941967,0.041496773,16.9582,42.8086,1259.04,NORM
59.73009491,0.043716128,16.7776,43.1754,1516.04,NORM
59.8353569,0.04303656,16.706,43.3704,2356.46,NORM
58.32725945,0.041032258,16.4726,43.8316,1473.48,NORM
57.28947334,0.039612902,16.4438,43.8848,1084.02,NORM
60.2159256,0.061612905,16.4012,45.0308,8710.78,LOW
55.56025696,0.044051614,16.7964,44.2374,9037.16,NORM
55.36904755,0.045677419,17.4626,43.7202,9265.76,NORM
60.3130909,0.041935484,17.5628,42.636,1024.12,NORM
53.12980766,0.043548387,17.7102,41.7906,737.12,NORM
63.60683848,0.042864515,17.7008,41.751,894.82,NORM
60.93589745,0.042967741,17.5388,41.7454,2097.84,NORM
58.36302363,0.050494623,17.2488,42.9822,1072.98,NORM
64.14285736,0.040301074,16.6822,44.7302,3436.5,NORM
62.2307682,0.049419354,16.7822,43.6206,6012.94,NORM
63.70622818,0.06916129,16.768,43.8094,5779.6,NORM
60.471661,0.039225805,16.7584,44.0934,1464.02,NORM
63.49938939,0.041883872,16.82,44.2974,1941.76,NORM
60.09986572,0.04080645,16.868,44.5308,834.9,NORM
58.72379634,0.039311828,16.2298,48.0172,1965.44,NORM
56.3508784,0.042795699,16.0196,46.3432,946.84,NORM
57.15789528,0.040129031,15.9482,46.4034,1670.56,NORM
64.31807251,0.03888172,15.7908,48.185,7118.24,NORM
65.26740112,0.04108387,16.7582,45.617,8419.06,NORM
65.2603803,0.041010751,18.2286,41.5732,1976.46,NORM
58.34210472,0.041096774,17.653,42.3528,1363.1,NORM
54.64144707,0.039741935,17.6004,42.7554,1464.04,NORM
63.32051392,0.049096774,17.344,43.2292,2875.2,NORM
63.28632495,0.039161289,16.3246,44.2062,1268.52,NORM
54.88245585,0.039509676,16.1342,47.154,2777.46,NORM
63.42423363,0.042451613,17.8194,42.5254,4608.04,LOW
68.83333588,0.041806452,17.8718,42.212,4928.12,LOW
59.81219101,0.041488171,18.8324,40.5794,5032.22,LOW
64.86691233,0.043096773,19.5032,39.8578,6845.48,LOW
62.10487747,0.079290322,19.6508,39.2516,7115.1,LOW
61.77594503,0.132623658,21.1318,28.333,1230.64,LOW
61.13562698,0.117032255,21.103,28.8014,1277.96,LOW
64.78022156,0.142580648,19.3508,31.1448,4267.48,HIGH
59.59514313,0.188709685,19.1748,30.9372,2105.76,LOW
56.42105331,0.105870966,18.9512,31.839,1698.94,LOW
58.65789604,0.091419355,18.3664,32.9944,14130.04,LOW
56.56140315,0.113118279,17.6338,35.5534,1593.32,LOW
62.2684124,0.109741937,16.7488,37.7952,1774.62,LOW
55.65789452,0.075354837,16.9152,37.1524,2629.24,LOW
62.28205147,0.172645155,16.7682,36.8586,2572.46,LOW
67.85834376,0.127462367,16.7726,36.7424,1473.48,NORM
62.41636187,0.136537634,16.7012,36.8258,1389.9,LOW
54.9682869,0.113096778,16.8914,38.5912,3835.44,LOW
61.80769196,0.092103225,16.963,37.623,4535.54,LOW
62.31959724,0.141870967,17.3536,35.9754,1877.14,HIGH
67.6532987,0.07288172,17.6962,35.605,6358.24,LOW
65.24381638,0.128387096,17.8192,35.4866,1837.72,LOW
57.71749929,0.13870967,17.8958,35.1152,5960.9,HIGH
63.71794853,0.125096773,17.9054,35.5212,5680.24,LOW
67.28242849,0.094967744,17.9384,35.42,6035.0,LOW
63.99735184,0.137677419,17.9572,36.087,5197.76,LOW
60.56477737,0.145161286,17.9668,35.7686,4800.44,LOW
68.59523926,0.114322579,17.8574,35.9794,14948.4,LOW
60.00967255,0.046924732,20.1028,31.9936,11258.8,LOW
61.10256348,0.078838708,20.2124,31.3392,16154.62,LOW
61.58375028,0.077935484,19.9168,31.659,5152.04,HIGH
62.42734934,0.045316129,20.4456,31.8314,893.22,NORM
62.20512886,0.04516129,20.2742,32.0156,1033.54,NORM
52.3125,0.045892472,20.4074,32.3792,1090.32,NORM
61.16666565,0.045419354,20.1598,32.4832,984.7,NORM
60.64102554,0.045225806,19.5886,33.72,1039.88,NORM
60.85469971,0.046537633,19.4268,33.8564,1087.14,NORM
60.24966329,0.06356989,19.2082,34.395,8811.66,NORM
54.80921021,0.047225806,20.0406,33.9068,8792.76,NORM
61.58974406,0.045462365,20.6078,32.742,5591.94,NORM
64.59615555,0.045870967,20.031,32.9346,5388.58,NORM
65.92307892,0.045290322,19.9884,32.7192,5607.7,NORM
65.62087898,0.079458062,19.8218,32.9224,2132.54,NORM
58.81578979,0.044541936,19.722,32.847,1260.62,NORM
63.71795044,0.045393548,19.408,33.3206,3387.64,NORM
61.69770508,0.04348387,19.1798,35.4948,4038.86,NORM
63.92185491,0.044369893,19.294,35.2438,5450.04,NORM
62.67948723,0.044387097,19.2796,36.0152,4980.18,NORM
62.03388214,0.043548388,19.4792,34.1314,4467.74,NORM
59.23954086,0.044645162,19.4034,34.058,1801.46,NORM
61.91363144,0.044322581,19.2796,34.1322,3870.14,NORM
55.97368469,0.04116129,18.4616,35.3924,1110.86,NORM
60.00472336,0.040774192,18.4044,37.7392,1544.44,NORM
63.36263657,0.043935485,19.8362,33.3996,8513.66,NORM
66.72619019,0.059505377,20.4646,32.2182,9525.94,NORM
63.97436066,0.045935483,20.8554,31.6746,9912.24,NORM
62.80701701,0.045408602,20.9648,31.1648,3573.7,NORM
63.21538467,0.050516128,21.218,30.9798,1205.4,NORM
59.36707077,0.047045159,20.7268,31.5036,1635.9,NORM
66.7060463,0.045290322,20.4978,32.009,1402.5,NORM
62.12820587,0.045806451,20.5502,31.9006,1290.58,NORM
63.29243011,0.043612905,20.4456,32.1306,4690.04,NORM
64.19413872,0.044451613,20.3266,32.1728,3971.06,NORM
65.78571574,0.046236558,20.9842,31.213,6039.74,NORM
63.30769272,0.046451611,21.3658,31.5396,4965.98,NORM
60.03238932,0.045608602,23.4048,26.045,1322.1,NORM
57.36841965,0.043806453,21.2652,30.0478,1367.82,NORM
62.53846207,0.183741941,20.2694,31.6302,7394.2,NORM
56.44736824,0.050645159,20.8552,30.855,8419.08,NORM
55.79276428,0.045903225,21.533,30.05,446.98,NORM
55.60526352,0.045109677,21.7,29.487,464.36,NORM
63.4102562,0.045612903,21.1366,29.9904,1847.18,NORM
59.67881241,0.042967741,20.4648,31.0548,856.98,NORM
58.94669431,0.04367312,20.6596,30.3512,890.08,NORM
59.5985157,0.043806453,20.6884,30.0798,1892.88,NORM
56.46311251,0.047268817,20.6266,31.2752,3047.1,NORM
55.19078979,0.044774194,20.9222,30.8938,2886.24,NORM
59.47143428,0.047397847,21.0888,30.7482,3685.64,NORM
62.19230804,0.089548388,21.3612,30.965,6104.38,NORM
62.12820638,0.058580644,21.3468,30.3828,3469.64,NORM
66.09706955,0.044000001,21.1032,30.7494,1208.58,NORM
60.57287521,0.045935483,21.2038,30.678,1076.14,NORM
56.05263138,0.060645161,21.4182,30.4488,1164.42,NORM
58.9705363,0.043333333,20.7268,30.6306,4267.48,NORM
59.45559952,0.044980645,20.4216,31.1842,3947.4,NORM
57.59935837,0.043870969,20.3506,31.0848,6722.46,NORM
65.7521375,0.045591397,20.3314,31.8016,6020.84,LOW
62.69230652,0.21341934,21.0842,30.928,8262.96,LOW
66.18542786,0.046812901,21.8142,30.315,5014.86,LOW
66.65872752,0.045247312,22.269,29.2986,2468.4,LOW
61.66666565,0.045505376,22.1156,28.8356,2722.28,LOW
60.67948761,0.045741935,22.2068,28.816,2406.9,LOW
54.12417793,0.043806453,21.8766,29.737,1892.9,HIGH
56.37911263,0.044903226,21.9006,29.7052,1771.46,LOW
58.24561335,0.050924731,20.889,31.025,2924.08,LOW
58.41767807,0.087948386,20.9506,30.883,2941.42,LOW
62.96423683,0.055354839,21.0128,30.9286,5290.82,LOW
64.74176025,0.043935485,21.2416,30.9214,5574.6,LOW
67.93864517,0.046709676,21.4178,30.4818,5208.8,LOW
65.75915642,0.046387096,22.0062,29.7542,13283.36,LOW
67.5357132,0.047548386,22.058,29.6378,12403.52,LOW
66.20238113,0.051225806,22.4698,29.5572,10449.92,LOW
67.25396729,0.048817203,23.064,29.1278,10810.98,LOW
63.87362518,0.04784516,23.4576,27.6854,5722.84,LOW
65.06349246,0.048731181,23.1744,27.216,5607.7,LOW
63.12820511,0.069032257,23.2416,28.0278,10552.42,LOW
67.64285812,0.055225807,20.4792,30.5896,555.8,NORM
67.60899582,0.047161291,20.3694,30.9398,929.48,NORM
67.50793762,0.044576344,20.1836,30.7976,642.52,NORM
66.42856954,0.091251609,20.241,30.7894,752.9,NORM
62.93724937,0.170387095,20.126,30.513,620.42,NORM
59.32456131,0.044774194,19.2508,32.415,324.04,NORM
58.99595261,0.043741937,19.3794,31.8704,570.02,NORM
58.71710625,0.070645158,19.389,31.7448,547.9,NORM
62.3675209,0.043630109,19.2412,32.2416,557.38,NORM
63.35897471,0.042761291,18.7326,33.2452,749.74,NORM
64.97100067,0.044120431,18.723,33.3038,927.92,NORM
53.83333333,0.041182795,18.6612,33.8114,477.0,NORM
65.05097631,0.042612905,18.604,33.9374,432.82,NORM
63.99816818,0.041806451,18.604,33.8122,573.16,NORM
57.54386012,0.043569893,18.533,33.793,524.28,NORM
69.74427134,0.043139787,18.58,33.896,756.04,NORM
61.90476036,0.044064517,18.6376,33.7368,893.2,NORM
70.00978775,0.043698926,18.723,33.6064,994.14,NORM
63.83150177,0.043870969,18.747,33.5952,806.54,NORM
69.74047546,0.04316129,18.723,33.679,767.1,NORM
66.18681183,0.042580645,18.723,33.8628,680.38,NORM
59.10526428,0.042838711,18.7422,33.7794,443.82,LOW
61.83895823,0.04211613,18.7848,33.6716,1277.96,NORM
66.86904678,0.051548387,18.8938,33.662,1596.46,NORM
66.59523849,0.044000001,18.9658,33.563,1664.26,NORM
66.78571396,0.042516129,19.008,33.3892,1531.82,NORM
65.54051844,0.042322581,19.008,33.3694,1596.46,NORM
64.11538506,0.042903226,18.985,32.9516,1662.68,NORM
66.17460124,0.041935484,18.985,33.0704,1500.28,LOW
66.29365133,0.04363441,18.9988,33.494,976.8,NORM
65.43498154,0.04567742,19.008,33.3298,1071.4,LOW
66.27380753,0.044645161,19.008,33.2506,596.78,NORM
63.35897408,0.042219355,14.002,46.5716,6826.56,LOW
61.29622383,0.041612904,13.3866,49.0296,2153.06,NORM
63.8369976,0.042709678,13.5892,48.5308,2230.34,NORM
60.76788216,0.123096774,13.7236,47.848,1419.84,NORM
60.11066246,0.049354839,13.738,47.763,1438.78,NORM
62.04948196,0.066322583,13.6036,48.5078,965.74,NORM
60.68421097,0.043612902,13.4106,48.6864,2077.36,NORM
61.12415619,0.040709677,13.473,48.3666,2485.76,NORM
60.82906062,0.041849462,13.497,48.7538,653.56,NORM
64.47985268,0.042387097,13.497,48.7416,973.66,LOW
56.44315033,0.041290321,13.497,48.6672,601.54,LOW
60.49999962,0.042258064,13.233,49.3666,612.56,NORM
56.16118431,0.056193549,13.2474,49.5102,492.74,LOW
57.82658424,0.042064516,13.1174,49.7082,1350.48,NORM
65.4932841,0.040946235,13.2906,49.8362,1673.74,NORM
63.29303945,0.045333333,13.4298,49.0908,1071.4,NORM
62.19658152,0.042150538,13.517,48.9104,1293.72,NORM
63.56410383,0.040129031,13.522,48.664,2969.78,NORM
64.10402924,0.041161289,14.218,46.923,4158.7,NORM
64.26488266,0.05051613,14.2036,46.6402,9257.92,NORM
61.07692299,0.094258067,15.9816,43.6908,16905.14,NORM
60.70512848,0.051290321,17.4534,40.5372,16983.96,HIGH
58.40080948,0.193290325,17.7624,39.0252,17808.62,NORM
54.96710459,0.043931184,17.8242,39.4578,2638.7,LOW
63.41902924,0.058774195,17.8766,39.2826,3690.38,LOW
57.96491216,0.06980645,17.515,40.017,2838.92,NORM
62.29487114,0.043225808,17.2868,40.0564,6556.94,NORM
64.33333435,0.056903227,17.5436,40.2322,4100.34,NORM
61.16329308,0.044064517,17.4006,40.8778,1793.56,NORM
61.81196645,0.11488172,17.2486,41.1172,976.8,NORM
65.7506279,0.05367742,17.201,41.0606,3535.86,NORM
60.6104365,0.050967742,17.3726,41.144,3679.34,LOW
61.02563934,0.042761291,16.9582,41.948,1424.58,LOW
63.7838829,0.04516129,16.9058,42.6242,2570.9,LOW
62.29914474,0.044713979,16.8248,42.0094,2272.88,LOW
54.375,0.048516129,16.9012,41.002,2107.36,HIGH
57.39327507,0.044000001,16.6818,41.5204,1552.32,HIGH
56.61749344,0.045806452,16.7202,41.4164,2075.8,HIGH
62.897435,0.043741937,16.773,41.0582,2165.68,LOW
63.70695992,0.043096775,16.3392,41.8458,1864.5,NORM
62.47435875,0.062387096,16.106,43.0716,2523.6,HIGH
62.12210045,0.043118279,16.525,41.7774,4928.14,HIGH
62.68421059,0.044451612,16.7682,42.1116,3674.62,LOW
56.15789452,0.046516128,17.2628,40.6766,4425.14,HIGH
61.97497101,0.052129032,17.4008,40.5958,14983.08,LOW
66.81282132,0.0472043,17.4958,40.5162,13415.82,LOW
62.17948723,0.136903223,17.4626,40.172,2288.68,HIGH
54.70833333,0.048301074,18.024,39.982,9822.38,NORM
60.29487152,0.052593545,18.1904,39.4646,11115.32,NORM
60.3933876,0.050064514,19.603,36.4726,1749.42,NORM
55.68421059,0.046709677,18.1856,39.406,1553.9,HIGH
54.375,0.05032258,18.2144,39.6676,1534.98,LOW
52.65625,0.046064515,17.9954,40.745,3395.52,NORM
53.01666667,0.044817204,18.252,40.3354,3453.84,NORM
56.97885615,0.046107526,18.3382,39.4742,4907.62,NORM
59.21997299,0.055483873,18.2758,39.4094,4576.52,NORM
60.12213097,0.05032258,18.0142,40.1034,5186.72,NORM
59.03913727,0.045096774,18.2096,39.564,4429.88,NORM
63.38461609,0.047225806,17.7148,40.5916,1166.04,NORM
53.125,0.044387097,17.6292,40.9802,872.74,NORM
61.19365679,0.054301075,17.1058,43.023,1747.84,NORM
60.48762919,0.055286023,17.0532,42.788,1505.0,NORM
59.3394062,0.044451613,17.0628,42.4766,1397.78,LOW
60.674764,0.04576344,17.7576,40.9366,2184.58,NORM
57.37134425,0.049075269,17.824,40.6808,1872.38,NORM
55.15789439,0.048301075,17.7956,40.35,1359.94,NORM
58.39473724,0.044051614,17.7102,41.06,3838.6,NORM
59.4619887,0.047548385,17.8006,40.3248,1921.28,NORM
62.5384613,0.046774192,17.3772,41.4646,1941.76,LOW
56.84637884,0.043849464,17.4054,41.3338,2897.3,LOW
59.32253723,0.045290322,18.2662,40.5816,3786.56,LOW
59.3927124,0.04548387,18.3142,40.4388,3835.46,LOW
67.24247233,0.053763438,18.9514,39.2878,4046.74,LOW
62.24359144,0.069978493,23.4868,31.992,1924.42,LOW
58.87179451,0.089354836,22.561,35.308,10270.18,LOW
58.44399376,0.096064513,22.7622,35.0688,9333.6,LOW
54.48026276,0.052645159,23.0208,34.4834,7707.94,LOW
56.42105217,0.046903224,23.112,34.7708,8001.22,LOW
54.0,0.050064516,24.1124,32.1542,1180.18,HIGH
54.5,0.046129031,24.122,32.0612,1181.76,LOW
55.54385986,0.058365592,22.7434,34.6696,3611.52,LOW
57.91228053,0.04792258,22.7386,35.5166,1673.74,LOW
60.97435939,0.053892471,23.5066,34.4756,3393.96,LOW
60.40620728,0.046580645,22.853,36.697,6858.06,LOW
63.74481125,0.066924733,23.3424,34.314,2722.26,LOW
59.13562698,0.045096774,23.352,34.3416,2055.3,LOW
59.908402,0.044140763,22.4842,35.7632,1774.64,LOW
54.99342117,0.044000001,21.8814,36.7322,1749.4,LOW
61.43589757,0.05256774,21.8482,37.2348,2897.26,LOW
59.3841657,0.043526883,22.537,36.0456,1341.02,LOW
64.19871855,0.048516128,22.5898,35.0724,6632.6,LOW
58.58012848,0.043483872,23.3952,34.239,8573.58,LOW
64.65079702,0.051913977,23.4096,33.6348,7925.54,HIGH
63.75091705,0.065247311,23.5402,33.8866,7810.44,HIGH
64.37484843,0.070735483,23.6218,33.834,7263.3,HIGH
65.63003731,0.051677418,22.848,34.6064,5125.22,LOW
65.26556664,0.044774193,22.9632,34.5644,2988.72,LOW
68.30342026,0.044322579,22.9104,34.493,1889.74,LOW
62.78204994,0.047419356,23.1072,34.5246,7156.08,LOW
64.94413961,0.043505378,23.2704,34.1678,5919.9,HIGH
59.87786713,0.044645162,23.5738,33.1028,5691.3,HIGH
65.11721687,0.057999999,23.7466,33.2522,4649.04,LOW
62.05128288,0.045967741,24.4744,33.0104,5716.52,LOW
61.11538544,0.048387095,24.537,32.1982,5707.06,LOW
60.80589282,0.057053762,24.5906,31.3228,1596.46,NORM
59.44444504,0.112215054,24.6098,31.1764,1675.3,NORM
59.87516937,0.055096773,24.6486,30.6882,2399.02,NORM
58.50196063,0.059333331,24.0596,31.7002,7966.56,NORM
62.99780273,0.051290323,24.1462,31.8822,7086.7,NORM
53.32456131,0.047634406,24.4118,31.6504,9240.58,NORM
63.75823936,0.080387095,24.8998,30.8644,7862.46,NORM
61.84615402,0.060903224,25.162,30.5828,1940.2,NORM
52.25189394,0.067118278,24.9192,30.5358,1309.5,NORM
57.63157857,0.06873118,24.161,31.9776,2466.8,NORM
55.21381569,0.052387097,24.1174,31.987,3154.3,NORM
66.19828924,0.073677418,24.895,31.3154,4012.06,NORM
62.9102553,0.079161288,24.905,31.35,3989.96,LOW
60.91025658,0.050387096,24.8276,31.794,2744.32,HIGH
59.04183578,0.046532257,24.8374,30.9602,2517.28,NORM
59.15789515,0.050150536,24.7066,30.9288,4012.04,LOW
55.2631588,0.055806451,24.5372,32.2454,3289.92,LOW
57.10526352,0.047483871,24.3442,33.0252,3354.52,LOW
67.95787354,0.056580644,25.016,30.5976,8283.48,HIGH
59.47368431,0.04664516,25.0064,30.2526,8840.06,LOW
66.15476303,0.099935484,24.837,30.3532,8374.92,LOW
69.43174744,0.067290321,24.6722,30.818,8578.32,NORM
65.45757116,0.061526882,25.4528,30.3574,5978.24,LOW
59.95681419,0.049956987,25.9874,29.636,10700.62,LOW
60.92307625,0.123161291,26.4314,29.1556,11075.9,LOW
62.66666641,0.050903225,26.8618,27.922,3734.52,LOW
63.34871902,0.112258062,25.4866,29.5614,3053.38,LOW
61.06275368,0.049303226,24.9,31.0732,2217.68,LOW
66.57965088,0.060731181,25.273,30.1124,4552.86,LOW
66.12728729,0.06348387,25.3944,30.1836,8119.46,LOW
67.20079498,0.065483869,25.4672,29.8916,9768.78,LOW
64.78998922,0.085677415,25.5154,29.828,5867.88,LOW
69.58888855,0.065032258,25.7148,29.8244,7102.48,LOW
64.37362823,0.056580644,25.992,29.2566,4276.92,LOW
64.73809662,0.06,16.5344,32.932,16200.36,NORM
55.69078979,0.074000001,17.1296,32.5662,13773.74,NORM
64.42033005,0.098903225,18.1524,31.0476,17832.28,NORM
62.37667796,0.052043009,19.4648,28.127,6706.74,NORM
54.79934235,0.06116129,17.4534,31.1062,3267.82,NORM
55.92261963,0.09380645,16.7154,32.4172,3543.76,NORM
59.41353531,0.099096774,17.0248,32.8458,2711.22,NORM
60.62078323,0.061225807,18.152,28.6762,1257.46,NORM
54.33552704,0.050387097,18.105,30.7854,2577.18,NORM
66.70146408,0.071225806,18.176,30.8976,5705.46,NORM
60.58974304,0.063827959,16.8726,32.0762,2279.18,NORM
62.02243633,0.135870966,17.2582,31.5706,1300.04,NORM
59.07692184,0.048580644,17.3486,31.2946,1697.38,NORM
61.24615387,0.044516129,17.5724,30.726,1605.92,NORM
63.06410408,0.082387096,16.92,32.258,2291.82,NORM
60.79487267,0.063935485,16.844,31.8304,1875.56,NORM
58.11538467,0.079806451,16.9726,31.6706,6922.74,NORM
56.9298261,0.064817202,17.1722,31.194,6919.58,NORM
64.54578934,0.39787096,16.158,32.4258,16936.68,NORM
57.13157959,0.050451611,16.9392,31.3648,2971.4,NORM
56.92105331,0.063612902,17.1156,31.0638,2848.42,NORM
60.9187397,0.098258066,17.1346,30.8542,2786.9,NORM
64.13829397,0.146365594,17.1252,30.7204,2704.92,NORM
59.35222677,0.07023656,16.3344,31.851,5962.5,NORM
61.74359055,0.08825806,15.4278,32.1176,2597.7,NORM
66.89285736,0.194645162,16.225,32.5698,5033.76,NORM
64.4103054,0.234516132,16.177,32.3422,6645.2,NORM
64.21794891,0.108322576,16.201,32.364,7383.1,NORM
62.56410294,0.091419355,16.201,32.364,7383.1,NORM
59.43679632,0.074150536,16.201,32.364,7383.1,NORM
63.73076973,0.091741937,16.201,32.364,7383.1,NORM
65.47130966,0.125763439,16.201,32.364,7383.1,NORM
60.304319,0.170709682,22.6282,22.1284,2028.48,LOW
60.57085152,0.09045161,22.7622,22.2606,1654.8,LOW
57.47307739,0.10096774,22.7098,22.0242,1804.62,HIGH
58.46018982,0.055612901,21.1748,23.1414,2001.66,LOW
60.92172668,0.055053762,20.7456,23.8068,1943.34,HIGH
52.875,0.054116127,21.194,24.185,8788.04,HIGH
52.75,0.066580647,21.318,24.3094,8718.64,HIGH
56.56140404,0.107935481,16.9966,29.4458,891.68,HIGH
60.24595165,0.074632257,18.5186,27.9582,1435.64,LOW
54.80921021,0.06832258,18.661,27.1458,3032.88,LOW
62.51098938,0.063741935,18.747,26.6228,6128.04,NORM
61.108638,0.070580647,19.0368,26.8728,5257.7,NORM
52.734375,0.092387098,19.1318,27.2158,2107.34,HIGH
61.63225288,0.05729032,18.6564,27.3532,2306.0,NORM
53.225,0.066580645,18.723,28.4622,2567.74,HIGH
60.11943321,0.102193547,19.1416,26.9682,1273.22,NORM
60.72132301,0.145741932,18.9562,26.907,9090.76,LOW
63.88278427,0.081612904,19.0224,26.7308,7529.78,NORM
58.68286057,0.170451615,19.7364,25.8082,8203.06,NORM
63.48168411,0.092645159,19.3128,26.4772,1680.04,NORM
63.63644829,0.066000001,19.108,27.0464,2679.7,NORM
58.87218119,0.046924731,19.032,27.483,2219.28,NORM
61.81376648,0.083096774,18.4188,28.0704,3587.92,NORM
68.28358765,0.082580642,18.3996,28.1092,1791.98,NORM
74.04412994,0.111526878,18.39,27.948,6251.04,NORM
67.19444606,0.156021505,20.055,26.358,4950.22,NORM
