@relation .a/eda_smooth_ml/eda_smooth_ml
@attribute Sound real [46.22267342, 79.2527832]
@attribute Dust real [0.02916129, 0.39787096]
@attribute TempEN real [10.521, 26.891]
@attribute RH real [17.24, 60.8856]
@attribute Light real [287.76, 32280.1]
@attribute EDA_label {LOW, NORM, HIGH}
@data
62.12820587,0.043716128,19.9692,31.358,1604.36,NORM
63.6117218,0.046838709,13.122,45.75,3520.1,NORM
62.30769348,0.048,13.0304,46.529,2766.42,NORM
62.3076917,0.092688171,14.7306,38.6072,722.94,LOW
63.65384598,0.042193549,12.896,44.0346,462.76,LOW
60.80769196,0.035913979,14.6826,43.171,3327.76,NORM
59.74088974,0.121677418,13.666,46.6536,3017.1,NORM
64.59615555,0.033419356,12.364,47.8198,2198.78,NORM
65.76434937,0.073548384,12.3592,47.8074,1683.2,NORM
62.28718079,0.036258065,16.677,54.0698,3797.62,LOW
62.40171,0.051870967,20.9408,34.9216,1445.08,LOW
56.98947403,0.04948387,21.4706,35.434,2640.28,LOW
62.26923103,0.077741934,22.202,30.9236,1378.86,LOW
54.26973724,0.043548386,17.2628,42.2762,1166.0,NORM
61.56904958,0.041548387,16.7678,44.614,1888.16,NORM
57.8421051,0.114774191,17.6242,35.5266,1301.6,LOW
62.64346771,0.116774195,16.9152,36.7698,5807.96,LOW
61.5627533,0.077032259,19.2508,33.9518,1618.54,NORM
61.85641037,0.042709677,20.3602,32.07,1747.84,NORM
54.92719386,0.045720429,21.5616,29.5768,476.98,NORM
57.68421051,0.044103227,20.5262,31.8518,3762.92,NORM
64.08882828,0.043251615,13.9156,47.8606,3676.2,NORM
58.78947411,0.044129033,17.1438,42.4348,3494.88,NORM
58.87179451,0.089354836,22.561,35.308,10270.18,LOW
54.375,0.067741935,24.0452,32.376,1137.64,LOW
60.85875015,0.093591391,22.7718,35.3942,1888.14,LOW
62.70970535,0.068322579,24.4166,32.161,4194.96,LOW
59.93792076,0.064387095,24.6098,31.1158,1557.04,NORM
60.56949997,0.049526882,24.7404,31.645,3444.4,LOW
55.57894669,0.066838709,17.6818,29.6224,1858.22,NORM
61.70512772,0.054193546,16.201,32.364,7383.1,NORM
58.46018982,0.055612901,21.1748,23.1414,2001.66,LOW
60.61088676,0.098645163,18.5898,28.2846,3480.68,NORM
64.27716777,0.082408601,19.6362,25.9626,2873.64,NORM
