@relation esum_filtered_keel_nom
@attribute Sound real [46.22267342, 79.2527832]
@attribute Dust real [0.02916129, 0.39787096]
@attribute TempEN real [10.521, 26.891]
@attribute RH real [17.24, 60.8856]
@attribute Light real [287.76, 32280.1]
@attribute Area real [1274.667603, 36208.28889]
@attribute Perimeter real [205.8863296, 2834.509892]
@attribute Occlusivity real [84.20423509, 2375.982044]
@attribute Compactness real [0.022584873, 0.402656985]
@attribute EDA_label {AROSAL, NORM}
@inputs Sound, Dust, TempEN, RH, Light, Area, Perimeter, Occlusivity, Compactness
@outputs EDA_label
@data
61.55128098, 0.043741934, 20.2074, 30.8064, 1531.8, 3098.434418, 444.1100334, 235.9602137, 0.197410843, NORM
55.69079018, 0.055999998, 19.8028, 31.443, 1974.88, 2777.109253, 406.9191399, 217.3479957, 0.210759225, AROSAL
54.08004379, 0.057483871, 19.484, 32.1178, 2222.42, 2777.109253, 406.9191399, 217.3479957, 0.210759225, AROSAL
56.78213692, 0.042451613, 19.175, 32.5332, 2889.38, 2707.192215, 398.3641821, 206.0868118, 0.214372163, NORM
58.23684235, 0.047638711, 18.452, 34.0414, 2684.42, 1821.875107, 304.7928174, 113.3881719, 0.246444431, NORM
57.52631645, 0.048967742, 18.1808, 34.3112, 3933.2, 3168.78746, 602.9106661, 405.5368687, 0.10954613, NORM
56.31579018, 0.074645159, 17.8574, 35.1508, 3718.76, 3691.187546, 463.4765823, 291.8724514, 0.215933679, NORM
63.11795013, 0.128430105, 17.0774, 37.1232, 2687.58, 3865.437485, 496.1589054, 281.389685, 0.197318105, NORM
62.24102534, 0.047204301, 16.9582, 37.3122, 2637.1, 3616.447052, 492.0162571, 299.2954948, 0.187729736, NORM
61.81367681, 0.075784944, 16.7488, 37.905, 2714.4, 3647.176834, 360.9869988, 213.4121347, 0.351709066, NORM
59.14285736, 0.045290323, 13.9732, 45.362, 1423.02, 10653.80118, 1686.091908, 976.0412903, 0.047092524, NORM
58.51754405, 0.049053762, 14.505, 42.1442, 4541.84, 5362.185455, 700.3853764, 494.3622931, 0.137365463, NORM
56.23026257, 0.038709676, 14.4858, 42.1802, 3838.6, 4766.938843, 611.3878434, 406.2741036, 0.160256571, NORM
58.49851532, 0.041419355, 14.3324, 43.3126, 1287.44, 8585.057724, 1056.316682, 658.1916272, 0.09668627, NORM
56.77543971, 0.045118279, 14.3232, 43.4504, 1251.16, 8387.737534, 1057.194872, 621.3354386, 0.094307146, NORM
54.42763138, 0.047935484, 14.146, 43.247, 3638.36, 8644.483566, 1065.085671, 800.2501603, 0.095759051, AROSAL
70.64957708, 0.083892471, 13.6948, 43.703, 3676.22, 20605.18929, 2708.031736, 1953.212639, 0.035308476, NORM
63.06837616, 0.038215053, 13.473, 44.8374, 2252.38, 6107.725174, 854.3554045, 642.0423734, 0.10515071, NORM
60.36504822, 0.046903226, 13.1994, 45.4912, 1446.68, 5898.029831, 805.2291772, 608.5450142, 0.114308315, NORM
58.89473648, 0.037419355, 12.7558, 46.8234, 2465.26, 1482.599152, 316.6286704, 184.820283, 0.185837407, NORM
57.84085236, 0.049419354, 13.016, 45.843, 4407.8, 9459.28595, 1045.317611, 697.0621074, 0.108785668, NORM
56.89473763, 0.058838707, 13.016, 45.8866, 4885.56, 9441.705139, 1046.023229, 686.5131999, 0.108437036, NORM
56.21052742, 0.056645158, 13.0304, 45.9132, 4787.8, 9430.942764, 1045.710558, 685.0161518, 0.108378213, NORM
55.33333359, 0.054838712, 13.0592, 45.9044, 4474.04, 9522.91716, 1048.199109, 686.2211806, 0.108916154, NORM
57.91919607, 0.061419357, 13.132, 45.7822, 4336.86, 9522.91716, 1048.199109, 686.2211806, 0.108916154, NORM
63.6117218, 0.046838709, 13.122, 45.75, 3520.1, 10386.07396, 1216.877212, 875.5233392, 0.088138927, NORM
68.3615387, 0.054258065, 13.0112, 46.5328, 2665.5, 6861.415955, 1037.409718, 591.4747867, 0.080116688, NORM
62.30769348, 0.048, 13.0304, 46.529, 2766.42, 5621.852753, 832.0634066, 596.55402, 0.102041418, NORM
61.69047737, 0.039290323, 13.0208, 46.1734, 1713.16, 4430.521591, 640.6418046, 421.704545, 0.13565449, NORM
54.64144745, 0.041870967, 12.968, 45.9674, 2014.3, 3821.625046, 488.4375065, 314.054573, 0.201298217, NORM
64.41513926, 0.059612902, 12.654, 46.3944, 2279.18, 2826.968719, 349.3540255, 166.000183, 0.291071285, NORM
62.88277028, 0.075225804, 12.534, 47.2918, 1541.28, 11641.59657, 1541.89134, 961.3621988, 0.061533961, NORM
59.90665779, 0.078639784, 12.63, 47.403, 1609.12, 4969.187149, 649.5822009, 397.3861305, 0.147988165, NORM
59.31241493, 0.043032257, 12.654, 47.697, 1167.6, 6875.125809, 842.3810794, 544.137484, 0.121751216, NORM
61.97705994, 0.039612903, 12.654, 47.8392, 1388.34, 4953.854584, 711.3460903, 449.6181731, 0.12302439, NORM
59.91632805, 0.041999999, 12.683, 47.3042, 1153.4, 9447.332275, 1044.647468, 706.0284778, 0.108787637, NORM
61.19230766, 0.109806454, 18.5234, 31.0068, 601.5, 2553.638855, 381.6681385, 208.2307887, 0.220291393, AROSAL
61.6538475, 0.085870966, 15.8336, 36.5118, 803.36, 11950.82747, 2132.357152, 1188.896792, 0.033028431, AROSAL
61.61538544, 0.041032258, 15.7192, 36.8948, 762.36, 4618.562149, 595.1621563, 398.4695409, 0.163849847, AROSAL
58.50910912, 0.037419355, 14.8784, 37.9938, 607.82, 8522.591888, 1023.716115, 766.8836055, 0.102193312, AROSAL
57.4433197, 0.036774194, 14.3092, 39.515, 387.1, 5895.887115, 825.039217, 654.8882832, 0.10884534, AROSAL
57.8866394, 0.03483871, 14.1604, 39.748, 404.44, 5963.842911, 827.8968773, 657.7545296, 0.109341133, AROSAL
63.12820702, 0.055935481, 14.0404, 40.6578, 491.18, 5985.046707, 850.9008452, 602.203429, 0.103877024, AROSAL
62.87179375, 0.050258065, 13.9444, 40.7994, 530.6, 1570.02037, 260.8942064, 84.20423509, 0.289858661, AROSAL
59.16936569, 0.041677418, 13.8628, 40.9936, 637.8, 1303.268921, 323.5616994, 181.7048146, 0.156433473, AROSAL
62.0307695, 0.045548387, 13.5604, 42.093, 447.0, 1610.164749, 285.662451, 154.6050932, 0.247955566, AROSAL
62.38461533, 0.059419354, 13.1466, 43.2418, 653.54, 9071.434982, 1052.959372, 791.9558278, 0.102816455, AROSAL
62.94871826, 0.092709678, 13.137, 42.8634, 588.88, 4401.477478, 638.5768481, 347.4912655, 0.135638198, AROSAL
62.35042725, 0.051397848, 12.9632, 43.7226, 692.98, 3680.70491, 530.4814515, 304.466736, 0.164361637, AROSAL
63.96153717, 0.048838708, 12.9056, 43.8914, 519.54, 2883.640381, 353.0781183, 163.2523057, 0.290676121, AROSAL
65.29853668, 0.052451612, 12.871, 43.7558, 644.08, 3716.819138, 423.6329204, 217.7130861, 0.260256682, AROSAL
60.08187129, 0.036559141, 12.8518, 44.2484, 499.04, 12691.43449, 1883.837832, 1462.866856, 0.04494005, AROSAL
53.875, 0.042193548, 17.0108, 37.0972, 2510.98, 3047.412354, 437.2078671, 231.8402919, 0.200338839, NORM
53.375, 0.051935483, 16.773, 37.8816, 2533.06, 2920.837875, 423.6434831, 220.6520392, 0.204510804, NORM
61.98717995, 0.045483871, 14.6442, 43.4694, 4004.18, 3691.187546, 463.4765823, 291.8724514, 0.215933679, NORM
62.44871712, 0.141483872, 14.0788, 45.375, 3108.56, 9125.151688, 1508.592971, 968.7946241, 0.050385526, NORM
61.83333359, 0.056322581, 14.0836, 45.087, 2963.5, 3734.288544, 497.9242375, 315.4784428, 0.189274105, NORM
58.46018944, 0.059112905, 13.5988, 46.7816, 3526.42, 3904.903625, 367.0661916, 191.2928652, 0.364192847, NORM
53.3125, 0.042709676, 13.5508, 46.2588, 2525.16, 4600.112015, 392.3431801, 177.7853186, 0.375531226, NORM
73.68871841, 0.072258066, 13.0976, 47.3082, 2116.82, 5447.986557, 708.1006231, 497.5108022, 0.136538755, NORM
59.07894897, 0.033612905, 13.0448, 47.2954, 2118.34, 5391.870239, 733.6308862, 486.236393, 0.125890826, NORM
56.96929779, 0.035419355, 12.5142, 49.94, 4235.94, 12775.35063, 1692.20196, 998.6417822, 0.056063255, NORM
60.75393524, 0.038408601, 12.606, 49.8114, 4352.62, 5598.7061, 767.0898087, 487.2883081, 0.119565286, NORM
59.52091789, 0.033290324, 12.6012, 49.0602, 4116.1, 5603.813736, 757.4586566, 526.3962681, 0.122737052, NORM
58.08771871, 0.035526882, 12.558, 49.0176, 4437.78, 4598.484421, 590.7043947, 399.3035092, 0.165609093, NORM
57.35087687, 0.042950537, 12.4274, 49.7812, 2908.34, 4884.837219, 636.8043342, 466.6669574, 0.151372833, NORM
60.98718033, 0.035354839, 12.2872, 50.6018, 2462.12, 8948.942047, 1057.987607, 635.8643254, 0.100466298, NORM
61.64192581, 0.096129031, 12.0202, 50.5838, 5229.3, 8427.496796, 1026.131925, 792.5241002, 0.100577784, NORM
56.98245494, 0.032834409, 11.71, 52.3744, 2020.62, 5963.842911, 827.8968773, 657.7545296, 0.109341133, NORM
60.00877266, 0.046903228, 11.6374, 52.5946, 4161.86, 5895.887115, 825.039217, 654.8882832, 0.10884534, NORM
61.73077011, 0.048473118, 11.55, 53.9918, 2979.28, 5908.763046, 813.0329466, 598.4705682, 0.112328549, NORM
61.1936573, 0.044430107, 11.394, 53.6128, 4024.68, 1388.805435, 267.3551244, 107.755157, 0.244159848, NORM
60.33535767, 0.046516128, 11.248, 53.5856, 2968.24, 1489.898544, 249.5795553, 128.1958466, 0.300572018, NORM
57.21710587, 0.030167741, 10.873, 54.9148, 2913.06, 9102.159683, 1038.607287, 828.1835639, 0.106035572, NORM
53.75, 0.050709678, 10.858, 55.219, 2367.48, 9140.071152, 1038.561377, 827.5771493, 0.106486636, NORM
62.44039536, 0.03427957, 10.81, 55.541, 3586.32, 9960.058334, 1082.169418, 753.3324504, 0.106876256, NORM
56.01000964, 0.048494622, 10.81, 55.631, 3086.5, 10513.3221, 1250.372827, 796.7876849, 0.084502738, NORM
58.21052589, 0.029870967, 10.7804, 55.8478, 3231.54, 4595.423035, 812.0051959, 611.4960217, 0.087582582, NORM
63.58486048, 0.031440859, 10.785, 55.962, 2750.66, 4105.337082, 543.2602935, 339.0356572, 0.174800535, AROSAL
60.98717957, 0.044, 10.697, 56.5696, 4358.94, 4013.301315, 538.3952493, 319.1261857, 0.173983953, NORM
63.58547007, 0.03608602, 10.736, 56.158, 3852.8, 3626.231064, 454.3773666, 268.2283782, 0.220715055, NORM
63.31623891, 0.035612903, 10.761, 55.869, 2304.4, 2787.4711, 356.5338262, 173.9932857, 0.275561638, AROSAL
60.91497879, 0.036309677, 10.736, 56.02, 1452.98, 3038.244904, 340.4630518, 170.3685253, 0.329376543, AROSAL
66.37777863, 0.060129031, 10.6822, 56.9782, 2236.6, 11641.59657, 1541.89134, 961.3621988, 0.061533961, NORM
57.71052704, 0.033290324, 10.712, 56.4822, 2656.02, 4667.278122, 648.5515429, 395.0431448, 0.139439094, AROSAL
63.69230843, 0.117032258, 10.736, 56.462, 2704.92, 4900.049454, 977.1444268, 795.9872821, 0.064490064, NORM
64.64102554, 0.043354837, 10.712, 56.3748, 1938.62, 2744.233139, 352.0367962, 168.0556319, 0.278262542, AROSAL
61.32051201, 0.035032259, 10.7168, 56.1068, 2197.2, 3592.833405, 781.2376662, 553.6248888, 0.073974254, AROSAL
60.9041832, 0.033849462, 10.687, 56.24, 3029.76, 7644.66304, 1110.231687, 812.9986125, 0.077936514, NORM
64.99084244, 0.052025805, 10.521, 56.9534, 2608.72, 9067.672134, 1036.232897, 830.917423, 0.106118456, NORM
56.1578949, 0.037792869, 17.082, 39.1336, 4425.14, 2741.352905, 403.526802, 223.8515479, 0.211558286, NORM
55.52960548, 0.037524618, 16.7108, 39.7112, 4541.84, 2741.352905, 403.526802, 223.8515479, 0.211558286, NORM
65.46886597, 0.038279569, 15.1414, 44.8714, 4081.42, 3122.790482, 708.9103855, 321.8223052, 0.078085435, AROSAL
64.42124557, 0.03651613, 15.1846, 44.8262, 4335.3, 1937.812607, 314.3084946, 132.1576755, 0.246495732, NORM
61.71727524, 0.036451613, 14.577, 45.4676, 5044.84, 8768.522034, 1442.654309, 858.2146681, 0.052943385, NORM
61.76923218, 0.042193548, 14.5338, 45.2806, 5060.56, 9493.668137, 1410.784176, 824.9203824, 0.05994083, NORM
57.62483215, 0.062399999, 13.714, 47.3748, 3190.58, 3379.778198, 362.8887869, 196.6962656, 0.322515778, NORM
61.99572754, 0.036989247, 13.6948, 46.7008, 3259.96, 8498.949936, 1584.934672, 773.1094848, 0.042516, NORM
52.29166667, 0.036086022, 13.594, 46.2828, 3100.7, 12775.35063, 1692.20196, 998.6417822, 0.056063255, NORM
61.30769234, 0.032258063, 12.8182, 47.8604, 7138.76, 4598.484421, 590.7043947, 399.3035092, 0.165609093, NORM
60.88056793, 0.034387096, 12.823, 47.892, 6873.86, 4485.895172, 575.6921357, 381.784642, 0.170089847, NORM
59.74763692, 0.071526883, 12.606, 49.455, 3270.98, 7993.362518, 1109.534424, 680.5659086, 0.081593923, NORM
62.68713226, 0.055053763, 12.606, 49.6272, 3379.74, 7925.186264, 1054.988342, 637.5719884, 0.089479597, NORM
56.71435038, 0.035741935, 12.606, 49.6702, 3504.32, 7846.438889, 1054.582239, 628.757581, 0.08865874, NORM
61.6437252, 0.034451613, 12.606, 49.75, 3056.54, 8451.465057, 1047.633064, 783.3725716, 0.096766152, NORM
58.93252335, 0.03335484, 12.606, 49.805, 2881.5, 8365.816956, 1054.517362, 807.518133, 0.094538945, NORM
53.86666718, 0.036129032, 14.7738, 26.8846, 1335.52, 3357.720444, 472.1600507, 259.2200387, 0.189267446, AROSAL
61.03247854, 0.064989244, 18.2332, 34.0012, 1691.08, 3316.957077, 467.4217193, 246.0321917, 0.190779602, NORM
61.38461533, 0.043870968, 18.1144, 33.9508, 1798.26, 3037.521652, 434.7511214, 220.2220114, 0.201951845, AROSAL
56.71052666, 0.04264516, 16.6252, 37.084, 3036.04, 2672.965866, 393.3427641, 221.0833502, 0.217100561, NORM
57.94421921, 0.094064516, 16.5154, 37.7388, 2600.86, 2528.860855, 392.6939597, 200.115329, 0.206075497, NORM
58.67004013, 0.052, 16.1294, 37.5182, 3066.0, 1878.760422, 311.4385139, 119.2887886, 0.243408999, NORM
55.87061564, 0.046150537, 15.3948, 39.5496, 3001.34, 4178.136459, 738.707587, 423.8000524, 0.096216015, AROSAL
61.52564125, 0.043677419, 15.1702, 40.2346, 2575.62, 8768.522034, 1442.654309, 858.2146681, 0.052943385, NORM
60.63450254, 0.077548385, 15.0264, 40.519, 2775.86, 3616.447052, 492.0162571, 299.2954948, 0.187729736, NORM
55.81250153, 0.100580642, 14.9312, 40.9542, 3160.6, 4167.804398, 366.6201972, 186.2995078, 0.389658738, NORM
53.33333333, 0.051784945, 14.912, 40.933, 3252.04, 3337.952225, 394.2306023, 218.5386461, 0.269891566, AROSAL
53.12719294, 0.060903222, 14.5194, 41.7024, 2402.18, 5457.617554, 701.2222249, 477.7090253, 0.139476685, NORM
59.88866386, 0.061935484, 13.6372, 45.4144, 4760.98, 4538.606094, 584.9579423, 395.0608779, 0.166679839, NORM
60.6963562, 0.050580644, 13.69, 45.327, 5152.04, 4411.479263, 571.1523032, 380.210441, 0.169937898, NORM
61.20512772, 0.047096775, 13.7476, 44.921, 4833.52, 4417.621124, 586.5790095, 395.1899173, 0.161341204, NORM
54.90131531, 0.092258062, 13.8628, 44.4584, 2916.22, 5392.922592, 998.0788056, 437.1305127, 0.068030613, NORM
59.54858195, 0.051290322, 13.858, 44.6146, 1885.0, 8204.975235, 1112.325656, 717.1325947, 0.083334192, NORM
56.26315816, 0.049462366, 13.7956, 44.337, 2140.46, 8658.8461, 1054.825979, 788.4907338, 0.097793108, AROSAL
53.89144707, 0.039419355, 13.7668, 43.781, 2780.6, 8796.603455, 1069.331132, 820.9213937, 0.096671945, AROSAL
59.12955399, 0.047354838, 13.714, 44.1768, 4054.62, 8796.603455, 1069.331132, 820.9213937, 0.096671945, NORM
57.05921135, 0.040580646, 13.7044, 44.2446, 4127.14, 8796.603455, 1069.331132, 820.9213937, 0.096671945, NORM
61.33063469, 0.04283871, 13.594, 44.7264, 4158.66, 8350.87735, 1046.964271, 788.3546828, 0.095736655, NORM
54.0, 0.048387095, 13.497, 45.0344, 2752.22, 5963.842911, 827.8968773, 657.7545296, 0.109341133, NORM
56.69652405, 0.05380645, 13.401, 44.9976, 3460.18, 1483.378754, 249.6611717, 86.94734208, 0.299061088, NORM
57.03508809, 0.036064516, 13.3722, 45.4252, 3797.6, 1482.599152, 316.6286704, 184.820283, 0.185837407, NORM
60.29284795, 0.040774194, 13.377, 45.476, 3597.36, 1602.93396, 357.6729446, 212.9725619, 0.157453861, NORM
57.77058182, 0.044709676, 13.377, 45.4636, 3671.5, 2094.907532, 540.3637015, 371.8122918, 0.090157609, NORM
61.63652725, 0.06989247, 13.329, 45.0196, 2944.6, 1402.522552, 238.8209825, 119.2723468, 0.309011581, AROSAL
63.35897369, 0.042838711, 12.968, 45.8492, 2246.08, 2796.82193, 712.1695443, 371.8552966, 0.069295955, NORM
59.34143143, 0.044541934, 13.016, 45.843, 3064.42, 9537.968124, 1047.806681, 687.5577292, 0.109170024, NORM
62.13736343, 0.034903226, 12.992, 45.9332, 2820.02, 10270.00999, 1157.180522, 792.3228187, 0.096378131, NORM
61.5519577, 0.05083871, 13.0064, 46.0722, 1793.58, 4181.697586, 553.7514448, 350.6498291, 0.171369189, AROSAL
57.71052666, 0.039806451, 12.944, 45.5718, 2727.0, 3626.231064, 454.3773666, 268.2283782, 0.220715055, AROSAL
61.80836741, 0.048172044, 12.8518, 46.1462, 1776.22, 2826.968719, 349.3540255, 166.000183, 0.291071285, AROSAL
63.35897408, 0.053096773, 12.558, 47.1956, 1623.26, 7574.842453, 1461.376283, 841.4357622, 0.044571716, NORM
62.46153793, 0.047032257, 12.5484, 47.1882, 1646.92, 6875.125809, 842.3810794, 544.137484, 0.121751216, NORM
62.34962463, 0.04032258, 12.519, 47.2466, 787.58, 2777.020187, 344.8631674, 158.8385859, 0.293423758, AROSAL
64.95148239, 0.037741936, 17.3058, 35.8664, 2493.64, 2875.740128, 418.7393443, 220.670666, 0.20609714, AROSAL
63.12820625, 0.043612903, 17.1012, 36.23, 2763.26, 2967.921295, 427.9753244, 232.8389317, 0.20362204, AROSAL
54.84539528, 0.039419354, 15.8288, 39.391, 3494.88, 2875.740128, 418.7393443, 220.670666, 0.20609714, NORM
61.37674383, 0.05208602, 16.0148, 39.0132, 2868.92, 2521.692581, 378.8448681, 187.0156778, 0.220789892, NORM
59.37651825, 0.044516129, 15.1462, 40.181, 4398.34, 3471.236771, 463.7274887, 295.485983, 0.202846921, NORM
57.92982534, 0.041075268, 15.0218, 40.544, 2790.08, 3524.880325, 585.8220414, 356.8207337, 0.129069261, NORM
59.17543894, 0.062167741, 14.3328, 42.8266, 1907.08, 3647.176834, 360.9869988, 213.4121347, 0.351709066, NORM
59.53103905, 0.060903224, 14.3324, 42.9152, 1932.3, 3647.176834, 360.9869988, 213.4121347, 0.351709066, NORM
61.50157433, 0.042881719, 14.0788, 43.661, 2643.44, 3379.778198, 362.8887869, 196.6962656, 0.322515778, NORM
60.08535767, 0.042795699, 13.666, 45.0926, 1432.46, 5095.67981, 683.3711051, 481.7823882, 0.137119358, NORM
53.375, 0.044580646, 13.3818, 45.7638, 2113.62, 10653.80118, 1686.091908, 976.0412903, 0.047092524, NORM
56.21685257, 0.050709676, 13.281, 45.8194, 4453.54, 11160.97964, 1877.578301, 1055.607062, 0.039784698, NORM
61.03846169, 0.041225807, 13.281, 45.72, 4445.66, 10323.66219, 1648.995822, 1009.61726, 0.047709464, NORM
54.22258784, 0.035354839, 12.7126, 47.0478, 3163.78, 8644.483566, 1065.085671, 800.2501603, 0.095759051, NORM
55.06359609, 0.036903226, 12.727, 47.0124, 3304.1, 8644.483566, 1065.085671, 800.2501603, 0.095759051, NORM
56.07894745, 0.033483872, 12.7414, 45.8896, 2149.88, 5850.728317, 809.6131034, 616.8713002, 0.112166906, NORM
57.26158333, 0.036623656, 12.524, 47.55, 2537.8, 1586.439865, 275.8926419, 150.2943125, 0.261910701, NORM
55.81403605, 0.039075269, 12.3938, 47.7188, 2424.26, 9118.392258, 1037.061032, 826.0110349, 0.106541671, AROSAL
60.70107918, 0.033612905, 12.384, 47.538, 2438.44, 4234.364548, 533.4354455, 333.9301931, 0.186996883, NORM
60.30364494, 0.031419355, 12.292, 45.5344, 1799.88, 7644.66304, 1110.231687, 812.9986125, 0.077936514, NORM
60.41970291, 0.051935481, 12.1902, 46.2552, 1773.08, 14436.0423, 1985.01785, 1182.869263, 0.046039349, NORM
53.375, 0.048838707, 16.1056, 58.8018, 32280.1, 2774.293182, 404.5494113, 219.7982244, 0.213019358, AROSAL
62.36774673, 0.042580645, 16.9582, 56.0674, 32280.1, 2489.698975, 376.5672187, 184.8728479, 0.220633616, AROSAL
56.55060806, 0.038516129, 17.7148, 52.5492, 3206.32, 4333.322952, 373.6676626, 183.4871828, 0.389995765, AROSAL
58.95914749, 0.040516128, 17.6004, 52.3726, 4451.96, 3337.952225, 394.2306023, 218.5386461, 0.269891566, AROSAL
63.24786173, 0.053720429, 17.4578, 53.2412, 3885.9, 5370.425385, 704.8751874, 497.3829182, 0.135829501, AROSAL
52.24964107, 0.03683871, 17.368, 54.1392, 3789.72, 5943.269852, 959.8439266, 700.9478286, 0.081065128, AROSAL
63.4572656, 0.06911828, 17.201, 53.7464, 8005.98, 12642.98363, 2042.955507, 1125.884587, 0.038066384, AROSAL
62.4908432, 0.044193549, 16.9438, 54.8806, 4754.72, 8204.975235, 1112.325656, 717.1325947, 0.083334192, NORM
56.07017644, 0.03711828, 16.8296, 56.9604, 2542.5, 8755.084915, 1074.49868, 821.3389178, 0.095292441, AROSAL
54.4703949, 0.036387097, 16.8296, 57.5796, 2574.04, 8248.863266, 1026.229527, 792.8596631, 0.09842716, AROSAL
60.70287819, 0.121204299, 16.7634, 56.3608, 5101.58, 11040.05499, 2008.224995, 1064.906043, 0.034399835, NORM
60.68016167, 0.046838709, 16.2344, 55.1426, 32280.1, 9630.192902, 1312.372586, 807.7690701, 0.070263625, AROSAL
57.31579094, 0.037290323, 16.701, 53.7664, 2533.06, 9441.705139, 1046.023229, 686.5131999, 0.108437036, AROSAL
61.84615479, 0.093612902, 16.677, 53.3392, 4502.4, 10100.83, 1123.630175, 766.185769, 0.100535661, AROSAL
59.36842092, 0.053204302, 16.654, 53.539, 2312.32, 11673.16156, 1467.096304, 995.0679781, 0.068152394, AROSAL
62.28718079, 0.036258065, 16.677, 54.0698, 3797.62, 4238.811768, 632.480708, 351.2602617, 0.133155598, AROSAL
62.48155568, 0.049591396, 16.487, 55.4668, 3849.64, 2883.640381, 353.0781183, 163.2523057, 0.290676121, AROSAL
56.45434214, 0.048559138, 16.3056, 54.4814, 4770.44, 4458.621948, 645.5602301, 458.2132346, 0.134442623, AROSAL
57.86842155, 0.040929032, 16.3248, 54.3068, 4779.94, 4458.621948, 645.5602301, 458.2132346, 0.134442623, AROSAL
58.99729958, 0.037651613, 16.344, 54.1682, 4743.64, 4433.436691, 581.4339397, 383.7492894, 0.16479712, AROSAL
69.8174572, 0.036645162, 16.5248, 54.0354, 5251.34, 2879.837189, 348.7139612, 160.317347, 0.29760425, NORM
63.71794815, 0.039354838, 16.5724, 53.7294, 4724.74, 2715.856262, 354.842951, 170.7300093, 0.271046798, AROSAL
62.28937709, 0.069978491, 16.6726, 53.9648, 4989.66, 7571.846725, 1102.900652, 783.3195527, 0.078223797, AROSAL
59.87719269, 0.038709676, 16.8964, 52.7118, 8324.46, 2828.504593, 610.8027081, 255.2299657, 0.095271904, NORM
53.65131569, 0.052516129, 22.6474, 31.2164, 1049.32, 3213.005905, 457.0934083, 233.3532041, 0.193246426, AROSAL
52.8125, 0.061096776, 22.633, 31.3022, 995.7, 3263.18988, 462.2215702, 239.6852709, 0.191933946, AROSAL
61.13790944, 0.044172044, 21.5948, 32.9904, 1334.72, 2847.350021, 655.170278, 326.5109751, 0.083357052, AROSAL
57.59064369, 0.045978493, 20.9222, 33.5456, 2176.72, 3846.023849, 356.6492221, 178.9691705, 0.379961221, AROSAL
59.50783234, 0.04335484, 21.0558, 34.3912, 953.14, 5393.97348, 699.9668257, 494.8959091, 0.138345092, NORM
54.41666667, 0.059612901, 21.0936, 34.428, 719.78, 5315.946228, 696.6753215, 475.4245799, 0.137635223, AROSAL
59.41666565, 0.039741935, 21.056, 34.358, 934.24, 5417.22551, 706.2353795, 467.1270213, 0.136485916, AROSAL
59.64912376, 0.046193549, 20.96, 34.7194, 1672.14, 4979.20546, 648.4009765, 469.55633, 0.148827296, AROSAL
57.78947449, 0.065419354, 20.96, 35.141, 1270.04, 8644.483566, 1065.085671, 800.2501603, 0.095759051, AROSAL
64.12820473, 0.049935483, 20.9792, 35.1364, 2011.16, 12091.94945, 1714.43857, 1251.344639, 0.051696642, AROSAL
63.26617978, 0.042602151, 20.9078, 35.4852, 1653.22, 6172.852509, 858.2275111, 647.3474145, 0.105315162, AROSAL
56.37500162, 0.041290322, 21.056, 35.216, 1009.92, 5850.728317, 809.6131034, 616.8713002, 0.112166906, AROSAL
59.57759628, 0.067096773, 21.079, 35.238, 1006.78, 5805.36705, 808.2310013, 629.5994365, 0.111678234, AROSAL
61.54700877, 0.039440859, 21.0368, 34.8782, 942.14, 5948.618073, 810.6317167, 607.4947197, 0.113757167, AROSAL
63.19658025, 0.041118279, 20.984, 35.0908, 924.78, 5866.321075, 806.8020082, 616.9755003, 0.113250923, AROSAL
61.46356277, 0.048709677, 20.9316, 34.9274, 1030.42, 5966.44104, 826.0954199, 602.8527746, 0.109866373, AROSAL
60.8927124, 0.058709676, 20.865, 34.9076, 1273.24, 15257.61072, 2148.204367, 1206.308293, 0.041547529, AROSAL
60.56005478, 0.046838709, 20.9744, 36.1296, 1211.74, 1443.696106, 246.3144019, 88.20309751, 0.299023994, AROSAL
53.4375, 0.059548386, 20.96, 37.25, 1514.48, 1323.738617, 417.7672561, 186.5161052, 0.095311062, AROSAL
54.1539473, 0.096387095, 20.9744, 37.33, 1574.4, 1274.667603, 341.5337946, 186.6845355, 0.137321787, AROSAL
58.49999924, 0.065161289, 21.079, 32.7514, 1522.34, 9430.942764, 1045.710558, 685.0161518, 0.108378213, AROSAL
65.20175374, 0.054494624, 21.0934, 33.0576, 1514.44, 9537.968124, 1047.806681, 687.5577292, 0.109170024, AROSAL
61.14507561, 0.047419353, 21.1558, 33.3154, 1705.26, 9537.968124, 1047.806681, 687.5577292, 0.109170024, AROSAL
63.66666718, 0.041677418, 21.366, 34.6388, 1602.76, 4430.521591, 640.6418046, 421.704545, 0.13565449, AROSAL
70.11236114, 0.041225805, 21.366, 35.51, 1763.6, 3898.289291, 491.0186741, 310.2103209, 0.203183254, AROSAL
56.8148908, 0.041870968, 21.2038, 34.048, 2911.48, 4013.301315, 538.3952493, 319.1261857, 0.173983953, AROSAL
66.13003464, 0.067999998, 21.2508, 35.4854, 4887.14, 2826.968719, 349.3540255, 166.000183, 0.291071285, AROSAL
60.66358261, 0.051225805, 21.4084, 36.0866, 2689.14, 3716.819138, 423.6329204, 217.7130861, 0.260256682, AROSAL
68.94867783, 0.060602152, 22.1588, 32.6488, 9981.62, 14217.73578, 1523.897863, 758.4938403, 0.076935819, AROSAL
63.35897255, 0.037741935, 22.4938, 32.679, 2214.56, 2695.577225, 359.6127027, 172.3216945, 0.261933831, AROSAL
61.46153793, 0.078645159, 22.4218, 32.6058, 2151.48, 7644.66304, 1110.231687, 812.9986125, 0.077936514, AROSAL
62.19972992, 0.105225806, 22.729, 32.413, 2585.1, 7571.846725, 1102.900652, 783.3195527, 0.078223797, AROSAL
60.78205032, 0.053483872, 22.537, 31.6684, 1388.32, 9206.565109, 1037.147784, 829.7462244, 0.107553911, AROSAL
62.52564125, 0.089483869, 22.274, 31.0234, 1377.28, 9432.126877, 1044.663553, 702.7801449, 0.108609199, AROSAL
59.61943309, 0.040258065, 17.8054, 41.1026, 1173.88, 2777.109253, 406.9191399, 217.3479957, 0.210759225, NORM
61.75641111, 0.041548386, 16.649, 43.6306, 6782.38, 3500.370682, 757.504976, 364.9415686, 0.076657195, NORM
58.87674255, 0.043999998, 16.1722, 44.3904, 8447.44, 3524.880325, 585.8220414, 356.8207337, 0.129069261, NORM
60.40823212, 0.069870969, 16.7012, 44.2642, 8865.3, 3795.727982, 363.0956931, 215.0871529, 0.361795158, NORM
60.41902809, 0.060903226, 16.701, 44.0044, 8013.84, 3854.645172, 362.6299822, 194.8982936, 0.368355241, NORM
59.36234779, 0.041935484, 17.5864, 42.2686, 1066.68, 5393.97348, 699.9668257, 494.8959091, 0.138345092, NORM
53.16666667, 0.042365591, 17.629, 42.7204, 628.34, 12775.35063, 1692.20196, 998.6417822, 0.056063255, NORM
52.8515625, 0.042645163, 17.6434, 42.3902, 626.78, 12775.35063, 1692.20196, 998.6417822, 0.056063255, NORM
65.93406779, 0.041135482, 17.6914, 41.7626, 1325.26, 5237.692795, 699.3132212, 474.1670396, 0.134588021, NORM
61.77617111, 0.042709679, 17.5436, 41.906, 5669.2, 10646.50931, 1819.725462, 1035.848527, 0.040402232, NORM
60.93589745, 0.042967741, 17.5388, 41.7454, 2097.84, 9064.394089, 1605.017444, 1034.0842, 0.044216985, NORM
58.52631569, 0.039419353, 17.3726, 41.9504, 1173.92, 4665.545868, 601.7004561, 397.5212335, 0.161939072, NORM
57.89473801, 0.040451612, 17.2912, 42.7324, 990.98, 4814.882645, 615.9570041, 407.1879383, 0.159475794, NORM
57.28070323, 0.03888172, 17.1532, 43.4228, 1093.48, 5225.683319, 665.4206039, 497.8010168, 0.148306595, NORM
58.21254959, 0.038951612, 17.0484, 43.9634, 1703.68, 6921.976471, 1331.405649, 1072.944547, 0.049070354, NORM
60.95681458, 0.03948387, 17.1204, 43.2472, 5446.9, 6116.174072, 1043.586799, 413.8852471, 0.07057202, NORM
55.60526352, 0.052967743, 16.8918, 44.4894, 3174.8, 8650.410263, 1059.449695, 800.9415447, 0.096846937, NORM
57.10526199, 0.039870967, 16.9294, 44.2534, 3152.68, 8695.935043, 1056.789114, 807.5834506, 0.097847445, NORM
58.27935282, 0.041763441, 16.606, 45.472, 4504.0, 11271.11342, 1993.301007, 1211.413825, 0.035647651, NORM
60.32388585, 0.040215053, 16.7682, 44.9174, 1738.38, 5851.256027, 821.5335156, 634.2568582, 0.108945274, NORM
57.46963539, 0.038645161, 16.8584, 44.5106, 1834.56, 19278.3916, 2163.360325, 1240.754385, 0.051763417, NORM
61.17948685, 0.04083871, 16.7298, 44.641, 1364.68, 1631.56221, 268.0293629, 88.83934486, 0.285396573, NORM
53.72039528, 0.038629032, 16.3728, 47.7292, 1028.8, 1517.006393, 502.3466525, 221.7025475, 0.075542308, NORM
57.15789528, 0.040129031, 15.9482, 46.4034, 1670.56, 1743.673645, 240.4385509, 126.0600254, 0.379024134, NORM
62.86324666, 0.042924731, 15.3756, 47.5012, 7160.82, 4073.579498, 960.5526546, 716.66562, 0.055480927, NORM
57.86841965, 0.039419354, 15.3852, 48.1882, 7061.48, 4073.579498, 960.5526546, 716.66562, 0.055480927, AROSAL
59.60150528, 0.038838709, 16.2912, 47.0928, 7969.72, 9430.942764, 1045.710558, 685.0161518, 0.108378213, NORM
56.12280782, 0.048817204, 16.4868, 46.4584, 7942.9, 9537.968124, 1047.806681, 687.5577292, 0.109170024, NORM
64.23992793, 0.04660215, 17.144, 44.8996, 7145.06, 9949.959259, 1069.306981, 770.0581036, 0.109351907, NORM
65.23534775, 0.049548386, 18.0858, 42.7158, 1549.16, 4334.779327, 544.9933154, 328.0388132, 0.183397963, AROSAL
59.36099815, 0.040774193, 18.1146, 42.2906, 1334.7, 4275.976349, 538.3978222, 320.9647876, 0.185369624, AROSAL
63.22527542, 0.045161289, 18.2048, 41.8908, 1333.14, 4203.44191, 551.8934153, 356.5997943, 0.173422119, NORM
58.77273972, 0.038967741, 17.32, 43.175, 1862.94, 2919.496658, 360.8726474, 169.1150903, 0.281714963, NORM
74.17521439, 0.038993547, 16.2864, 44.9664, 4816.2, 15256.42426, 1527.236263, 872.8004876, 0.082195902, NORM
70.91270142, 0.039070967, 16.2486, 45.0438, 6228.96, 8002.919388, 1503.669483, 756.0940337, 0.044478848, NORM
64.01272507, 0.038645161, 16.2298, 45.3694, 5574.62, 4900.049454, 977.1444268, 795.9872821, 0.064490064, NORM
64.06410217, 0.040154838, 17.4482, 43.3812, 6525.4, 7650.764679, 1452.495796, 779.0695077, 0.04557062, NORM
65.73015849, 0.042021506, 17.7386, 42.3566, 7088.3, 3266.540985, 390.6337385, 193.0392748, 0.269003838, NORM
60.60683772, 0.042425806, 18.7708, 40.7726, 5076.36, 7644.66304, 1110.231687, 812.9986125, 0.077936514, AROSAL
64.86691233, 0.043096773, 19.5032, 39.8578, 6845.48, 9078.460266, 1034.706327, 822.6372752, 0.10655844, AROSAL
64.78022156, 0.142580648, 19.3508, 31.1448, 4267.48, 3865.345474, 766.262663, 390.2210892, 0.082726157, AROSAL
57.4561409, 0.132516131, 19.075, 31.2402, 1412.0, 1813.676529, 434.7555549, 256.4953891, 0.120581149, AROSAL
58.68353539, 0.117419356, 18.2094, 32.9672, 3751.88, 3750.653778, 463.6029537, 259.8951879, 0.21929284, AROSAL
54.64210571, 0.062064517, 18.057, 33.3544, 2444.76, 3893.842102, 372.0529997, 195.1051253, 0.353491178, AROSAL
65.65384712, 0.160645162, 17.5768, 35.9584, 6156.44, 4657.733734, 608.9737766, 408.5185945, 0.157829194, AROSAL
67.82875595, 0.103548389, 16.4966, 38.3884, 6490.72, 6116.174072, 1043.586799, 413.8852471, 0.07057202, AROSAL
68.85256577, 0.088322579, 16.7538, 37.7958, 1419.88, 8952.23645, 1055.240936, 828.4957104, 0.101027161, AROSAL
55.0651708, 0.103483868, 16.8296, 36.9816, 1225.9, 5963.842911, 827.8968773, 657.7545296, 0.109341133, AROSAL
55.33771922, 0.084258063, 16.8728, 36.8368, 1244.84, 5963.842911, 827.8968773, 657.7545296, 0.109341133, AROSAL
57.96052752, 0.12326882, 16.8296, 38.2622, 3743.98, 1417.263382, 244.6246071, 89.96570957, 0.297618654, AROSAL
54.9682869, 0.113096778, 16.8914, 38.5912, 3835.44, 1323.738617, 417.7672561, 186.5161052, 0.095311062, AROSAL
60.54116109, 0.137806449, 17.1484, 36.4426, 7193.92, 4073.579498, 960.5526546, 716.66562, 0.055480927, AROSAL
61.11623851, 0.113161291, 17.8478, 35.0256, 1709.98, 10701.15103, 1236.810439, 839.3876597, 0.087909149, AROSAL
63.12820549, 0.188064508, 17.915, 35.6002, 5569.9, 4203.44191, 551.8934153, 356.5997943, 0.173422119, AROSAL
66.84065857, 0.107612903, 17.6814, 36.216, 5562.02, 3767.352539, 474.554767, 269.2369653, 0.210219716, AROSAL
59.8281606, 0.102494621, 17.6004, 36.3318, 5347.54, 2826.968719, 349.3540255, 166.000183, 0.291071285, AROSAL
59.68016129, 0.092903227, 17.6102, 36.32, 5199.36, 2808.390366, 331.9453256, 171.2969375, 0.320283248, AROSAL
65.17276917, 0.129634404, 17.7814, 36.0958, 12096.06, 24843.627, 2368.523703, 1203.375674, 0.055650541, AROSAL
73.58888626, 0.11812903, 17.9906, 35.8364, 15077.7, 16625.87091, 1552.485608, 915.0496458, 0.086684032, AROSAL
58.56860148, 0.098623653, 18.937, 34.238, 17110.12, 5074.70137, 701.073936, 438.5726257, 0.129745622, AROSAL
63.30769234, 0.11103226, 19.1318, 33.8682, 16654.44, 6875.125809, 842.3810794, 544.137484, 0.121751216, AROSAL
64.68223495, 0.073161288, 19.484, 33.4728, 17084.9, 3422.306076, 509.4550271, 305.4930573, 0.165697902, AROSAL
62.76923167, 0.097419355, 19.6462, 32.4964, 14027.56, 3122.184433, 367.6121683, 174.3448142, 0.290327825, AROSAL
62.96153679, 0.06580645, 20.2028, 31.245, 10431.0, 7644.66304, 1110.231687, 812.9986125, 0.077936514, AROSAL
60.16545263, 0.116430105, 19.9264, 31.6464, 2209.8, 9118.392258, 1037.061032, 826.0110349, 0.106541671, AROSAL
62.0358963, 0.047612903, 19.603, 33.6356, 1328.42, 1862.455154, 307.1571107, 116.5232602, 0.248070168, NORM
59.85380084, 0.071161287, 19.2364, 34.608, 10688.02, 3464.096512, 403.9707314, 230.7028145, 0.266747308, NORM
54.44736786, 0.052064516, 20.2314, 33.634, 8791.2, 3884.518173, 378.1081907, 199.847059, 0.341440356, NORM
54.88486786, 0.047677417, 20.3218, 33.3448, 8792.74, 3846.023849, 356.6492221, 178.9691705, 0.379961221, NORM
55.3502018, 0.044387097, 20.279, 33.1756, 990.98, 5352.200806, 692.991763, 476.0162414, 0.140050969, NORM
63.94871877, 0.055612903, 20.036, 33.4114, 1918.12, 5546.331711, 741.4980706, 475.6844761, 0.126763918, NORM
59.99595261, 0.045419354, 19.6552, 32.9074, 1207.0, 4814.882645, 615.9570041, 407.1879383, 0.159475794, NORM
62.84615479, 0.04516129, 19.503, 33.283, 1161.26, 5098.316467, 653.6821276, 450.8537343, 0.149935141, NORM
58.24291407, 0.045273118, 19.4364, 33.3232, 4650.64, 5419.163544, 777.1735835, 569.660546, 0.112747277, NORM
62.27350515, 0.044516129, 19.0702, 34.2702, 1703.66, 8948.942047, 1057.987607, 635.8643254, 0.100466298, NORM
63.25519104, 0.045849462, 19.2796, 35.7536, 5248.2, 9427.63826, 1186.571952, 872.4914295, 0.084144284, NORM
60.58299637, 0.044258065, 19.3986, 34.6366, 3381.34, 16138.15868, 2701.116972, 1697.508298, 0.027795665, NORM
59.23954086, 0.044645162, 19.4034, 34.058, 1801.46, 5862.918167, 818.2130973, 633.5319899, 0.110050202, NORM
61.91363144, 0.044322581, 19.2796, 34.1322, 3870.14, 19278.3916, 2163.360325, 1240.754385, 0.051763417, NORM
61.65064096, 0.043290322, 18.8562, 34.5324, 842.76, 1532.360977, 256.7783871, 86.52018913, 0.292047851, NORM
60.32321167, 0.041161289, 18.39, 35.9994, 2375.36, 1542.962814, 260.1753731, 148.8361342, 0.286439529, NORM
62.00060959, 0.086253762, 18.8276, 34.4838, 6793.44, 4073.579498, 960.5526546, 716.66562, 0.055480927, NORM
63.4615387, 0.044129034, 19.3034, 33.8646, 9073.42, 9062.688828, 1034.737068, 821.806974, 0.106367002, NORM
66.15476151, 0.046387095, 20.2456, 32.5502, 7871.94, 10152.10281, 1207.715101, 949.8801924, 0.087465519, NORM
58.56590182, 0.044713979, 21.0176, 30.9958, 3304.1, 11673.16156, 1467.096304, 995.0679781, 0.068152394, NORM
66.20237961, 0.046451611, 21.084, 30.9348, 2812.14, 4595.423035, 812.0051959, 611.4960217, 0.087582582, NORM
61.32051201, 0.043677419, 21.3228, 31.1422, 1531.84, 4136.27388, 549.0942909, 342.4609036, 0.17239525, NORM
65.97435989, 0.046709676, 21.2846, 30.7982, 1323.68, 4953.854584, 711.3460903, 449.6181731, 0.12302439, NORM
62.93589668, 0.046193548, 20.3314, 32.1138, 1711.58, 17041.38597, 1335.939718, 579.3515015, 0.119988895, NORM
62.40000061, 0.042322581, 20.3976, 32.0534, 1758.86, 17041.38597, 1335.939718, 579.3515015, 0.119988895, NORM
64.19413872, 0.044451613, 20.3266, 32.1728, 3971.06, 15351.65564, 1528.336956, 858.3512376, 0.082589884, NORM
60.56005402, 0.044645162, 20.8218, 32.3496, 2952.48, 16523.87279, 1552.580081, 913.1134234, 0.086141749, NORM
65.78571574, 0.046236558, 20.9842, 31.213, 6039.74, 4433.436691, 581.4339397, 383.7492894, 0.16479712, NORM
62.30036621, 0.045612903, 21.008, 32.2666, 6776.12, 7650.764679, 1452.495796, 779.0695077, 0.04557062, NORM
62.21794853, 0.044193549, 19.7792, 32.2368, 1818.76, 3122.790482, 708.9103855, 321.8223052, 0.078085435, NORM
63.15384521, 0.043122582, 19.6694, 32.4654, 1377.3, 1862.455154, 307.1571107, 116.5232602, 0.248070168, NORM
68.35902405, 0.049032257, 21.0032, 30.514, 9801.88, 4600.112015, 392.3431801, 177.7853186, 0.375531226, NORM
56.44736824, 0.050645159, 20.8552, 30.855, 8419.08, 4600.112015, 392.3431801, 177.7853186, 0.375531226, NORM
60.53306381, 0.046645162, 21.8048, 30.9026, 1927.6, 5402.358276, 1063.242349, 431.6229049, 0.060052171, NORM
62.94017131, 0.058494623, 21.0748, 29.8578, 1665.84, 5441.59816, 722.9915833, 476.1430697, 0.130818706, NORM
57.26315918, 0.044817205, 20.722, 31.097, 3136.94, 8522.591888, 1023.716115, 766.8836055, 0.102193312, NORM
66.9090121, 0.18144086, 21.0128, 30.4212, 3703.0, 8427.496796, 1026.131925, 792.5241002, 0.100577784, NORM
58.84345449, 0.048206451, 20.9176, 30.66, 3621.02, 20605.18929, 2708.031736, 1953.212639, 0.035308476, NORM
53.83333333, 0.045419354, 21.3276, 30.4876, 1178.62, 6154.90535, 840.9968146, 635.9802719, 0.109355981, NORM
53.64144707, 0.044645162, 21.4466, 30.451, 1197.56, 6281.440796, 848.7348091, 649.3137632, 0.109578438, NORM
63.95970815, 0.052258064, 21.2418, 30.8614, 1178.62, 5850.728317, 809.6131034, 616.8713002, 0.112166906, AROSAL
60.81954918, 0.10193548, 20.1456, 32.2166, 3619.44, 1303.268921, 323.5616994, 181.7048146, 0.156433473, NORM
58.86842181, 0.044877419, 20.3836, 32.2244, 5404.32, 2180.319626, 511.524486, 339.7093783, 0.104712173, NORM
60.37516899, 0.043612903, 20.555, 32.0072, 3895.36, 1580.254181, 265.2187749, 148.694257, 0.282311314, NORM
63.42307625, 0.046774194, 20.4264, 31.936, 3498.02, 1333.285522, 229.3176493, 117.8933952, 0.318609019, NORM
58.39811249, 0.046580644, 20.7982, 31.2298, 7484.06, 9097.178009, 1052.762775, 779.1742952, 0.103146742, AROSAL
66.49725265, 0.044967742, 21.2798, 30.9114, 7558.18, 3778.494003, 533.7465931, 333.6442557, 0.166670358, AROSAL
65.46428528, 0.04483871, 21.3708, 30.3448, 2982.44, 12539.35779, 1607.258687, 474.7379375, 0.060997719, AROSAL
61.01281954, 0.044232259, 21.175, 30.749, 1705.24, 2808.390366, 331.9453256, 171.2969375, 0.320283248, AROSAL
58.94736824, 0.046258065, 20.8602, 30.9824, 2952.46, 23482.20082, 2336.241711, 921.2115389, 0.054064615, AROSAL
62.96423683, 0.055354839, 21.0128, 30.9286, 5290.82, 4718.566208, 568.6947863, 297.8493775, 0.183341772, AROSAL
64.75128021, 0.048774192, 21.4084, 30.4082, 5010.14, 4584.809998, 595.9627486, 365.3529883, 0.162215735, AROSAL
66.68528671, 0.105483873, 21.6904, 30.1304, 13031.08, 4507.358246, 606.2995828, 362.2916962, 0.15408395, AROSAL
67.5357132, 0.047548386, 22.058, 29.6378, 12403.52, 6685.361542, 820.1311756, 522.0195733, 0.124901634, AROSAL
64.36813126, 0.047870965, 22.633, 29.5304, 10773.14, 2879.837189, 348.7139612, 160.317347, 0.29760425, AROSAL
63.87362518, 0.04784516, 23.4576, 27.6854, 5722.84, 12691.43449, 1883.837832, 1462.866856, 0.04494005, AROSAL
65.52503052, 0.046563439, 23.521, 27.6022, 5787.48, 12691.43449, 1883.837832, 1462.866856, 0.04494005, AROSAL
67.90109889, 0.252645152, 23.5304, 27.447, 5547.82, 13148.63513, 1900.656089, 1476.362901, 0.045738662, AROSAL
67.2857132, 0.044516129, 20.317, 30.7224, 579.46, 1908.551636, 312.9940358, 122.1700021, 0.244817046, NORM
64.92490997, 0.063870967, 20.2408, 30.7028, 1156.56, 3524.880325, 585.8220414, 356.8207337, 0.129069261, NORM
62.93724937, 0.170387095, 20.126, 30.513, 620.42, 3893.842102, 372.0529997, 195.1051253, 0.353491178, NORM
57.76585884, 0.044709678, 20.0264, 30.5976, 612.58, 3893.842102, 372.0529997, 195.1051253, 0.353491178, NORM
65.69230576, 0.049290323, 19.1794, 32.5338, 909.0, 4032.006821, 365.4894786, 190.9113629, 0.379298708, NORM
64.42246552, 0.04483871, 19.2988, 32.3266, 913.74, 3337.952225, 394.2306023, 218.5386461, 0.269891566, AROSAL
65.271978, 0.048258063, 19.2796, 32.1458, 614.18, 5296.423126, 694.9198023, 481.2536652, 0.137823464, NORM
66.11904602, 0.054967743, 18.8798, 33.582, 979.94, 5225.683319, 665.4206039, 497.8010168, 0.148306595, AROSAL
66.19841258, 0.047096774, 18.913, 33.005, 1569.64, 8695.935043, 1056.789114, 807.5834506, 0.097847445, NORM
66.22222265, 0.058086021, 18.9274, 33.0062, 998.88, 8796.603455, 1069.331132, 820.9213937, 0.096671945, NORM
61.65746002, 0.043225807, 18.7802, 33.4076, 558.98, 7318.44281, 1311.065339, 925.9283054, 0.053503215, NORM
61.32051201, 0.043354838, 18.723, 33.35, 773.42, 6122.567093, 837.4425163, 643.6262038, 0.109706764, NORM
55.50000076, 0.042645161, 18.699, 33.8476, 475.42, 1873.197845, 443.0643946, 156.0443855, 0.119911217, NORM
65.05097631, 0.042612905, 18.604, 33.9374, 432.82, 1489.898544, 249.5795553, 128.1958466, 0.300572018, NORM
61.25641047, 0.044688172, 18.5848, 33.8832, 669.34, 1743.673645, 240.4385509, 126.0600254, 0.379024134, NORM
65.86569061, 0.042881722, 18.533, 33.7336, 663.0, 9102.159683, 1038.607287, 828.1835639, 0.106035572, NORM
68.48412577, 0.043387097, 18.5426, 33.9052, 634.64, 9499.346558, 1052.575491, 698.4072298, 0.107744991, AROSAL
68.73809814, 0.044903226, 18.557, 34.2022, 443.86, 9050.744339, 1048.817712, 804.0495747, 0.103393714, NORM
70.00978775, 0.043698926, 18.723, 33.6064, 994.14, 4197.941727, 530.6125166, 319.3865182, 0.187366217, NORM
58.26315918, 0.042387095, 18.771, 33.618, 488.0, 17041.38597, 1335.939718, 579.3515015, 0.119988895, NORM
57.60526314, 0.044064517, 18.961, 33.0222, 1317.38, 4491.214554, 569.3560844, 352.8845072, 0.174102792, NORM
66.55335617, 0.049290322, 18.985, 32.9912, 1713.14, 4584.809998, 595.9627486, 365.3529883, 0.162215735, NORM
66.17460124, 0.041935484, 18.985, 33.0704, 1500.28, 4953.854584, 711.3460903, 449.6181731, 0.12302439, AROSAL
67.71428604, 0.04183871, 18.961, 33.0882, 1505.0, 4018.076447, 561.4008289, 319.9369726, 0.160207174, NORM
66.38095474, 0.042593548, 19.008, 33.277, 1093.48, 3405.412109, 640.415243, 436.1705499, 0.104341294, NORM
66.41544647, 0.045935484, 18.9988, 33.2696, 1069.82, 16247.91142, 1998.296898, 1179.968997, 0.051131364, AROSAL
46.62179565, 0.033909678, 11.264, 37.175, 1193.6, 3357.720444, 472.1600507, 259.2200387, 0.189267446, AROSAL
55.11403503, 0.04288172, 13.786, 47.769, 1329.98, 3090.560501, 441.979236, 230.2761894, 0.19881236, NORM
53.98026276, 0.041354839, 13.858, 47.6106, 1293.74, 3003.228561, 432.1739949, 231.0828473, 0.202060298, NORM
61.26854401, 0.041032256, 13.8676, 47.432, 1525.5, 2843.716171, 413.7934294, 213.8970911, 0.208703115, NORM
60.35155182, 0.043935484, 13.3578, 48.766, 5312.86, 3251.924301, 616.50364, 355.9280066, 0.107517461, NORM
62.05128288, 0.041548387, 13.401, 48.8708, 8740.72, 4878.81163, 769.0770711, 416.9537631, 0.103653552, NORM
58.91902771, 0.071870967, 13.7332, 47.7624, 1359.94, 3616.447052, 492.0162571, 299.2954948, 0.187729736, NORM
61.01709493, 0.046107527, 13.522, 48.231, 2618.2, 4551.356537, 587.1882092, 387.946344, 0.16588078, NORM
61.24359055, 0.04148387, 13.4682, 48.2736, 2058.44, 5225.683319, 665.4206039, 497.8010168, 0.148306595, NORM
60.82906062, 0.041849462, 13.497, 48.7538, 653.56, 8651.739807, 1056.100442, 664.7493103, 0.097477159, NORM
54.90789413, 0.040335483, 13.522, 48.262, 570.02, 8658.8461, 1054.825979, 788.4907338, 0.097793108, AROSAL
64.98901087, 0.041376343, 13.281, 49.6072, 2282.34, 9388.188248, 1957.138648, 1078.628029, 0.03079984, NORM
62.85897446, 0.05903226, 13.377, 49.1452, 2097.86, 19207.73433, 2711.896626, 1681.650486, 0.032820088, NORM
63.12820473, 0.044064515, 13.2474, 48.7084, 803.34, 6296.003403, 865.08582, 667.2235825, 0.105719824, NORM
59.73414383, 0.041677418, 13.2042, 48.795, 2069.5, 5959.535309, 808.0409063, 613.6837096, 0.114697927, NORM
61.47390887, 0.041612904, 13.2234, 49.4144, 519.54, 5866.321075, 806.8020082, 616.9755003, 0.113250923, NORM
52.5625, 0.048564518, 13.2378, 49.441, 505.36, 1390.505768, 245.5096326, 94.11177923, 0.289898245, NORM
65.596492, 0.043741936, 13.185, 49.9698, 2332.82, 2180.319626, 511.524486, 339.7093783, 0.104712173, NORM
64.15750885, 0.042451614, 13.3626, 49.9016, 2723.82, 9166.396271, 1036.223396, 833.8711306, 0.107275786, NORM
57.82658424, 0.042064516, 13.1174, 49.7082, 1350.48, 9394.24733, 1044.580139, 698.9370447, 0.1081903, NORM
62.59615555, 0.042, 13.3482, 49.678, 1834.54, 9838.690094, 1052.385247, 800.403158, 0.111634297, NORM
62.19230919, 0.042903228, 13.5796, 48.3002, 631.48, 3985.707047, 538.6806117, 335.3146808, 0.172604673, NORM
65.41208954, 0.044516127, 13.522, 48.417, 1274.8, 3767.352539, 474.554767, 269.2369653, 0.210219716, AROSAL
66.11966019, 0.041935485, 13.522, 48.8004, 4783.06, 6877.30188, 1493.183575, 460.0018655, 0.038761586, NORM
63.56410383, 0.040129031, 13.522, 48.664, 2969.78, 21181.68806, 2367.663881, 1207.47645, 0.047482145, NORM
67.96380997, 0.042709676, 13.5652, 49.1396, 2313.88, 4528.619247, 639.2883701, 412.3505231, 0.139245787, NORM
73.60444183, 0.044709678, 13.594, 49.2238, 1210.14, 4528.619247, 639.2883701, 412.3505231, 0.139245787, NORM
59.4010348, 0.0467957, 13.6948, 49.2556, 1277.94, 4667.278122, 648.5515429, 395.0431448, 0.139439094, NORM
61.22051178, 0.042903225, 13.8244, 48.834, 4612.76, 5074.70137, 701.073936, 438.5726257, 0.129745622, NORM
57.95428619, 0.050537632, 16.3392, 42.4062, 16736.42, 2707.192215, 398.3641821, 206.0868118, 0.214372163, NORM
60.42465134, 0.051010752, 17.3152, 40.6568, 15504.98, 4540.392166, 770.4824895, 384.0148028, 0.096112015, AROSAL
59.75506058, 0.047741935, 17.3914, 40.9346, 18844.54, 3865.345474, 766.262663, 390.2210892, 0.082726157, AROSAL
59.10526352, 0.058193548, 17.9716, 38.6532, 17980.5, 3723.524338, 459.3934846, 292.6922277, 0.221714654, AROSAL
60.13292732, 0.199032248, 18.1334, 38.9548, 16952.46, 3845.070526, 482.3216166, 271.5340798, 0.20770202, AROSAL
62.50244179, 0.055483871, 17.8146, 38.7274, 3313.54, 3647.176834, 360.9869988, 213.4121347, 0.351709066, NORM
54.375, 0.043509679, 17.6482, 39.8254, 2583.52, 3379.778198, 362.8887869, 196.6962656, 0.322515778, AROSAL
54.73026276, 0.045445161, 17.7384, 39.5516, 2630.82, 3391.124741, 429.2304026, 255.5893533, 0.231298426, AROSAL
55.98836021, 0.044193549, 17.9006, 39.466, 2621.36, 9013.399063, 1675.893605, 845.2877782, 0.040327897, AROSAL
59.11426023, 0.197677426, 17.0106, 40.4886, 6580.6, 4598.484421, 590.7043947, 399.3035092, 0.165609093, NORM
60.20467911, 0.059096775, 17.0916, 40.9588, 6012.94, 4538.606094, 584.9579423, 395.0608779, 0.166679839, NORM
64.18331273, 0.05432258, 17.3008, 40.9886, 1257.46, 8387.737534, 1057.194872, 621.3354386, 0.094307146, NORM
61.81196645, 0.11488172, 17.2486, 41.1172, 976.8, 8302.942261, 1054.033626, 809.257342, 0.093914565, NORM
55.33012848, 0.044903226, 17.082, 40.6118, 1996.96, 8248.863266, 1026.229527, 792.8596631, 0.09842716, AROSAL
64.78571472, 0.056258064, 17.2488, 41.4184, 2523.58, 8580.889771, 1029.522064, 805.1030405, 0.101735113, AROSAL
64.71062469, 0.055677421, 17.4198, 40.3152, 4254.86, 12091.94945, 1714.43857, 1251.344639, 0.051696642, AROSAL
61.22671967, 0.043483872, 17.0868, 41.8478, 1530.22, 1615.315674, 265.2694879, 88.72415192, 0.288464699, NORM
59.73009377, 0.044387096, 16.9918, 41.9134, 1342.62, 1471.960663, 342.168934, 172.1238536, 0.157988296, AROSAL
64.18223419, 0.145548391, 16.6868, 41.6872, 9828.68, 4073.579498, 960.5526546, 716.66562, 0.055480927, NORM
58.08771998, 0.043741935, 17.0062, 41.0132, 2126.24, 9522.91716, 1048.199109, 686.2211806, 0.108916154, AROSAL
61.29487114, 0.04548387, 16.8008, 41.8726, 1982.76, 4197.941727, 530.6125166, 319.3865182, 0.187366217, AROSAL
62.23076884, 0.043784947, 16.7106, 40.9038, 2272.88, 3821.625046, 488.4375065, 314.054573, 0.201298217, NORM
59.93387413, 0.045225806, 16.4104, 41.873, 2227.16, 4136.27388, 549.0942909, 342.4609036, 0.17239525, NORM
66.55677719, 0.074645158, 16.439, 42.265, 3863.84, 4441.137833, 1361.48471, 237.7687887, 0.030107769, AROSAL
61.12820511, 0.045634408, 16.3536, 42.1594, 2421.1, 2799.813599, 336.7952797, 162.53168, 0.310175143, NORM
64.90842552, 0.053806451, 16.1626, 42.4938, 3343.48, 15617.73747, 1553.24724, 934.7435033, 0.081347985, AROSAL
62.73076935, 0.045999999, 16.2864, 42.985, 3583.18, 11641.59657, 1541.89134, 961.3621988, 0.061533961, AROSAL
63.64642258, 0.093225806, 16.606, 41.8122, 5514.68, 4018.076447, 561.4008289, 319.9369726, 0.160207174, AROSAL
63.6239329, 0.046580645, 16.892, 41.8894, 3994.72, 2718.964615, 351.8486136, 167.6292627, 0.275995329, NORM
63.55128212, 0.05316129, 16.7726, 41.4864, 4515.04, 13148.63513, 1900.656089, 1476.362901, 0.045738662, AROSAL
61.97497101, 0.052129032, 17.4008, 40.5958, 14983.08, 9067.672134, 1036.232897, 830.917423, 0.106118456, AROSAL
60.27193031, 0.049483872, 17.4486, 40.1768, 2399.04, 1379.923477, 233.9448881, 120.4234207, 0.316838353, AROSAL
53.80592155, 0.051225806, 17.5958, 40.8418, 10041.54, 2741.352905, 403.526802, 223.8515479, 0.211558286, NORM
60.29487152, 0.052593545, 18.1904, 39.4646, 11115.32, 2600.044525, 386.0026595, 187.8193455, 0.219285571, NORM
60.85897484, 0.065548387, 18.552, 39.2062, 12707.84, 4540.392166, 770.4824895, 384.0148028, 0.096112015, NORM
60.87179451, 0.057096772, 19.0844, 37.7768, 10445.18, 2522.818008, 545.1415469, 360.1489186, 0.106678579, NORM
66.04395523, 0.049341935, 19.4888, 36.7682, 4675.84, 9125.151688, 1508.592971, 968.7946241, 0.050385526, NORM
60.32051353, 0.051870967, 19.6556, 36.6608, 1864.5, 3893.842102, 372.0529997, 195.1051253, 0.353491178, NORM
57.62078285, 0.054774193, 19.4556, 36.6212, 1637.46, 3904.903625, 367.0661916, 191.2928652, 0.364192847, NORM
56.44736938, 0.071741931, 18.181, 38.8888, 1563.32, 3973.923035, 365.8333527, 191.0530706, 0.373132194, AROSAL
54.0375, 0.047935482, 18.1286, 39.8454, 1585.4, 3973.923035, 365.8333527, 191.0530706, 0.373132194, AROSAL
53.55833333, 0.045806451, 18.1572, 40.5566, 3450.68, 12775.35063, 1692.20196, 998.6417822, 0.056063255, NORM
53.01666667, 0.044817204, 18.252, 40.3354, 3453.84, 10653.80118, 1686.091908, 976.0412903, 0.047092524, NORM
52.8125, 0.04664516, 18.4092, 39.7658, 3452.3, 10653.80118, 1686.091908, 976.0412903, 0.047092524, NORM
58.32073746, 0.053053762, 18.5426, 39.354, 5355.46, 12642.98363, 2042.955507, 1125.884587, 0.038066384, NORM
61.62280744, 0.064722579, 18.2426, 39.4318, 4753.12, 4552.491501, 595.5870684, 401.791263, 0.161275534, NORM
60.48178164, 0.048395699, 18.3046, 39.4964, 5232.46, 4766.938843, 611.3878434, 406.2741036, 0.160256571, NORM
55.36842194, 0.047161291, 17.8382, 40.8942, 2886.24, 8732.76442, 1079.859067, 809.5463884, 0.094108196, NORM
56.63157883, 0.046645161, 18.0286, 40.163, 4319.5, 8427.496796, 1026.131925, 792.5241002, 0.100577784, NORM
58.97255809, 0.045574193, 18.005, 39.9992, 4953.38, 8350.87735, 1046.964271, 788.3546828, 0.095736655, NORM
58.94736862, 0.045870967, 18.1808, 39.6832, 4589.14, 20605.18929, 2708.031736, 1953.212639, 0.035308476, NORM
59.03913727, 0.045096774, 18.2096, 39.564, 4429.88, 19207.73433, 2711.896626, 1681.650486, 0.032820088, NORM
59.33738174, 0.044387097, 18.1428, 39.4468, 3728.22, 14124.56232, 2703.568651, 1700.048041, 0.024283432, NORM
61.76068319, 0.045720431, 17.943, 39.7348, 4731.04, 6116.997421, 852.9957189, 654.2745384, 0.105646341, NORM
55.76315804, 0.047870967, 17.8382, 39.988, 1812.48, 5851.256027, 821.5335156, 634.2568582, 0.108945274, NORM
58.59649124, 0.075612902, 17.724, 40.4386, 934.22, 1360.763977, 247.8417334, 96.7285599, 0.278383693, AROSAL
60.53036499, 0.074580645, 17.3724, 42.3206, 3334.04, 1555.561615, 287.441319, 167.7034771, 0.236591255, NORM
61.19365679, 0.054301075, 17.1058, 43.023, 1747.84, 1379.923477, 233.9448881, 120.4234207, 0.316838353, NORM
57.26315842, 0.043741937, 17.106, 42.4052, 1465.6, 1578.3797, 225.0002323, 121.0043412, 0.391791868, NORM
62.60188904, 0.076322577, 17.7624, 41.2452, 4649.04, 9113.978561, 1037.884575, 833.2960575, 0.106321171, NORM
57.86842041, 0.044903226, 17.5436, 40.8488, 1359.94, 9548.219803, 1048.074143, 695.8062982, 0.109231591, AROSAL
66.9276535, 0.045935483, 17.796, 40.7034, 3509.06, 4362.693497, 548.2920135, 320.3156759, 0.182364679, NORM
61.11538391, 0.049935484, 17.8238, 40.52, 1700.54, 4121.533081, 524.6805813, 321.1767847, 0.188138931, NORM
66.48168259, 0.047978494, 17.2864, 42.1578, 4243.82, 10950.02054, 1581.991381, 481.3748679, 0.054981498, AROSAL
62.19230766, 0.042451612, 17.3248, 41.7788, 1927.58, 2919.496658, 360.8726474, 169.1150903, 0.281714963, AROSAL
57.18421059, 0.045354839, 17.486, 41.2332, 2621.36, 18078.0144, 1291.282354, 551.5238679, 0.136244243, NORM
63.64102478, 0.068645164, 17.724, 40.8816, 4617.52, 21181.68806, 2367.663881, 1207.47645, 0.047482145, AROSAL
60.60256424, 0.044903226, 18.1808, 40.5144, 3676.2, 15617.73747, 1553.24724, 934.7435033, 0.081347985, AROSAL
59.32253723, 0.045290322, 18.2662, 40.5816, 3786.56, 15351.65564, 1528.336956, 858.3512376, 0.082589884, AROSAL
62.4615387, 0.069677421, 19.8124, 36.905, 12157.54, 9097.290176, 1037.331213, 822.8061385, 0.106239745, NORM
60.65182228, 0.049354837, 24.6002, 31.4582, 1352.06, 3357.720444, 472.1600507, 259.2200387, 0.189267446, AROSAL
59.80701752, 0.049032258, 24.4116, 31.5764, 1538.12, 3316.957077, 467.4217193, 246.0321917, 0.190779602, AROSAL
61.34615479, 0.04767742, 24.1464, 32.0702, 2220.86, 3135.828445, 448.1708702, 240.6897728, 0.196189115, AROSAL
55.07456137, 0.050946237, 24.2622, 32.2344, 1872.4, 3047.412354, 437.2078671, 231.8402919, 0.200338839, AROSAL
57.73684196, 0.04864516, 24.3438, 31.987, 1885.0, 3003.228561, 432.1739949, 231.0828473, 0.202060298, AROSAL
56.34210548, 0.050387096, 24.3534, 31.8938, 1916.54, 2967.921295, 427.9753244, 232.8389317, 0.20362204, AROSAL
60.75303726, 0.047354836, 24.315, 31.736, 2184.6, 2920.837875, 423.6434831, 220.6520392, 0.204510804, AROSAL
61.97435951, 0.048129031, 24.002, 31.5678, 2045.84, 2819.8246, 409.6901478, 229.0161324, 0.211115888, AROSAL
62.22222392, 0.047225804, 23.7322, 31.6248, 1821.94, 2820.998718, 411.2053543, 225.4853926, 0.209650176, AROSAL
60.56230265, 0.049849462, 22.8434, 33.0636, 4991.2, 2518.086533, 386.9763452, 186.5930517, 0.211305926, AROSAL
58.78947372, 0.049548387, 22.705, 34.3076, 1516.06, 3122.790482, 708.9103855, 321.8223052, 0.078085435, AROSAL
59.48447952, 0.048980645, 22.6186, 34.2864, 2575.62, 3322.099487, 553.7913033, 341.8148063, 0.1361226, AROSAL
62.11538467, 0.057290322, 22.6282, 34.4396, 8023.3, 3524.880325, 585.8220414, 356.8207337, 0.129069261, AROSAL
60.90665754, 0.090387095, 22.824, 34.4716, 9691.48, 3846.023849, 356.6492221, 178.9691705, 0.379961221, AROSAL
54.48026276, 0.052645159, 23.0208, 34.4834, 7707.94, 3973.923035, 365.8333527, 191.0530706, 0.373132194, AROSAL
57.49342056, 0.047561288, 23.3232, 34.505, 8726.54, 4167.804398, 366.6201972, 186.2995078, 0.389658738, AROSAL
61.54700979, 0.047870966, 23.9972, 32.6394, 1411.98, 5447.986557, 708.1006231, 497.5108022, 0.136538755, AROSAL
62.52564125, 0.045677419, 23.4192, 32.8352, 2886.24, 9064.394089, 1605.017444, 1034.0842, 0.044216985, NORM
55.54385986, 0.058365592, 22.7434, 34.6696, 3611.52, 7329.381851, 1265.027402, 791.722092, 0.057554243, AROSAL
66.25238342, 0.047677419, 22.5562, 35.1488, 5385.4, 8204.975235, 1112.325656, 717.1325947, 0.083334192, AROSAL
61.29487267, 0.04335484, 23.208, 36.4548, 6648.4, 8248.863266, 1026.229527, 792.8596631, 0.09842716, AROSAL
57.28947372, 0.04516129, 22.6616, 35.5224, 4989.64, 21785.71443, 2714.20822, 1940.556384, 0.037161681, AROSAL
62.13675232, 0.056602148, 23.2272, 34.7154, 4638.0, 6107.725174, 854.3554045, 642.0423734, 0.10515071, AROSAL
63.74481125, 0.066924733, 23.3424, 34.314, 2722.26, 6077.39389, 834.5599789, 626.7353843, 0.109650885, AROSAL
56.15789363, 0.05535484, 23.208, 34.6204, 2219.28, 5862.918167, 818.2130973, 633.5319899, 0.110050202, AROSAL
57.48223063, 0.047569893, 23.2224, 34.6816, 2170.4, 15257.61072, 2148.204367, 1206.308293, 0.041547529, AROSAL
60.74358902, 0.043096776, 23.0016, 34.7006, 2143.58, 1615.315674, 265.2694879, 88.72415192, 0.288464699, AROSAL
58.3353569, 0.049290322, 22.8576, 35.065, 3092.82, 1417.263382, 244.6246071, 89.96570957, 0.297618654, AROSAL
55.94869067, 0.046602149, 22.5946, 35.569, 1796.72, 1388.805435, 267.3551244, 107.755157, 0.244159848, AROSAL
55.73684235, 0.044709678, 21.7904, 37.3928, 1754.14, 1873.197845, 443.0643946, 156.0443855, 0.119911217, AROSAL
64.2902916, 0.04483871, 22.6618, 35.3108, 8031.2, 16591.36649, 1998.945721, 1411.778082, 0.052178311, AROSAL
62.8782052, 0.049935482, 22.6234, 35.2278, 7375.26, 9122.123199, 1036.100118, 831.9636055, 0.106783057, AROSAL
65.14975128, 0.04516129, 22.6714, 35.1136, 7900.3, 9102.410034, 1038.548068, 828.2577504, 0.106050582, AROSAL
60.01214523, 0.043612905, 23.3184, 34.1524, 7935.0, 9394.24733, 1044.580139, 698.9370447, 0.1081903, AROSAL
58.58012848, 0.043483872, 23.3952, 34.239, 8573.58, 9459.28595, 1045.317611, 697.0621074, 0.108785668, AROSAL
63.75091705, 0.065247311, 23.5402, 33.8866, 7810.44, 9908.115204, 1050.995517, 788.1233759, 0.112719534, AROSAL
65.21978149, 0.047548387, 23.833, 33.7136, 6987.4, 9900.172363, 1065.33816, 794.5987042, 0.109616935, AROSAL
64.43956146, 0.044709676, 23.5738, 33.2294, 1937.02, 4275.976349, 538.3978222, 320.9647876, 0.185369624, AROSAL
62.58974304, 0.093935477, 23.4144, 33.7352, 2987.16, 4039.99939, 629.744786, 372.9809389, 0.128015337, AROSAL
56.42105255, 0.04443871, 23.4288, 34.156, 2585.08, 3850.819031, 488.9431769, 311.3516696, 0.202416632, AROSAL
62.78204994, 0.047419356, 23.1072, 34.5246, 7156.08, 8002.919388, 1503.669483, 756.0940337, 0.044478848, AROSAL
64.94413961, 0.043505378, 23.2704, 34.1678, 5919.9, 4900.049454, 977.1444268, 795.9872821, 0.064490064, AROSAL
63.61660563, 0.049419355, 23.6506, 33.2902, 7301.14, 3266.540985, 390.6337385, 193.0392748, 0.269003838, AROSAL
62.94871826, 0.0547957, 24.4408, 31.8746, 7739.48, 12691.43449, 1883.837832, 1462.866856, 0.04494005, AROSAL
62.70970535, 0.068322579, 24.4166, 32.161, 4194.96, 9105.543228, 1035.2995, 829.8216836, 0.106753892, AROSAL
57.5164196, 0.052580645, 24.997, 30.0558, 2045.84, 2528.860855, 392.6939597, 200.115329, 0.206075497, NORM
60.5998661, 0.090193548, 24.1268, 31.8606, 8132.1, 8513.122787, 1401.788024, 800.3521868, 0.054442, NORM
66.38340963, 0.069290322, 24.1172, 31.7056, 7681.16, 3822.274765, 492.8174673, 290.6805442, 0.197769621, NORM
52.95454545, 0.076516128, 24.9632, 30.6268, 1315.78, 5393.97348, 699.9668257, 494.8959091, 0.138345092, NORM
56.13157921, 0.047139783, 24.383, 31.6478, 1825.1, 4773.034744, 614.9779296, 421.8013069, 0.158593506, NORM
56.64912389, 0.061075267, 24.3486, 31.5172, 1746.26, 4612.953171, 602.0113708, 411.8770462, 0.15994826, NORM
54.375, 0.059419355, 24.5666, 32.8044, 4324.24, 8732.76442, 1079.859067, 809.5463884, 0.094108196, NORM
59.99055405, 0.050012901, 24.75, 32.1766, 4369.94, 8732.76442, 1079.859067, 809.5463884, 0.094108196, AROSAL
58.46963615, 0.070064513, 24.7596, 31.344, 4407.8, 19865.82089, 2712.86113, 1649.916699, 0.033920423, NORM
66.19828924, 0.073677418, 24.895, 31.3154, 4012.06, 10659.13885, 1721.501699, 1254.957908, 0.045197777, NORM
58.89338722, 0.057870965, 24.6434, 30.8764, 3701.42, 5908.763046, 813.0329466, 598.4705682, 0.112328549, AROSAL
59.15789515, 0.050150536, 24.7066, 30.9288, 4012.04, 1645.968063, 268.8547285, 87.99535244, 0.286151423, AROSAL
58.0937912, 0.056258062, 24.7452, 31.134, 3808.64, 1570.02037, 260.8942064, 84.20423509, 0.289858661, AROSAL
60.56949997, 0.049526882, 24.7404, 31.645, 3444.4, 1547.137207, 256.6398212, 86.47700506, 0.2951825, AROSAL
55.2631588, 0.055806451, 24.5372, 32.2454, 3289.92, 1873.197845, 443.0643946, 156.0443855, 0.119911217, AROSAL
56.17543793, 0.050408601, 25.0696, 31.0542, 4434.6, 1888.142349, 502.5531536, 341.2218087, 0.093946497, AROSAL
68.70211792, 0.078516129, 25.0356, 30.3022, 8666.6, 2828.504593, 610.8027081, 255.2299657, 0.095271904, AROSAL
64.84652283, 0.066387095, 24.7982, 30.4106, 6635.76, 9645.646957, 1306.610612, 815.6503042, 0.070998449, AROSAL
69.43174744, 0.067290321, 24.6722, 30.818, 8578.32, 9113.978561, 1037.884575, 833.2960575, 0.106321171, NORM
58.14979706, 0.049462364, 25.05, 30.9308, 7548.68, 9432.126877, 1044.663553, 702.7801449, 0.108609199, AROSAL
54.6875, 0.073806449, 25.1956, 30.8354, 7375.24, 9394.24733, 1044.580139, 698.9370447, 0.1081903, NORM
66.16269989, 0.099892473, 25.4428, 30.14, 6132.78, 10669.19955, 1219.71743, 878.4894382, 0.090120427, NORM
58.0695015, 0.063870967, 26.7098, 28.2994, 11198.88, 10270.00999, 1157.180522, 792.3228187, 0.096378131, AROSAL
62.82051277, 0.103935483, 26.49, 28.2618, 4256.44, 4334.779327, 544.9933154, 328.0388132, 0.183397963, AROSAL
62.57557411, 0.059419353, 26.3678, 28.3748, 3378.2, 4234.364548, 533.4354455, 333.9301931, 0.186996883, AROSAL
69.08357964, 0.10683871, 25.9142, 28.9782, 4409.4, 3943.386627, 493.5752763, 310.7479722, 0.20341006, AROSAL
55.32631607, 0.064129031, 26.2264, 29.0106, 3744.0, 3985.707047, 538.6806117, 335.3146808, 0.172604673, AROSAL
59.44062131, 0.056516131, 26.353, 28.5168, 4358.94, 3985.707047, 538.6806117, 335.3146808, 0.172604673, NORM
63.06837552, 0.052193548, 25.8318, 29.053, 3639.94, 10950.02054, 1581.991381, 481.3748679, 0.054981498, AROSAL
61.53351339, 0.048602149, 24.5516, 31.3194, 2693.86, 2902.955765, 334.0011657, 175.670605, 0.327004943, AROSAL
64.47313944, 0.064387096, 25.137, 30.6214, 3433.38, 17981.47408, 1597.57397, 858.1502055, 0.088534636, AROSAL
66.53229599, 0.096064511, 25.768, 29.6318, 6353.52, 2878.509628, 347.7689547, 156.1588671, 0.299085894, AROSAL
64.42490845, 0.054387095, 26.0216, 29.089, 5880.5, 3316.072525, 501.3046567, 272.5678066, 0.165817517, AROSAL
62.28205261, 0.051483869, 26.0608, 29.0786, 7007.88, 3592.833405, 781.2376662, 553.6248888, 0.073974254, AROSAL
64.66483765, 0.066709674, 16.3296, 33.9532, 15169.12, 3086.786118, 440.967858, 230.8523117, 0.199481457, NORM
53.30208333, 0.046795697, 16.9486, 32.6616, 13940.84, 2707.192215, 398.3641821, 206.0868118, 0.214372163, NORM
65.26129659, 0.086021502, 17.905, 31.9708, 17001.32, 2571.111496, 405.5176619, 205.3414032, 0.196476777, NORM
62.87179451, 0.091096774, 18.7756, 28.887, 15298.42, 3056.566681, 578.2399095, 383.9972726, 0.114875552, NORM
55.26315727, 0.058774192, 19.436, 28.4128, 2835.8, 4042.222351, 363.5939909, 185.7937327, 0.384234776, NORM
56.15789413, 0.050903225, 19.5176, 28.4858, 2816.86, 4333.322952, 373.6676626, 183.4871828, 0.389995765, NORM
58.98088989, 0.047741934, 18.985, 28.2562, 2583.52, 5417.22551, 706.2353795, 467.1270213, 0.136485916, NORM
55.40721931, 0.066193547, 18.1334, 28.8544, 3608.4, 5943.269852, 959.8439266, 700.9478286, 0.081065128, NORM
61.17948761, 0.050064516, 17.819, 30.8798, 7048.88, 4657.733734, 608.9737766, 408.5185945, 0.157829194, NORM
59.17881241, 0.053806453, 18.1522, 29.7212, 5396.42, 5067.939453, 645.9696526, 476.4994194, 0.152621969, NORM
53.17916667, 0.053634409, 18.1194, 30.5212, 2570.88, 8522.591888, 1023.716115, 766.8836055, 0.102193312, NORM
64.02197838, 0.058516128, 18.2332, 29.688, 3023.42, 5994.397171, 830.1933371, 613.9162175, 0.109294144, NORM
60.0467837, 0.060129031, 16.8726, 32.2606, 1711.56, 5851.256027, 821.5335156, 634.2568582, 0.108945274, NORM
60.89743538, 0.058, 17.5912, 30.5096, 1694.24, 1654.911255, 438.8496859, 156.8501489, 0.107982404, NORM
63.68331172, 0.050623654, 16.8058, 32.0244, 4872.98, 1649.651123, 452.4562616, 317.1880721, 0.101262528, NORM
62.03205261, 0.10283871, 16.887, 32.0382, 3015.52, 1554.546158, 283.7828131, 149.7393316, 0.242572356, NORM
61.64102554, 0.10845161, 16.9726, 32.059, 1996.96, 1598.458481, 269.6503028, 149.367234, 0.276254525, NORM
62.02564087, 0.117935483, 16.9678, 32.0454, 2447.92, 1515.439331, 255.5941344, 135.7710701, 0.291505432, NORM
63.50183182, 0.086580644, 16.906, 31.7306, 6779.24, 8055.48732, 1780.554756, 1079.182648, 0.031929419, NORM
59.73909225, 0.078301072, 17.1438, 30.6296, 2902.0, 9537.968124, 1047.806681, 687.5577292, 0.109170024, NORM
62.30769145, 0.07423656, 17.0296, 30.0448, 2088.42, 4203.44191, 551.8934153, 356.5997943, 0.173422119, NORM
63.478022, 0.075677417, 17.0388, 30.4294, 2351.72, 3779.544128, 521.2674714, 326.6599561, 0.174794609, NORM
65.47130966, 0.125763439, 16.201, 32.364, 7383.1, 14436.0423, 1985.01785, 1182.869263, 0.046039349, NORM
55.02192942, 0.06645161, 22.7338, 22.1354, 1594.88, 2642.637512, 390.5669659, 226.4940211, 0.217699005, AROSAL
59.63022995, 0.086258063, 20.531, 24.7972, 2328.06, 3732.779922, 457.7464198, 291.2689016, 0.223868164, NORM
60.15159607, 0.247225805, 20.8746, 24.5434, 11411.74, 8768.522034, 1442.654309, 858.2146681, 0.052943385, NORM
59.63022893, 0.058322579, 20.7268, 24.9602, 11348.68, 3361.053635, 390.9698179, 222.1997608, 0.276311425, AROSAL
54.0625, 0.061161289, 21.0416, 24.3378, 9152.24, 4042.222351, 363.5939909, 185.7937327, 0.384234776, AROSAL
59.72469711, 0.093032259, 18.6706, 27.5486, 1285.86, 4814.882645, 615.9570041, 407.1879383, 0.159475794, AROSAL
60.17858785, 0.097376349, 18.5756, 28.1966, 1897.62, 8370.078094, 1048.888554, 808.3228238, 0.095605017, AROSAL
57.88950844, 0.059290322, 18.9084, 26.7826, 3047.06, 8796.603455, 1069.331132, 820.9213937, 0.096671945, AROSAL
60.29352188, 0.04916129, 18.6802, 29.2858, 3121.16, 21484.71613, 2715.384874, 1969.477034, 0.036616489, NORM
56.63157768, 0.071096773, 19.0464, 27.3302, 2121.52, 5963.842911, 827.8968773, 657.7545296, 0.109341133, AROSAL
53.265625, 0.101935482, 19.1558, 27.4322, 2086.86, 5963.842911, 827.8968773, 657.7545296, 0.109341133, AROSAL
62.11538506, 0.101096776, 18.371, 28.6408, 2796.34, 1511.496674, 253.4728025, 88.9223392, 0.295633964, AROSAL
57.30566902, 0.066645158, 18.195, 28.953, 2763.28, 1388.805435, 267.3551244, 107.755157, 0.244159848, AROSAL
61.81675415, 0.095806454, 19.2034, 27.0266, 4278.5, 1517.006393, 502.3466525, 221.7025475, 0.075542308, AROSAL
59.01619441, 0.074473119, 18.5944, 27.0874, 3425.48, 1327.761505, 208.895056, 113.3295656, 0.382361022, AROSAL
55.86842155, 0.066193549, 18.8086, 27.3986, 6804.48, 2113.712585, 287.1117067, 144.5507027, 0.322221115, AROSAL
58.36842117, 0.071161292, 18.8704, 27.2494, 6859.64, 8055.48732, 1780.554756, 1079.182648, 0.031929419, NORM
58.0701767, 0.067698926, 18.8372, 27.079, 6851.74, 8055.48732, 1780.554756, 1079.182648, 0.031929419, AROSAL
55.8421051, 0.061935484, 19.5792, 26.867, 9693.08, 9447.332275, 1044.647468, 706.0284778, 0.108787637, NORM
57.67543983, 0.092193551, 19.6744, 26.6458, 9477.06, 9447.332275, 1044.647468, 706.0284778, 0.108787637, NORM
62.43589783, 0.172387096, 19.7652, 25.824, 9417.16, 9949.959259, 1069.306981, 770.0581036, 0.109351907, AROSAL
64.27716777, 0.082408601, 19.6362, 25.9626, 2873.64, 6457.314331, 989.0805555, 611.5189345, 0.082946576, NORM
63.63644829, 0.066000001, 19.108, 27.0464, 2679.7, 4238.811768, 632.480708, 351.2602617, 0.133155598, NORM
68.28358765, 0.082580642, 18.3996, 28.1092, 1791.98, 2977.948807, 338.6455689, 174.7546881, 0.326314443, NORM
64.31684875, 0.071419355, 18.6374, 27.6866, 4231.22, 19499.26257, 1607.767888, 840.5864417, 0.094794109, AROSAL
65.48034261, 0.059913977, 18.4804, 28.0218, 4002.56, 4458.621948, 645.5602301, 458.2132346, 0.134442623, NORM
63.05841573, 0.060946238, 19.4696, 26.7584, 7947.64, 7632.955048, 1430.46958, 763.8952334, 0.046875435, NORM
62.01282005, 0.162129033, 19.8834, 26.4798, 10271.74, 3422.306076, 509.4550271, 305.4930573, 0.165697902, NORM
58.71336975, 0.059354838, 20.5218, 26.4404, 5910.44, 6353.474014, 1062.927138, 800.2617878, 0.070666589, AROSAL
60.87584419, 0.059290321, 21.089, 25.2032, 5177.26, 7644.66304, 1110.231687, 812.9986125, 0.077936514, NORM
66.64590963, 0.07083871, 21.819, 24.9094, 7897.18, 7571.846725, 1102.900652, 783.3195527, 0.078223797, NORM
59.09649048, 0.058752689, 21.404, 23.4024, 9139.64, 9102.159683, 1038.607287, 828.1835639, 0.106035572, NORM
62.48717918, 0.073870964, 20.3834, 25.3556, 9046.62, 9447.332275, 1044.647468, 706.0284778, 0.108787637, NORM
