@relation esum_filtered_keel_nom
@attribute Sound real [46.22267342, 79.2527832]
@attribute Dust real [0.02916129, 0.39787096]
@attribute TempEN real [10.521, 26.891]
@attribute RH real [17.24, 60.8856]
@attribute Light real [287.76, 32280.1]
@attribute Area real [1274.667603, 36208.28889]
@attribute Perimeter real [205.8863296, 2834.509892]
@attribute Occlusivity real [84.20423509, 2375.982044]
@attribute Compactness real [0.022584873, 0.402656985]
@attribute EDA_label {AROSAL, NORM}
@inputs Sound, Dust, TempEN, RH, Light, Area, Perimeter, Occlusivity, Compactness
@outputs EDA_label
@data
55.73026326, 0.039870967, 19.4936, 32.0988, 2080.54, 2777.109253, 406.9191399, 217.3479957, 0.210759225, NORM
57.33333333, 0.059612903, 18.3852, 33.8512, 2745.88, 2062.058716, 431.1079793, 252.8914476, 0.139424395, NORM
57.34210612, 0.048645161, 18.3474, 33.8544, 2348.56, 2118.109177, 429.1978464, 254.7048409, 0.144491779, NORM
61.1623937, 0.041333333, 14.4188, 42.0202, 1405.7, 5315.946228, 696.6753215, 475.4245799, 0.137635223, NORM
59.68826027, 0.052451611, 14.1124, 43.2422, 1388.34, 5391.870239, 733.6308862, 486.236393, 0.125890826, NORM
57.62753143, 0.042129032, 14.05, 44.343, 1412.0, 9591.529037, 1684.06532, 983.3388583, 0.042499111, NORM
68.13095169, 0.125612906, 14.1556, 45.5346, 1419.88, 10653.80118, 1686.091908, 976.0412903, 0.047092524, NORM
57.81511574, 0.038580645, 14.697, 43.4124, 2064.76, 13236.00783, 1693.257577, 1019.931389, 0.058012399, NORM
56.40232849, 0.045419356, 14.6922, 43.0078, 2023.76, 13236.00783, 1693.257577, 1019.931389, 0.058012399, NORM
57.5, 0.061032258, 14.457, 41.879, 1815.64, 5419.163544, 777.1735835, 569.660546, 0.112747277, NORM
57.26315842, 0.039548388, 14.29, 43.4278, 1240.1, 8780.663574, 1053.738199, 824.8364676, 0.099373767, NORM
59.21862361, 0.05492473, 14.146, 43.2848, 3132.24, 8650.410263, 1059.449695, 800.9415447, 0.096846937, NORM
57.15789566, 0.037419355, 14.1076, 43.2294, 2211.38, 8755.084915, 1074.49868, 821.3389178, 0.095292441, NORM
60.82051147, 0.084645158, 13.8484, 44.2808, 1758.86, 21785.71443, 2714.20822, 1940.556384, 0.037161681, NORM
61.56140442, 0.046709677, 13.502, 44.7154, 2586.68, 19865.82089, 2712.86113, 1649.916699, 0.033920423, NORM
58.16734161, 0.042967741, 13.512, 44.4852, 2301.24, 12091.94945, 1714.43857, 1251.344639, 0.051696642, NORM
61.08205093, 0.056903225, 13.4298, 44.7316, 1962.28, 5994.397171, 830.1933371, 613.9162175, 0.109294144, NORM
60.08322067, 0.04864516, 13.2042, 45.4044, 1621.68, 5866.321075, 806.8020082, 616.9755003, 0.113250923, NORM
61.83333359, 0.040903224, 13.209, 45.1924, 1754.14, 5973.195435, 1049.089269, 779.1365618, 0.06820115, NORM
56.12820511, 0.041354839, 12.7366, 46.324, 2416.36, 1654.911255, 438.8496859, 156.8501489, 0.107982404, NORM
58.92555097, 0.044537635, 12.751, 46.2762, 2993.48, 1387.820175, 236.2008809, 120.4230331, 0.312593566, AROSAL
63.93131816, 0.040967741, 12.8134, 46.1104, 3662.0, 8055.48732, 1780.554756, 1079.182648, 0.031929419, NORM
65.20879211, 0.045956989, 12.9488, 45.8968, 2641.86, 9078.460266, 1034.706327, 822.6372752, 0.10655844, NORM
64.43131905, 0.07064516, 13.0016, 45.797, 3207.9, 9447.332275, 1044.647468, 706.0284778, 0.108787637, NORM
65.32142944, 0.052709677, 13.1514, 45.7164, 3073.9, 9858.853302, 1050.883095, 798.8614922, 0.112183105, NORM
59.68151194, 0.0472, 13.0112, 46.228, 1653.2, 3850.819031, 488.9431769, 311.3516696, 0.202416632, NORM
57.94736938, 0.056258067, 12.944, 45.983, 2304.42, 3850.819031, 488.9431769, 311.3516696, 0.202416632, NORM
61.62955627, 0.046064517, 12.881, 46.1622, 2499.96, 3850.819031, 488.9431769, 311.3516696, 0.202416632, NORM
58.38191579, 0.068795698, 12.8038, 46.4636, 2529.9, 4136.27388, 549.0942909, 342.4609036, 0.17239525, NORM
59.45951347, 0.037870968, 12.6832, 46.5974, 1971.72, 3707.205521, 459.7813127, 276.167446, 0.220370723, NORM
63.13675156, 0.071548385, 12.654, 46.4572, 1913.4, 2883.640381, 353.0781183, 163.2523057, 0.290676121, NORM
60.24693044, 0.048361289, 12.5868, 47.379, 1355.22, 4468.130707, 578.6943911, 347.9572928, 0.167662982, NORM
55.29824626, 0.042021504, 12.582, 47.2978, 1705.26, 4468.130707, 578.6943911, 347.9572928, 0.167662982, NORM
58.88933907, 0.057725805, 12.606, 47.4496, 2026.92, 4464.094498, 574.8837786, 358.4909925, 0.169739584, NORM
56.98245646, 0.051935482, 12.6204, 47.4824, 1599.62, 4507.358246, 606.2995828, 362.2916962, 0.15408395, NORM
59.86167221, 0.054709676, 12.6684, 46.9552, 636.22, 6353.474014, 1062.927138, 800.2617878, 0.070666589, NORM
62.9230751, 0.045096773, 12.678, 47.0618, 817.56, 9082.113083, 1036.312399, 826.765688, 0.10627115, NORM
62.92307549, 0.075419355, 19.4318, 29.3208, 546.32, 2875.740128, 418.7393443, 220.670666, 0.20609714, AROSAL
60.73144341, 0.050709675, 18.7944, 30.5192, 735.56, 2672.965866, 393.3427641, 221.0833502, 0.217100561, AROSAL
61.21862386, 0.043698923, 18.4044, 31.2748, 661.46, 3500.370682, 757.504976, 364.9415686, 0.076657195, AROSAL
60.93589821, 0.036903226, 18.195, 31.7194, 686.68, 1865.179535, 437.9570628, 250.3884327, 0.122198939, AROSAL
60.97435913, 0.075225806, 18.1616, 31.7496, 792.3, 2118.109177, 429.1978464, 254.7048409, 0.144491779, AROSAL
61.16666603, 0.059741935, 17.5102, 32.7258, 618.86, 4689.393539, 872.7215514, 467.4604531, 0.077370454, AROSAL
60.09514008, 0.047225806, 17.3392, 33.4518, 609.4, 3757.950974, 543.5904833, 323.96712, 0.159814906, AROSAL
52.1875, 0.05905376, 16.9198, 33.9308, 669.32, 3846.023849, 356.6492221, 178.9691705, 0.379961221, AROSAL
62.94780312, 0.0796129, 14.3514, 39.5962, 558.96, 6107.725174, 854.3554045, 642.0423734, 0.10515071, AROSAL
61.79487305, 0.03916129, 14.3562, 39.4946, 565.28, 6221.416183, 845.3615981, 652.953307, 0.109399185, AROSAL
63.55128136, 0.080645162, 14.1556, 39.849, 513.24, 5895.887115, 825.039217, 654.8882832, 0.10884534, AROSAL
61.25640945, 0.041290321, 13.9588, 40.8644, 525.88, 1615.315674, 265.2694879, 88.72415192, 0.288464699, NORM
61.74359055, 0.051187096, 13.5892, 41.4382, 536.88, 1300.803024, 224.1092199, 116.9474031, 0.325463248, NORM
61.18803457, 0.06223656, 13.449, 41.8838, 707.18, 1578.3797, 225.0002323, 121.0043412, 0.391791868, AROSAL
62.43101336, 0.054408602, 13.1946, 43.2288, 659.86, 10411.96289, 1252.669913, 799.8322402, 0.0833814, AROSAL
62.10256488, 0.068881723, 12.8518, 44.0106, 669.36, 3716.819138, 423.6329204, 217.7130861, 0.260256682, AROSAL
65.60073318, 0.042967742, 12.871, 43.605, 631.5, 3410.305161, 373.6571132, 182.714175, 0.306942197, AROSAL
63.70512962, 0.075548389, 12.8086, 44.6124, 434.4, 4584.809998, 595.9627486, 365.3529883, 0.162215735, AROSAL
63.28205007, 0.055096773, 12.881, 44.0826, 456.48, 14436.0423, 1985.01785, 1182.869263, 0.046039349, AROSAL
63.65384598, 0.042193549, 12.896, 44.0346, 462.76, 4073.579498, 960.5526546, 716.66562, 0.055480927, AROSAL
61.20197906, 0.03683871, 15.6618, 41.3866, 2624.5, 2642.637512, 390.5669659, 226.4940211, 0.217699005, AROSAL
63.31867956, 0.047569891, 14.1652, 45.028, 3579.98, 3524.880325, 585.8220414, 356.8207337, 0.129069261, NORM
61.53846054, 0.035432259, 14.1028, 45.5716, 3288.34, 9493.668137, 1410.784176, 824.9203824, 0.05994083, NORM
59.87179527, 0.035806452, 13.161, 47.7252, 2019.02, 9013.399063, 1675.893605, 845.2877782, 0.040327897, NORM
70.60285645, 0.046709676, 13.132, 47.238, 2113.64, 9013.399063, 1675.893605, 845.2877782, 0.040327897, NORM
60.42779884, 0.035935485, 12.5484, 50.0738, 4855.62, 13236.00783, 1693.257577, 1019.931389, 0.058012399, NORM
58.68420944, 0.034258064, 12.5628, 48.9628, 4349.46, 9064.394089, 1605.017444, 1034.0842, 0.044216985, NORM
58.18421059, 0.045354838, 12.389, 49.9108, 2633.98, 5119.370865, 760.0061038, 580.5422287, 0.111376174, NORM
61.94645271, 0.032129032, 12.364, 49.9932, 2526.76, 8429.013962, 1185.735105, 767.217699, 0.075337513, NORM
61.81196442, 0.059268819, 12.3112, 50.5254, 2449.5, 8651.739807, 1056.100442, 664.7493103, 0.097477159, NORM
56.28070246, 0.066193548, 12.0496, 50.8626, 4606.48, 8248.863266, 1026.229527, 792.8596631, 0.09842716, NORM
55.51973686, 0.043204301, 11.9962, 50.9104, 4581.24, 8522.591888, 1023.716115, 766.8836055, 0.102193312, NORM
57.47166061, 0.03232258, 12.025, 50.627, 4127.18, 8427.496796, 1026.131925, 792.5241002, 0.100577784, NORM
61.46298447, 0.032774195, 11.8752, 51.79, 2512.54, 20605.18929, 2708.031736, 1953.212639, 0.035308476, NORM
57.86842181, 0.033096774, 11.71, 52.3138, 2022.2, 5963.842911, 827.8968773, 657.7545296, 0.109341133, NORM
58.86842041, 0.032193547, 11.492, 53.506, 3409.72, 1547.137207, 256.6398212, 86.47700506, 0.2951825, NORM
61.07692312, 0.032086021, 11.399, 53.4806, 3354.54, 1379.906677, 242.9330804, 91.1183656, 0.293823323, NORM
60.41295624, 0.03548387, 11.263, 53.189, 2733.28, 1600.415421, 282.80332, 153.8780168, 0.251462706, NORM
59.53981018, 0.031741935, 11.0972, 54.6482, 2879.94, 1743.673645, 240.4385509, 126.0600254, 0.379024134, NORM
56.68420944, 0.029290322, 11.0242, 54.9254, 4680.6, 9645.646957, 1306.610612, 815.6503042, 0.070998449, NORM
56.17543818, 0.030193548, 10.9752, 55.0082, 4745.22, 17057.49397, 1989.204072, 1469.373424, 0.054170945, NORM
57.7456131, 0.033440859, 10.9464, 55.07, 4053.04, 17060.54555, 2011.639029, 1423.737678, 0.052978868, NORM
63.26923027, 0.036967742, 10.8878, 55.1628, 2181.42, 9209.96814, 1115.047044, 899.0563862, 0.093085409, NORM
56.57557373, 0.029251612, 10.883, 54.826, 2340.7, 9104.848297, 1037.240839, 821.5556843, 0.106346539, NORM
54.73026276, 0.043741936, 10.858, 55.291, 2599.26, 9102.159683, 1038.607287, 828.1835639, 0.106035572, NORM
58.59649251, 0.040593547, 10.8388, 55.4258, 1914.96, 9102.159683, 1038.607287, 828.1835639, 0.106035572, AROSAL
57.93859749, 0.049376343, 10.834, 55.497, 2466.8, 9432.126877, 1044.663553, 702.7801449, 0.108609199, AROSAL
60.84615479, 0.044645159, 10.81, 55.529, 1337.86, 9908.115204, 1050.995517, 788.1233759, 0.112719534, AROSAL
62.05128326, 0.052516127, 10.81, 55.457, 1407.26, 9050.744339, 1048.817712, 804.0495747, 0.103393714, NORM
61.41025696, 0.04832258, 10.761, 56.251, 4144.48, 4411.402527, 553.0118064, 355.288211, 0.181266582, NORM
59.96288948, 0.035870968, 10.663, 56.3914, 3647.8, 3985.707047, 538.6806117, 335.3146808, 0.172604673, NORM
67.49419861, 0.031677418, 10.761, 55.958, 3059.68, 15606.5126, 1707.672922, 940.526661, 0.067252177, NORM
65.14102478, 0.062709675, 10.687, 56.753, 2077.38, 17041.38597, 1335.939718, 579.3515015, 0.119988895, AROSAL
65.65567703, 0.04980645, 10.692, 56.7714, 2285.5, 15351.65564, 1528.336956, 858.3512376, 0.082589884, AROSAL
61.35897446, 0.061367741, 10.736, 56.522, 2578.8, 4458.621948, 645.5602301, 458.2132346, 0.134442623, AROSAL
62.30769386, 0.045935482, 10.6872, 56.622, 2331.22, 5074.70137, 701.073936, 438.5726257, 0.129745622, AROSAL
62.98290532, 0.034408602, 10.6284, 57.0894, 2291.8, 3168.904755, 386.7807528, 202.1950329, 0.266188532, AROSAL
61.79487076, 0.075096774, 10.712, 56.214, 1856.62, 3283.061508, 663.8542674, 456.2304895, 0.093614556, AROSAL
59.67071533, 0.034735484, 10.565, 56.8292, 1738.36, 4073.579498, 960.5526546, 716.66562, 0.055480927, AROSAL
53.58290558, 0.030967742, 14.0748, 30.618, 2387.22, 3357.720444, 472.1600507, 259.2200387, 0.189267446, NORM
58.85829849, 0.037962648, 17.1866, 38.964, 3534.3, 2707.192215, 398.3641821, 206.0868118, 0.214372163, NORM
62.42307663, 0.088387096, 15.9768, 42.021, 4101.92, 2672.965866, 393.3427641, 221.0833502, 0.217100561, AROSAL
61.57265015, 0.036688172, 14.9024, 44.0616, 4146.06, 1865.179535, 437.9570628, 250.3884327, 0.122198939, NORM
61.08299561, 0.037677418, 14.7924, 44.4512, 7222.32, 3386.889023, 555.3306076, 314.9627067, 0.138009064, NORM
60.49999886, 0.044129032, 14.2228, 44.6278, 4310.04, 3796.511719, 359.2821896, 200.3579607, 0.369592569, NORM
55.57456131, 0.039931183, 13.8484, 46.4398, 3241.02, 4042.222351, 363.5939909, 185.7937327, 0.384234776, NORM
60.84142952, 0.03567742, 12.9056, 48.0326, 6801.32, 5603.813736, 757.4586566, 526.3962681, 0.122737052, NORM
59.7246961, 0.031827955, 12.7462, 47.839, 6700.4, 4612.953171, 602.0113708, 411.8770462, 0.15994826, NORM
65.51025696, 0.041548387, 18.3664, 33.8626, 1766.76, 3357.720444, 472.1600507, 259.2200387, 0.189267446, NORM
55.65263153, 0.037367741, 17.4626, 34.42, 2048.98, 2819.8246, 409.6901478, 229.0161324, 0.211115888, AROSAL
58.60526276, 0.045677419, 16.7204, 36.7696, 2883.08, 2741.352905, 403.526802, 223.8515479, 0.211558286, NORM
62.44871826, 0.066064515, 16.4058, 37.6306, 2755.36, 2590.11734, 385.4414932, 219.0401255, 0.219084863, NORM
59.34210587, 0.057096773, 15.6764, 38.5082, 4130.3, 3471.236771, 463.7274887, 295.485983, 0.202846921, NORM
55.28947334, 0.038258065, 15.5282, 39.0702, 3289.92, 3647.832947, 452.547466, 284.2769379, 0.223829091, NORM
58.82456106, 0.072129031, 14.9888, 40.7314, 2943.0, 3795.727982, 363.0956931, 215.0871529, 0.361795158, NORM
56.02859344, 0.053225807, 14.5578, 42.0428, 2116.78, 9013.399063, 1675.893605, 845.2877782, 0.040327897, NORM
60.1605938, 0.060709676, 13.8724, 44.064, 5476.84, 5244.783249, 729.608977, 500.0978272, 0.123810384, NORM
60.56410217, 0.063677418, 13.6804, 44.568, 4847.72, 5603.813736, 757.4586566, 526.3962681, 0.122737052, NORM
58.39001465, 0.059139785, 13.834, 44.1788, 3346.66, 4940.229294, 644.8586243, 449.3381277, 0.149289047, AROSAL
56.73684235, 0.039354839, 13.858, 44.5708, 2274.48, 8750.497086, 1056.348336, 675.4763072, 0.098543568, AROSAL
56.92763214, 0.044774195, 13.8292, 44.3916, 2105.72, 8948.942047, 1057.987607, 635.8643254, 0.100466298, AROSAL
61.0188942, 0.045806451, 13.5988, 44.8088, 5439.02, 8522.591888, 1023.716115, 766.8836055, 0.102193312, NORM
61.62820549, 0.041741935, 13.594, 44.7078, 4327.4, 8419.304214, 1038.13462, 798.8164989, 0.098169983, NORM
61.97435913, 0.049548386, 13.5316, 44.9756, 3874.88, 9427.63826, 1186.571952, 872.4914295, 0.084144284, NORM
54.70394745, 0.04445161, 13.3962, 45.1222, 3272.54, 1570.02037, 260.8942064, 84.20423509, 0.289858661, NORM
58.50067406, 0.058774193, 13.401, 44.916, 3439.7, 1407.377563, 243.6515641, 89.54612642, 0.297907941, NORM
54.70805883, 0.045290322, 13.3578, 44.9108, 4105.08, 1323.738617, 417.7672561, 186.5161052, 0.095311062, NORM
56.04934273, 0.054903227, 13.353, 45.0856, 2744.32, 1599.528732, 281.0186143, 150.7790373, 0.254525755, NORM
67.57142914, 0.06780645, 13.064, 45.2248, 1908.64, 6370.26326, 1796.943568, 1112.196108, 0.024791247, NORM
58.05263023, 0.100516133, 12.9728, 46.2418, 1687.92, 9394.24733, 1044.580139, 698.9370447, 0.1081903, AROSAL
57.23684158, 0.063548387, 12.9536, 46.4016, 2933.54, 9430.942764, 1045.710558, 685.0161518, 0.108378213, AROSAL
56.99999962, 0.038451613, 12.992, 45.9518, 2766.42, 15649.20178, 1965.455876, 1379.275775, 0.05090676, NORM
60.32725983, 0.06296774, 12.992, 46.0332, 2898.88, 6861.415955, 1037.409718, 591.4747867, 0.080116688, NORM
61.94871788, 0.048129031, 13.04, 45.7398, 1596.46, 4039.99939, 629.744786, 372.9809389, 0.128015337, AROSAL
64.16849594, 0.049870968, 12.8614, 46.2156, 1836.12, 6877.30188, 1493.183575, 460.0018655, 0.038761586, NORM
61.37606761, 0.050967742, 12.8662, 46.1976, 1509.74, 2979.101273, 365.8225331, 182.5302799, 0.279739778, NORM
59.80139414, 0.038473117, 12.8662, 46.1418, 2085.26, 2945.576035, 357.800172, 176.4977813, 0.289133898, AROSAL
61.29352226, 0.05948387, 12.799, 46.587, 1443.52, 2919.565689, 332.1037848, 169.3816834, 0.33264459, AROSAL
60.59986534, 0.098967738, 12.8134, 46.6384, 1412.0, 3183.782333, 352.8692675, 176.3944033, 0.321310976, AROSAL
60.37854385, 0.063161291, 12.7126, 46.601, 3446.0, 4718.566208, 568.6947863, 297.8493775, 0.183341772, NORM
63.32661794, 0.081247313, 12.727, 46.6772, 2061.6, 21181.68806, 2367.663881, 1207.47645, 0.047482145, NORM
61.52106285, 0.093483869, 12.5042, 47.1208, 2512.54, 4433.436691, 581.4339397, 383.7492894, 0.16479712, NORM
61.79487305, 0.048903224, 12.534, 47.2236, 1867.64, 4953.854584, 711.3460903, 449.6181731, 0.12302439, NORM
59.27260462, 0.046709676, 12.5484, 47.1138, 1653.22, 3275.066315, 383.2415694, 185.038954, 0.280210718, NORM
57.62033323, 0.033978494, 12.529, 47.1114, 1506.58, 3168.904755, 386.7807528, 202.1950329, 0.266188532, NORM
67.8305851, 0.037870968, 12.519, 47.3084, 1345.76, 2876.500305, 350.7680726, 163.5787812, 0.293788083, AROSAL
60.65856934, 0.051419357, 12.4754, 47.3456, 1861.36, 7571.846725, 1102.900652, 783.3195527, 0.078223797, AROSAL
58.86842155, 0.037225806, 12.4274, 47.4078, 2337.54, 7571.846725, 1102.900652, 783.3195527, 0.078223797, NORM
61.63675283, 0.041978494, 17.3678, 35.9702, 2369.08, 7735.174805, 1187.910121, 609.4185378, 0.068883123, NORM
54.42763176, 0.040387095, 15.9338, 38.9148, 2704.9, 2843.716171, 413.7934294, 213.8970911, 0.208703115, NORM
56.34008102, 0.043974194, 15.8336, 39.6868, 3837.02, 2875.740128, 418.7393443, 220.670666, 0.20609714, NORM
58.94197006, 0.039354838, 15.1078, 40.3874, 3827.56, 3691.187546, 463.4765823, 291.8724514, 0.215933679, NORM
57.42982368, 0.046778495, 14.3852, 42.694, 1905.5, 3464.096512, 403.9707314, 230.7028145, 0.266747308, NORM
57.69230728, 0.03967742, 13.8532, 44.1934, 1337.86, 9013.399063, 1675.893605, 845.2877782, 0.040327897, NORM
57.88866539, 0.114129035, 13.6804, 44.9376, 1397.78, 9013.399063, 1675.893605, 845.2877782, 0.040327897, NORM
52.875, 0.051419357, 13.5266, 45.3506, 2235.04, 5457.617554, 701.2222249, 477.7090253, 0.139476685, AROSAL
58.41160469, 0.042967741, 13.2426, 46.0894, 4688.48, 5598.7061, 767.0898087, 487.2883081, 0.119565286, NORM
59.3117396, 0.033333335, 13.2762, 45.7692, 3983.66, 9064.394089, 1605.017444, 1034.0842, 0.044216985, NORM
56.89473686, 0.037290322, 12.9148, 47.4084, 1687.9, 6116.174072, 1043.586799, 413.8852471, 0.07057202, NORM
59.26315765, 0.034709678, 12.8518, 47.1836, 1818.8, 8204.975235, 1112.325656, 717.1325947, 0.083334192, NORM
59.66666743, 0.062537633, 12.896, 46.3506, 2317.06, 8302.942261, 1054.033626, 809.257342, 0.093914565, NORM
57.89473572, 0.033870969, 12.92, 46.2854, 2353.3, 8597.709091, 1061.741792, 799.2538515, 0.095841761, NORM
54.75, 0.034774194, 12.8712, 46.9132, 3647.82, 8644.483566, 1065.085671, 800.2501603, 0.095759051, NORM
62.70378024, 0.037204301, 12.799, 46.1892, 4133.46, 8350.87735, 1046.964271, 788.3546828, 0.095736655, NORM
65.2313797, 0.039569893, 12.7846, 46.231, 1880.3, 6221.416183, 845.3615981, 652.953307, 0.109399185, NORM
57.94736862, 0.039638711, 12.7654, 45.9174, 1836.16, 5994.397171, 830.1933371, 613.9162175, 0.109294144, NORM
64.16410166, 0.033376343, 12.7124, 46.166, 2865.76, 5755.126572, 807.2608256, 616.0813745, 0.110978024, NORM
59.93522224, 0.033290322, 12.4178, 47.5918, 3896.96, 10152.10281, 1207.715101, 949.8801924, 0.087465519, NORM
58.81511434, 0.041505376, 12.384, 47.7734, 2414.8, 4420.450058, 557.3374134, 369.4586116, 0.178829827, NORM
59.0071963, 0.064903227, 12.389, 47.551, 2406.9, 4283.13765, 540.1102482, 319.3920232, 0.184504541, NORM
65.56776352, 0.060903225, 12.437, 47.1672, 3685.68, 4013.301315, 538.3952493, 319.1261857, 0.173983953, NORM
58.73517049, 0.052215053, 12.4514, 46.872, 3241.04, 3915.644348, 534.4075592, 330.0677588, 0.172293113, NORM
62.83516541, 0.032903226, 12.4562, 47.3556, 4206.0, 24853.95938, 2326.113195, 900.5801814, 0.057722317, NORM
60.8353569, 0.044387096, 12.3986, 47.0756, 4053.04, 4528.619247, 639.2883701, 412.3505231, 0.139245787, NORM
60.75641098, 0.035290321, 12.4322, 46.5838, 3192.12, 5074.70137, 701.073936, 438.5726257, 0.129745622, NORM
56.97975693, 0.031870969, 12.171, 46.5576, 1951.24, 9441.705139, 1046.023229, 686.5131999, 0.108437036, NORM
60.57175039, 0.042279569, 18.2856, 49.1674, 12649.48, 3361.053635, 390.9698179, 222.1997608, 0.276311425, AROSAL
60.82051201, 0.040387097, 17.3958, 53.6944, 3947.4, 5391.870239, 733.6308862, 486.236393, 0.125890826, AROSAL
53.05833333, 0.043483871, 17.344, 54.3996, 3613.12, 5943.269852, 959.8439266, 700.9478286, 0.081065128, AROSAL
62.16239319, 0.04004301, 17.1866, 53.6768, 7878.26, 10189.48512, 1768.852785, 1010.174818, 0.040924061, AROSAL
60.79082413, 0.037032259, 17.1106, 54.7944, 6112.26, 4485.895172, 575.6921357, 381.784642, 0.170089847, AROSAL
59.54453468, 0.048580644, 17.0388, 54.1898, 5617.18, 4682.319504, 608.13864, 416.2830751, 0.159098363, AROSAL
59.17476349, 0.038645161, 17.0014, 54.803, 4660.08, 5067.939453, 645.9696526, 476.4994194, 0.152621969, AROSAL
57.44736786, 0.046064515, 16.892, 55.2272, 1989.08, 8365.816956, 1054.517362, 807.518133, 0.094538945, NORM
65.71428604, 0.037870968, 16.8296, 56.2428, 3600.5, 8580.889771, 1029.522064, 805.1030405, 0.101735113, AROSAL
59.44230728, 0.038387097, 16.9198, 55.1584, 4925.0, 12091.94945, 1714.43857, 1251.344639, 0.051696642, AROSAL
59.39608574, 0.038116129, 16.82, 56.6128, 3215.78, 5895.887115, 825.039217, 654.8882832, 0.10884534, AROSAL
55.17543818, 0.038107527, 16.82, 56.2354, 3285.16, 5895.887115, 825.039217, 654.8882832, 0.10884534, AROSAL
57.15227178, 0.036774193, 16.725, 56.209, 3969.46, 5985.046707, 850.9008452, 602.203429, 0.103877024, AROSAL
55.74013138, 0.039225806, 16.701, 55.858, 1735.22, 1654.911255, 438.8496859, 156.8501489, 0.107982404, AROSAL
61.32422437, 0.053548385, 16.5436, 55.353, 1845.6, 1517.006393, 502.3466525, 221.7025475, 0.075542308, AROSAL
63.62820396, 0.036903226, 16.3344, 56.211, 4256.44, 1610.164749, 285.662451, 154.6050932, 0.247955566, AROSAL
62.35897484, 0.041806451, 16.3678, 54.906, 32280.1, 9082.113083, 1036.312399, 826.765688, 0.10627115, AROSAL
63.0219794, 0.037548388, 16.6156, 54.3242, 4079.86, 9447.332275, 1044.647468, 706.0284778, 0.108787637, AROSAL
61.70085576, 0.040559138, 16.725, 53.5736, 5508.4, 9908.115204, 1050.995517, 788.1233759, 0.112719534, AROSAL
62.66666565, 0.038838709, 16.701, 53.3796, 4078.26, 9071.710205, 1053.862461, 764.6516424, 0.102643431, AROSAL
72.15079422, 0.039354839, 16.701, 53.7668, 4078.28, 4362.693497, 548.2920135, 320.3156759, 0.182364679, NORM
62.32051163, 0.047225807, 16.558, 55.5016, 2875.2, 3985.707047, 538.6806117, 335.3146808, 0.172604673, AROSAL
61.41025696, 0.058064516, 16.487, 55.9788, 3999.46, 3707.205521, 459.7813127, 276.167446, 0.220370723, AROSAL
63.20941772, 0.038580645, 16.4822, 55.8376, 4160.26, 4136.72699, 547.3096043, 332.0456948, 0.173540396, AROSAL
56.31579056, 0.040387097, 16.4106, 54.1904, 4693.2, 4433.436691, 581.4339397, 383.7492894, 0.16479712, AROSAL
64.46428566, 0.039290324, 16.5156, 54.0278, 7834.08, 7076.028961, 863.7342042, 524.686098, 0.119189838, AROSAL
63.68376261, 0.036731183, 16.9582, 52.77, 4923.4, 13148.63513, 1900.656089, 1476.362901, 0.045738662, AROSAL
63.4261294, 0.046043011, 17.1252, 52.8986, 4242.24, 9206.565109, 1037.147784, 829.7462244, 0.107553911, AROSAL
53.75, 0.046236559, 22.6618, 31.1438, 1492.38, 3263.18988, 462.2215702, 239.6852709, 0.191933946, AROSAL
62.11794881, 0.05572043, 22.465, 31.3944, 957.88, 3098.434418, 444.1100334, 235.9602137, 0.197410843, AROSAL
67.56410141, 0.058129032, 21.1702, 34.5938, 3207.9, 9013.399063, 1675.893605, 845.2877782, 0.040327897, AROSAL
60.3903038, 0.039612902, 21.127, 34.431, 1210.14, 9013.399063, 1675.893605, 845.2877782, 0.040327897, AROSAL
60.955513, 0.040903225, 21.0934, 34.382, 1028.84, 5095.67981, 683.3711051, 481.7823882, 0.137119358, AROSAL
57.25575762, 0.039612904, 21.151, 34.1294, 713.5, 5391.870239, 733.6308862, 486.236393, 0.125890826, AROSAL
60.65384712, 0.054967742, 21.1462, 34.1488, 707.18, 5391.870239, 733.6308862, 486.236393, 0.125890826, AROSAL
61.89136314, 0.041548387, 21.0746, 34.4658, 850.66, 5943.269852, 959.8439266, 700.9478286, 0.081065128, AROSAL
61.22078445, 0.043827956, 20.9792, 34.4238, 2473.14, 5441.59816, 722.9915833, 476.1430697, 0.130818706, AROSAL
57.10526352, 0.086709677, 20.9648, 34.9634, 1266.88, 8644.483566, 1065.085671, 800.2501603, 0.095759051, AROSAL
56.59143021, 0.057161289, 21.032, 35.2536, 1514.48, 8755.084915, 1074.49868, 821.3389178, 0.095292441, AROSAL
61.51282145, 0.057204299, 20.913, 35.2156, 1465.6, 8280.027023, 1041.064834, 772.0021124, 0.096003278, AROSAL
62.3076917, 0.05152688, 20.9174, 35.025, 1982.76, 6358.024536, 868.7419697, 664.6548999, 0.105864526, AROSAL
59.23077011, 0.053806451, 20.7838, 35.8416, 1054.04, 5994.397171, 830.1933371, 613.9162175, 0.109294144, AROSAL
62.79487152, 0.064322579, 21.0652, 35.0392, 1099.78, 5805.36705, 808.2310013, 629.5994365, 0.111678234, AROSAL
61.70085373, 0.079569891, 21.056, 35.6378, 1533.42, 1387.820175, 236.2008809, 120.4230331, 0.312593566, AROSAL
60.57264938, 0.04288172, 21.056, 35.315, 1743.12, 1292.667847, 210.7859395, 112.1565844, 0.365606186, AROSAL
58.89473801, 0.065290321, 21.103, 35.3198, 2317.04, 1405.062836, 209.4041028, 113.3583947, 0.402656985, AROSAL
58.80701701, 0.055638707, 21.2322, 34.7514, 1486.08, 9858.853302, 1050.883095, 798.8614922, 0.112183105, AROSAL
61.46199036, 0.059311827, 21.366, 35.477, 1894.48, 3779.544128, 521.2674714, 326.6599561, 0.174794609, AROSAL
53.0625, 0.040967741, 21.1366, 34.0556, 3130.66, 3985.707047, 538.6806117, 335.3146808, 0.172604673, AROSAL
63.12820536, 0.047483871, 21.1414, 35.672, 4734.2, 3767.352539, 474.554767, 269.2369653, 0.210219716, AROSAL
62.60683848, 0.048215054, 21.1414, 35.5278, 5092.12, 9285.362762, 1552.352164, 491.060139, 0.048420385, AROSAL
63.28205109, 0.041338708, 21.8766, 34.515, 6222.64, 21907.54071, 1700.78295, 890.2854022, 0.095171235, AROSAL
61.46153908, 0.042580644, 22.3026, 32.195, 3736.1, 4831.125122, 672.9870117, 417.5742879, 0.134043199, AROSAL
62.61538506, 0.056903223, 22.3258, 32.3106, 3710.88, 4667.278122, 648.5515429, 395.0431448, 0.139439094, AROSAL
62.94871902, 0.051096774, 22.4218, 32.5594, 2244.52, 3592.833405, 781.2376662, 553.6248888, 0.073974254, AROSAL
62.77228495, 0.065548385, 22.5226, 32.5814, 2116.8, 7644.66304, 1110.231687, 812.9986125, 0.077936514, AROSAL
61.29914602, 0.073720429, 22.393, 31.6892, 1621.68, 9432.126877, 1044.663553, 702.7801449, 0.108609199, AROSAL
62.26923103, 0.077741934, 22.202, 30.9236, 1378.86, 9459.28595, 1045.317611, 697.0621074, 0.108785668, AROSAL
64.82295354, 0.044946236, 17.6386, 43.3972, 1545.98, 3263.18988, 462.2215702, 239.6852709, 0.191933946, AROSAL
62.69230652, 0.041290321, 17.8098, 41.9424, 983.1, 2820.998718, 411.2053543, 225.4853926, 0.209650176, AROSAL
59.96828613, 0.041935483, 17.1486, 42.3842, 1129.74, 2590.11734, 385.4414932, 219.0401255, 0.219084863, NORM
59.1929835, 0.042494623, 16.42, 44.5718, 1271.66, 3248.054214, 601.6277208, 343.3265785, 0.112765813, NORM
60.2159256, 0.061612905, 16.4012, 45.0308, 8710.78, 3361.053635, 390.9698179, 222.1997608, 0.276311425, AROSAL
61.06410217, 0.142516133, 16.7868, 44.0524, 9428.2, 3796.511719, 359.2821896, 200.3579607, 0.369592569, NORM
55.56025696, 0.044051614, 16.7964, 44.2374, 9037.16, 3796.511719, 359.2821896, 200.3579607, 0.369592569, NORM
54.17543894, 0.040946235, 17.5768, 42.8738, 636.22, 10653.80118, 1686.091908, 976.0412903, 0.047092524, AROSAL
63.45299072, 0.10215054, 17.453, 41.8124, 1099.8, 5437.064026, 701.3687895, 476.6469082, 0.138893346, NORM
58.04048653, 0.040709676, 17.4006, 41.7492, 1457.7, 4478.507721, 590.6068253, 394.3423801, 0.161341566, NORM
59.0506073, 0.039483869, 17.3536, 42.108, 1188.08, 4551.356537, 587.1882092, 387.946344, 0.16588078, NORM
64.14285736, 0.040301074, 16.6822, 44.7302, 3436.5, 8650.410263, 1059.449695, 800.9415447, 0.096846937, NORM
58.08951874, 0.040430106, 16.7584, 44.9732, 3218.92, 8650.410263, 1059.449695, 800.9415447, 0.096846937, AROSAL
63.70622818, 0.06916129, 16.768, 43.8094, 5779.6, 8755.084915, 1074.49868, 821.3389178, 0.095292441, NORM
68.08461609, 0.039096773, 16.8104, 45.2764, 4382.6, 21785.71443, 2714.20822, 1940.556384, 0.037161681, NORM
61.56904958, 0.041548387, 16.7678, 44.614, 1888.16, 5851.256027, 821.5335156, 634.2568582, 0.108945274, NORM
61.66666641, 0.040580644, 16.8964, 44.319, 1514.48, 5907.913498, 812.1764977, 621.5753519, 0.112549393, NORM
53.55833333, 0.038270967, 16.4198, 47.948, 1046.2, 1517.006393, 502.3466525, 221.7025475, 0.075542308, NORM
58.38349024, 0.069763441, 16.034, 47.4102, 2020.62, 1610.164749, 285.662451, 154.6050932, 0.247955566, NORM
61.73954124, 0.045290322, 16.0868, 46.8286, 1090.32, 1333.285522, 229.3176493, 117.8933952, 0.318609019, AROSAL
62.82051392, 0.040580644, 15.8478, 48.1738, 7551.86, 9459.28595, 1045.317611, 697.0621074, 0.108785668, NORM
60.75641098, 0.042709679, 15.9246, 48.1088, 8255.08, 9430.942764, 1045.710558, 685.0161518, 0.108378213, NORM
55.65460587, 0.041006451, 16.1342, 47.8112, 7917.66, 9430.942764, 1045.710558, 685.0161518, 0.108378213, NORM
64.11263809, 0.047096774, 17.4484, 44.1884, 8565.7, 10270.00999, 1157.180522, 792.3228187, 0.096378131, NORM
63.24908549, 0.049376345, 18.2282, 41.5538, 1862.92, 3850.819031, 488.9431769, 311.3516696, 0.202416632, AROSAL
65.64468918, 0.04264516, 18.176, 41.548, 1599.62, 3779.544128, 521.2674714, 326.6599561, 0.174794609, AROSAL
60.33265877, 0.039225805, 18.1146, 41.6886, 1318.96, 3778.494003, 533.7465931, 333.6442557, 0.166670358, NORM
58.34210472, 0.041096774, 17.653, 42.3528, 1363.1, 4013.301315, 538.3952493, 319.1261857, 0.173983953, NORM
66.54803619, 0.040430106, 17.2868, 43.0314, 1632.72, 4013.301315, 538.3952493, 319.1261857, 0.173983953, NORM
62.11538429, 0.038903225, 17.1486, 43.6004, 1892.88, 3767.352539, 474.554767, 269.2369653, 0.210219716, NORM
59.49257622, 0.039419354, 17.2296, 43.5846, 6175.36, 15606.5126, 1707.672922, 940.526661, 0.067252177, NORM
60.36797155, 0.040430106, 16.277, 44.8008, 1104.52, 3183.782333, 352.8692675, 176.3944033, 0.321310976, NORM
60.53778648, 0.043548387, 16.3152, 46.0722, 2764.82, 17041.38597, 1335.939718, 579.3515015, 0.119988895, AROSAL
64.0512825, 0.076129032, 16.3868, 45.3254, 3111.7, 21907.54071, 1700.78295, 890.2854022, 0.095171235, NORM
61.67460327, 0.039174192, 16.3584, 45.1518, 5221.42, 24843.627, 2368.523703, 1203.375674, 0.055650541, NORM
66.30494614, 0.042193547, 16.177, 45.1928, 6440.26, 4868.130966, 694.1605692, 446.2188299, 0.126955709, NORM
65.90659218, 0.042774193, 16.701, 44.751, 6023.98, 4900.049454, 977.1444268, 795.9872821, 0.064490064, NORM
58.18589783, 0.040748386, 16.8822, 43.4866, 6238.4, 4458.621948, 645.5602301, 458.2132346, 0.134442623, NORM
67.13540726, 0.040967741, 17.082, 43.4464, 6399.24, 4468.130707, 578.6943911, 347.9572928, 0.167662982, NORM
69.89999847, 0.041483871, 17.6292, 42.5352, 8277.16, 3586.619598, 486.0073367, 258.6584102, 0.19081369, NORM
68.38685608, 0.042365592, 17.729, 42.4128, 4934.46, 3122.184433, 367.6121683, 174.3448142, 0.290327825, NORM
70.97222366, 0.04116129, 17.9098, 42.2034, 4888.72, 2781.290192, 343.0586469, 154.6647036, 0.296974683, NORM
59.62078247, 0.127161291, 20.222, 29.767, 1686.34, 2967.921295, 427.9753244, 232.8389317, 0.20362204, AROSAL
58.24561462, 0.135913981, 18.9846, 31.1596, 2026.92, 2527.866837, 384.5554844, 185.7109858, 0.214805817, AROSAL
67.92217636, 0.088451616, 19.2794, 31.3772, 4824.08, 3251.924301, 616.50364, 355.9280066, 0.107517461, AROSAL
57.41228078, 0.149397849, 18.9654, 31.443, 1473.46, 2005.267761, 428.8935215, 257.4903786, 0.136988233, AROSAL
60.88888957, 0.169634403, 17.263, 34.8844, 2058.46, 3420.606201, 356.6982802, 207.8043069, 0.337839878, AROSAL
59.29532204, 0.159311827, 17.344, 35.0814, 2563.02, 3795.727982, 363.0956931, 215.0871529, 0.361795158, AROSAL
58.45613976, 0.079032258, 17.596, 34.6616, 2477.86, 3884.518173, 378.1081907, 199.847059, 0.341440356, AROSAL
53.25, 0.11529032, 17.8052, 34.328, 2370.64, 3884.518173, 378.1081907, 199.847059, 0.341440356, AROSAL
58.65789604, 0.091419355, 18.3664, 32.9944, 14130.04, 3944.502914, 370.5486504, 195.976355, 0.361003717, AROSAL
54.1875, 0.111032262, 17.5674, 35.0836, 675.64, 5352.200806, 692.991763, 476.0162414, 0.140050969, AROSAL
53.16666667, 0.143354835, 17.3582, 35.4024, 702.44, 5296.423126, 694.9198023, 481.2536652, 0.137823464, AROSAL
60.59417953, 0.133058059, 17.4864, 35.5912, 1268.5, 7804.236313, 1793.684597, 995.6572309, 0.030482327, NORM
59.65317116, 0.136580648, 17.434, 36.5624, 1044.6, 5098.316467, 653.6821276, 450.8537343, 0.149935141, AROSAL
66.29644928, 0.111741936, 16.7726, 37.7068, 2034.8, 8796.603455, 1069.331132, 820.9213937, 0.096671945, AROSAL
55.60323868, 0.099999998, 16.5918, 37.391, 2236.64, 21484.71613, 2715.384874, 1969.477034, 0.036616489, AROSAL
62.64346771, 0.116774195, 16.9152, 36.7698, 5807.96, 14124.56232, 2703.568651, 1700.048041, 0.024283432, AROSAL
61.48718033, 0.119483874, 16.6012, 37.0686, 1457.72, 5963.842911, 827.8968773, 657.7545296, 0.109341133, AROSAL
61.74359029, 0.125591397, 16.6252, 36.9672, 2417.94, 19278.3916, 2163.360325, 1240.754385, 0.051763417, AROSAL
60.77327843, 0.146258063, 16.7962, 37.6448, 5522.62, 1532.360977, 256.7783871, 86.52018913, 0.292047851, AROSAL
59.71997261, 0.086838711, 17.0202, 37.0204, 7040.98, 6370.26326, 1796.943568, 1112.196108, 0.024791247, NORM
67.42381134, 0.103741934, 17.277, 36.2214, 6895.92, 9645.646957, 1306.610612, 815.6503042, 0.070998449, AROSAL
64.48492012, 0.089806452, 17.3392, 36.1432, 6210.04, 9082.113083, 1036.312399, 826.765688, 0.10627115, AROSAL
65.78444366, 0.118967738, 17.3056, 35.632, 6585.32, 9432.126877, 1044.663553, 702.7801449, 0.108609199, AROSAL
67.6532987, 0.07288172, 17.6962, 35.605, 6358.24, 10152.10281, 1207.715101, 949.8801924, 0.087465519, AROSAL
62.5168705, 0.161225805, 17.9102, 35.2604, 5090.54, 6065.383636, 973.3958526, 607.447827, 0.080443166, AROSAL
64.99487305, 0.127741938, 17.867, 35.3088, 5085.8, 4283.13765, 540.1102482, 319.3920232, 0.184504541, AROSAL
72.22468541, 0.102817206, 17.962, 35.468, 5358.58, 4039.99939, 629.744786, 372.9809389, 0.128015337, AROSAL
62.02564011, 0.098709674, 17.6482, 36.2846, 5453.18, 2807.142532, 335.3475248, 164.5568868, 0.313678042, AROSAL
59.87584305, 0.046709675, 17.653, 35.9072, 4901.32, 24853.95938, 2326.113195, 900.5801814, 0.057722317, AROSAL
59.90688171, 0.080774195, 17.6962, 35.8074, 5000.66, 24853.95938, 2326.113195, 900.5801814, 0.057722317, AROSAL
60.80611852, 0.101763442, 18.8182, 34.437, 17255.18, 4507.358246, 606.2995828, 362.2916962, 0.15408395, AROSAL
62.97252808, 0.102322577, 19.798, 33.1382, 11528.4, 2777.020187, 344.8631674, 158.8385859, 0.293423758, AROSAL
62.88740997, 0.192838709, 19.9504, 32.7288, 12561.22, 4190.595596, 1316.849248, 653.1038047, 0.030367812, AROSAL
60.00967255, 0.046924732, 20.1028, 31.9936, 11258.8, 6353.474014, 1062.927138, 800.2617878, 0.070666589, AROSAL
64.37271144, 0.074279569, 20.317, 31.6274, 15963.84, 16247.91142, 1998.296898, 1179.968997, 0.051131364, AROSAL
61.58375028, 0.077935484, 19.9168, 31.659, 5152.04, 4073.579498, 960.5526546, 716.66562, 0.055480927, AROSAL
61.87651825, 0.043509679, 19.9838, 32.8248, 1091.9, 4766.62056, 767.7915221, 466.7505966, 0.101609385, NORM
58.8881568, 0.10483871, 19.9788, 33.0294, 1140.78, 4865.717499, 775.765545, 435.5347499, 0.101600485, NORM
60.64102554, 0.045225806, 19.5886, 33.72, 1039.88, 1813.676529, 434.7555549, 256.4953891, 0.120581149, NORM
62.28632584, 0.044645162, 19.5126, 33.9828, 1265.34, 3168.78746, 602.9106661, 405.5368687, 0.10954613, NORM
60.42375145, 0.045290322, 18.8942, 34.201, 1522.34, 3616.447052, 492.0162571, 299.2954948, 0.187729736, NORM
61.30904312, 0.043870969, 19.089, 34.3642, 4537.12, 3420.606201, 356.6982802, 207.8043069, 0.337839878, NORM
61.58974406, 0.045462365, 20.6078, 32.742, 5591.94, 4600.112015, 392.3431801, 177.7853186, 0.375531226, NORM
62.43589783, 0.046193547, 20.674, 32.1106, 1774.64, 6402.897354, 1123.753358, 445.9092707, 0.063715398, NORM
55.59539413, 0.045032258, 20.2218, 32.9524, 615.74, 5315.946228, 696.6753215, 475.4245799, 0.137635223, NORM
62.98840078, 0.099526883, 20.1218, 33.2474, 1675.3, 5244.783249, 729.608977, 500.0978272, 0.123810384, NORM
62.93162359, 0.045247312, 19.7838, 32.8266, 1377.28, 4411.479263, 571.1523032, 380.210441, 0.169937898, NORM
60.32928429, 0.044193549, 19.765, 32.9042, 1044.6, 4339.479675, 566.4784526, 370.659957, 0.169934177, NORM
58.81578979, 0.044541936, 19.722, 32.847, 1260.62, 4612.953171, 602.0113708, 411.8770462, 0.15994826, NORM
63.8840037, 0.054150538, 19.0272, 33.8124, 3110.14, 7846.438889, 1054.582239, 628.757581, 0.08865874, NORM
59.72672195, 0.043096776, 19.441, 34.2396, 5763.8, 10659.13885, 1721.501699, 1254.957908, 0.045197777, NORM
60.08596535, 0.048064516, 19.5412, 34.3346, 1755.72, 5994.397171, 830.1933371, 613.9162175, 0.109294144, NORM
60.12955475, 0.041870968, 19.4696, 33.9326, 1760.44, 5851.256027, 821.5335156, 634.2568582, 0.108945274, NORM
66.00598526, 0.047161291, 19.2364, 34.5096, 1531.82, 5816.072983, 807.112368, 601.1599442, 0.112194536, NORM
57.44858459, 0.042967741, 18.9466, 34.83, 1080.84, 1360.763977, 247.8417334, 96.7285599, 0.278383693, NORM
61.94871826, 0.047999998, 18.7278, 34.691, 6910.12, 14436.0423, 1985.01785, 1182.869263, 0.046039349, NORM
62.69474996, 0.043440862, 19.4792, 33.5184, 8505.8, 3316.072525, 501.3046567, 272.5678066, 0.165817517, NORM
64.55555394, 0.043655915, 19.5602, 33.2554, 8078.48, 9062.688828, 1034.737068, 821.806974, 0.106367002, NORM
65.27106425, 0.177849461, 20.5694, 31.9754, 9265.78, 9102.806824, 1052.129005, 778.3934621, 0.103334943, NORM
61.1381031, 0.048430108, 21.3036, 30.9804, 1175.46, 3943.386627, 493.5752763, 310.7479722, 0.20341006, NORM
62.56333237, 0.045212903, 20.7934, 31.3762, 1541.26, 15606.5126, 1707.672922, 940.526661, 0.067252177, NORM
59.36707077, 0.047045159, 20.7268, 31.5036, 1635.9, 10950.02054, 1581.991381, 481.3748679, 0.054981498, NORM
60.93792114, 0.044516129, 20.5454, 31.767, 4235.96, 4441.137833, 1361.48471, 237.7687887, 0.030107769, NORM
63.76923014, 0.044335485, 20.636, 31.9348, 2266.56, 2883.640381, 353.0781183, 163.2523057, 0.290676121, NORM
61.79487228, 0.044774194, 20.531, 32.058, 1418.3, 2826.968719, 349.3540255, 166.000183, 0.291071285, NORM
60.08367081, 0.046864514, 20.6932, 32.7168, 3083.34, 11641.59657, 1541.89134, 961.3621988, 0.061533961, NORM
65.67582728, 0.079526882, 21.1798, 31.4696, 4798.84, 4953.854584, 711.3460903, 449.6181731, 0.12302439, NORM
66.89285965, 0.051032258, 21.2368, 31.5348, 5103.16, 3418.91658, 455.3817194, 231.2980172, 0.207179692, NORM
69.11746292, 0.045741933, 22.513, 29.2716, 5724.4, 8792.590195, 1207.860044, 847.7691987, 0.075734448, NORM
63.69230652, 0.047741935, 21.9246, 29.9086, 8710.76, 9118.392258, 1037.061032, 826.0110349, 0.106541671, NORM
64.59340719, 0.046451612, 21.633, 30.2662, 7012.6, 9430.942764, 1045.710558, 685.0161518, 0.108378213, AROSAL
60.03238932, 0.045608602, 23.4048, 26.045, 1322.1, 3263.18988, 462.2215702, 239.6852709, 0.191933946, NORM
66.96267853, 0.044666667, 21.6618, 29.6184, 1232.24, 2875.740128, 418.7393443, 220.670666, 0.20609714, NORM
64.64560623, 0.04371613, 21.4372, 29.667, 1322.1, 2920.837875, 423.6434831, 220.6520392, 0.204510804, NORM
64.05494652, 0.077935486, 20.3694, 31.1996, 1744.66, 2707.192215, 398.3641821, 206.0868118, 0.214372163, NORM
62.82051468, 0.043587098, 19.679, 32.592, 1238.54, 1910.508102, 444.3996967, 266.8744633, 0.121565752, NORM
63.14957352, 0.159462366, 20.5838, 31.684, 6637.34, 3550.262558, 357.5479059, 210.805739, 0.348981061, NORM
53.9401708, 0.049978494, 20.76, 30.907, 7777.32, 4600.112015, 392.3431801, 177.7853186, 0.375531226, NORM
63.30769119, 0.044000001, 21.07, 29.6432, 1588.56, 11160.97964, 1877.578301, 1055.607062, 0.039784698, NORM
64.89377289, 0.044387097, 20.8266, 29.757, 5511.54, 10189.48512, 1768.852785, 1010.174818, 0.040924061, NORM
58.94669431, 0.04367312, 20.6596, 30.3512, 890.08, 5225.683319, 665.4206039, 497.8010168, 0.148306595, NORM
60.36437149, 0.043096774, 20.4932, 31.935, 2116.8, 8952.23645, 1055.240936, 828.4957104, 0.101027161, NORM
64.7423701, 0.046141934, 20.8602, 30.168, 6099.66, 8280.027023, 1041.064834, 772.0021124, 0.096003278, NORM
59.46018944, 0.047612903, 21.1654, 30.3472, 3564.24, 19865.82089, 2712.86113, 1649.916699, 0.033920423, NORM
60.8090416, 0.056580645, 21.418, 30.6894, 2088.42, 6221.416183, 845.3615981, 652.953307, 0.109399185, NORM
64.51667633, 0.044086022, 20.8222, 30.652, 4190.2, 1323.738617, 417.7672561, 186.5161052, 0.095311062, NORM
58.68421046, 0.043767743, 20.2978, 32.1572, 4220.16, 1395.231125, 320.0620919, 185.4932802, 0.171154192, NORM
59.26788139, 0.043806453, 20.3696, 31.1996, 5721.24, 1405.062836, 209.4041028, 113.3583947, 0.402656985, NORM
65.4358963, 0.04980645, 22.1062, 29.4736, 5265.58, 4595.423035, 812.0051959, 611.4960217, 0.087582582, AROSAL
61.66666565, 0.045505376, 22.1156, 28.8356, 2722.28, 6861.415955, 1037.409718, 591.4747867, 0.080116688, AROSAL
60.22222188, 0.044817204, 21.4226, 30.3154, 6181.66, 3707.205521, 459.7813127, 276.167446, 0.220370723, AROSAL
68.67301559, 0.044929032, 21.4322, 30.3902, 5204.06, 4468.130707, 578.6943911, 347.9572928, 0.167662982, AROSAL
66.4395607, 0.043612902, 21.7622, 29.942, 11468.5, 5539.313217, 823.7871762, 550.3637834, 0.102573632, AROSAL
70.62275136, 0.048051613, 22.2068, 29.744, 12915.96, 3586.619598, 486.0073367, 258.6584102, 0.19081369, AROSAL
64.34470787, 0.050184946, 22.2788, 29.8302, 12507.6, 3420.38884, 398.5966878, 204.0857106, 0.270531583, AROSAL
64.07692184, 0.047999998, 23.2752, 28.6048, 5609.3, 7644.66304, 1110.231687, 812.9986125, 0.077936514, AROSAL
65.63370056, 0.086709679, 23.4482, 27.3324, 11213.06, 4073.579498, 960.5526546, 716.66562, 0.055480927, AROSAL
61.77289314, 0.047354837, 22.9248, 28.0432, 9817.66, 9522.91716, 1048.199109, 686.2211806, 0.108916154, AROSAL
63.12820511, 0.069032257, 23.2416, 28.0278, 10552.42, 9537.968124, 1047.806681, 687.5577292, 0.109170024, AROSAL
66.397435, 0.053741933, 20.4122, 29.629, 454.92, 3263.18988, 462.2215702, 239.6852709, 0.191933946, AROSAL
66.67887624, 0.044774194, 20.0358, 30.8712, 962.6, 3294.541183, 376.3198655, 217.2374072, 0.29234153, NORM
59.32456131, 0.044774194, 19.2508, 32.415, 324.04, 5391.870239, 733.6308862, 486.236393, 0.125890826, NORM
57.42105255, 0.042580645, 19.3178, 32.2024, 306.68, 5391.870239, 733.6308862, 486.236393, 0.125890826, NORM
57.76113434, 0.042193548, 19.3554, 31.9938, 570.0, 5391.870239, 733.6308862, 486.236393, 0.125890826, NORM
58.99595261, 0.043741937, 19.3794, 31.8704, 570.02, 5391.870239, 733.6308862, 486.236393, 0.125890826, NORM
54.27456131, 0.046193549, 19.389, 31.7448, 566.86, 5943.269852, 959.8439266, 700.9478286, 0.081065128, NORM
62.3675209, 0.043630109, 19.2412, 32.2416, 557.38, 5362.185455, 700.3853764, 494.3622931, 0.137365463, NORM
69.81523743, 0.043548388, 19.1558, 32.2014, 1229.06, 10189.48512, 1768.852785, 1010.174818, 0.040924061, NORM
65.11208832, 0.045354838, 19.151, 32.465, 970.46, 4411.479263, 571.1523032, 380.210441, 0.169937898, NORM
66.11110891, 0.043380647, 19.0512, 33.0176, 1020.94, 4665.545868, 601.7004561, 397.5212335, 0.161939072, NORM
64.87179642, 0.061225807, 18.9034, 33.6104, 1019.36, 4979.20546, 648.4009765, 469.55633, 0.148827296, NORM
65.43650792, 0.045806451, 18.8516, 33.6646, 838.04, 7925.186264, 1054.988342, 637.5719884, 0.089479597, NORM
67.92857208, 0.044322581, 18.8844, 34.3516, 913.74, 8651.739807, 1056.100442, 664.7493103, 0.097477159, NORM
61.85897522, 0.047354838, 18.9034, 33.6434, 1137.62, 8370.078094, 1048.888554, 808.3228238, 0.095605017, NORM
66.2561053, 0.045634408, 18.889, 33.1808, 1068.24, 8370.078094, 1048.888554, 808.3228238, 0.095605017, NORM
55.13157845, 0.042516129, 18.889, 33.5432, 576.34, 7318.44281, 1311.065339, 925.9283054, 0.053503215, NORM
62.56410217, 0.043225808, 18.723, 33.6592, 771.82, 6077.39389, 834.5599789, 626.7353843, 0.109650885, NORM
66.17765808, 0.043961291, 18.699, 34.1104, 631.52, 5966.44104, 826.0954199, 602.8527746, 0.109866373, NORM
64.68681221, 0.041741936, 18.604, 33.7734, 412.3, 1327.761505, 208.895056, 113.3295656, 0.382361022, NORM
68.26556816, 0.042451613, 18.628, 33.736, 819.14, 6861.415955, 1037.409718, 591.4747867, 0.080116688, NORM
56.39451345, 0.041634409, 18.747, 33.5628, 721.32, 4013.301315, 538.3952493, 319.1261857, 0.173983953, NORM
65.16483688, 0.042903228, 18.961, 33.2334, 779.72, 3358.136063, 401.1140423, 203.6148107, 0.262284376, NORM
53.75, 0.041290322, 13.8868, 47.5834, 1307.92, 3003.228561, 432.1739949, 231.0828473, 0.202060298, NORM
63.181928, 0.043268816, 13.3818, 48.2932, 1653.2, 2527.866837, 384.5554844, 185.7109858, 0.214805817, NORM
57.89473673, 0.057247312, 13.4154, 49.0704, 2566.16, 1908.551636, 312.9940358, 122.1700021, 0.244817046, NORM
62.76923065, 0.048387095, 13.69, 48.0298, 1744.68, 3757.950974, 543.5904833, 323.96712, 0.159814906, NORM
58.36054955, 0.093780648, 13.6132, 48.8058, 1367.82, 5529.622391, 712.127131, 515.4107789, 0.137021991, NORM
59.52968979, 0.042322579, 13.377, 48.7996, 2298.14, 5449.970352, 702.2449313, 496.5640254, 0.138875865, AROSAL
62.02361717, 0.042838712, 13.57, 48.2804, 2403.76, 5417.22551, 706.2353795, 467.1270213, 0.136485916, NORM
62.40192261, 0.041999999, 13.5364, 48.6968, 2928.82, 5352.200806, 692.991763, 476.0162414, 0.140050969, NORM
62.33333282, 0.054322578, 13.5508, 48.1726, 2641.84, 4538.606094, 584.9579423, 395.0608779, 0.166679839, NORM
59.69873454, 0.042666666, 13.522, 48.355, 2019.04, 4979.20546, 648.4009765, 469.55633, 0.148827296, NORM
59.47638232, 0.042709678, 13.4874, 48.8634, 774.98, 7925.186264, 1054.988342, 637.5719884, 0.089479597, NORM
58.13714561, 0.107432257, 13.1706, 49.2288, 852.24, 8796.603455, 1069.331132, 820.9213937, 0.096671945, NORM
61.86813164, 0.043935484, 13.1706, 48.951, 1066.66, 6221.416183, 845.3615981, 652.953307, 0.109399185, NORM
58.17813873, 0.041935483, 13.2282, 48.9714, 1136.04, 6107.725174, 854.3554045, 642.0423734, 0.10515071, NORM
60.56882591, 0.041032256, 13.209, 48.7276, 910.58, 5907.913498, 812.1764977, 621.5753519, 0.112549393, NORM
61.43589757, 0.041247311, 13.209, 49.1598, 644.1, 5816.072983, 807.112368, 601.1599442, 0.112194536, NORM
62.24195226, 0.041010751, 13.1172, 50.8692, 905.84, 1586.439865, 275.8926419, 150.2943125, 0.261910701, NORM
60.75640945, 0.043032257, 13.1898, 49.8782, 3245.72, 1578.3797, 225.0002323, 121.0043412, 0.391791868, NORM
57.6578949, 0.124258063, 13.0304, 49.4258, 1104.5, 9140.071152, 1038.561377, 827.5771493, 0.106486636, NORM
65.15476074, 0.042064516, 13.522, 48.8558, 1230.66, 4197.941727, 530.6125166, 319.3865182, 0.187366217, NORM
60.75033722, 0.045870967, 13.57, 48.3238, 631.5, 3985.707047, 538.6806117, 335.3146808, 0.172604673, NORM
56.93944041, 0.048602148, 13.4826, 48.6902, 555.8, 3716.819138, 423.6329204, 217.7130861, 0.260256682, AROSAL
54.60175451, 0.042236558, 13.502, 48.6616, 549.48, 24853.95938, 2326.113195, 900.5801814, 0.057722317, NORM
60.5717509, 0.041677419, 13.546, 48.5804, 2829.46, 21907.54071, 1700.78295, 890.2854022, 0.095171235, NORM
64.17032967, 0.044129031, 13.5412, 48.9202, 3813.38, 14217.73578, 1523.897863, 758.4938403, 0.076935819, NORM
60.76518148, 0.041591397, 13.6756, 49.3456, 1224.36, 4667.278122, 648.5515429, 395.0431448, 0.139439094, NORM
62.69230728, 0.042774195, 13.7716, 49.1546, 2118.38, 4507.358246, 606.2995828, 362.2916962, 0.15408395, NORM
64.08882828, 0.043251615, 13.9156, 47.8606, 3676.2, 3422.306076, 509.4550271, 305.4930573, 0.165697902, NORM
65.0384613, 0.043329033, 13.93, 47.7942, 2916.2, 3275.066315, 383.2415694, 185.038954, 0.280210718, NORM
65.54670334, 0.053741935, 14.266, 46.7608, 9546.44, 9441.029831, 1130.084937, 883.9300169, 0.092898149, AROSAL
59.59244334, 0.046580644, 17.8004, 38.7968, 16285.48, 3330.557297, 605.1824271, 348.4882164, 0.11427577, AROSAL
60.11268578, 0.129548381, 18.0476, 38.8228, 16955.62, 3735.921509, 457.271009, 256.9531766, 0.224522708, AROSAL
56.76315918, 0.22012904, 17.9428, 39.419, 2785.34, 9013.399063, 1675.893605, 845.2877782, 0.040327897, NORM
58.04647408, 0.044387097, 17.891, 39.4004, 2501.54, 9013.399063, 1675.893605, 845.2877782, 0.040327897, NORM
57.65789566, 0.085290321, 17.4582, 40.0298, 3540.6, 11950.82747, 2132.357152, 1188.896792, 0.033028431, NORM
61.3670723, 0.043354837, 17.3818, 40.2852, 5095.28, 12642.98363, 2042.955507, 1125.884587, 0.038066384, NORM
62.30769234, 0.046903224, 17.1532, 40.1448, 6519.08, 10718.6013, 1719.795777, 1004.638214, 0.045540126, NORM
59.44062042, 0.044774195, 17.3864, 41.3826, 4943.9, 4612.953171, 602.0113708, 411.8770462, 0.15994826, NORM
53.8125, 0.04335484, 17.1676, 40.4866, 2011.12, 8248.863266, 1026.229527, 792.8596631, 0.09842716, AROSAL
63.66666565, 0.04419355, 17.3866, 40.4978, 4146.06, 17545.63933, 2715.376563, 1662.997854, 0.029903287, AROSAL
59.41430435, 0.044193549, 17.3724, 39.7376, 2192.44, 5907.913498, 812.1764977, 621.5753519, 0.112549393, AROSAL
55.36842041, 0.043741937, 16.8916, 40.2894, 2208.22, 5809.44931, 815.2368979, 627.1935769, 0.109844211, AROSAL
57.28947372, 0.055612905, 16.768, 42.1622, 2626.08, 5805.36705, 808.2310013, 629.5994365, 0.111678234, AROSAL
61.843455, 0.043096773, 16.9346, 42.347, 2563.0, 5693.266052, 804.3006986, 597.7632368, 0.110594735, AROSAL
61.16239319, 0.044378495, 16.9012, 42.1328, 1301.6, 1407.377563, 243.6515641, 89.54612642, 0.297907941, NORM
52.225, 0.044301076, 16.8202, 41.8492, 1358.36, 1471.960663, 342.168934, 172.1238536, 0.157988296, AROSAL
60.09497274, 0.046279569, 16.7156, 42.4494, 1631.16, 1517.006393, 502.3466525, 221.7025475, 0.075542308, NORM
57.39473839, 0.044774193, 16.5484, 42.1308, 3777.08, 4073.579498, 960.5526546, 716.66562, 0.055480927, AROSAL
60.72807121, 0.043806453, 16.5964, 42.0216, 3906.42, 4073.579498, 960.5526546, 716.66562, 0.055480927, AROSAL
61.79670258, 0.045161291, 16.6252, 41.795, 3873.3, 4073.579498, 960.5526546, 716.66562, 0.055480927, NORM
63.46153755, 0.046774193, 16.7726, 41.0386, 3698.3, 10648.1147, 1242.019997, 793.3960039, 0.086741196, AROSAL
66.61403402, 0.04576344, 16.6914, 41.7008, 2990.32, 15649.20178, 1965.455876, 1379.275775, 0.05090676, AROSAL
62.4102562, 0.046967741, 16.82, 41.8686, 1971.72, 4105.337082, 543.2602935, 339.0356572, 0.174800535, AROSAL
60.48313141, 0.043483871, 16.796, 41.5658, 2224.0, 4430.521591, 640.6418046, 421.704545, 0.13565449, AROSAL
63.70695992, 0.043096775, 16.3392, 41.8458, 1864.5, 3778.494003, 533.7465931, 333.6442557, 0.166670358, NORM
62.50655212, 0.044602151, 16.344, 42.2666, 2925.68, 4136.72699, 547.3096043, 332.0456948, 0.173540396, AROSAL
64.42612851, 0.044322579, 16.3152, 42.2186, 2487.34, 2807.142532, 335.3475248, 164.5568868, 0.313678042, AROSAL
59.54678357, 0.045406451, 16.225, 42.5076, 1216.5, 23482.20082, 2336.241711, 921.2115389, 0.054064615, AROSAL
61.43792102, 0.044163442, 16.2442, 42.4776, 1243.28, 17041.38597, 1335.939718, 579.3515015, 0.119988895, AROSAL
58.44893532, 0.04316129, 16.2582, 42.5618, 2879.94, 17981.47408, 1597.57397, 858.1502055, 0.088534636, AROSAL
65.93040365, 0.046537634, 16.0628, 42.6348, 3775.56, 24843.627, 2368.523703, 1203.375674, 0.055650541, AROSAL
59.98785426, 0.044473118, 16.3344, 42.8698, 3857.5, 15256.42426, 1527.236263, 872.8004876, 0.082195902, AROSAL
59.71187706, 0.080451609, 16.5676, 42.6678, 4491.38, 6205.968445, 809.0506219, 543.5909358, 0.119142864, AROSAL
61.09284912, 0.043806453, 16.5628, 41.7752, 5338.1, 3586.619598, 486.0073367, 258.6584102, 0.19081369, AROSAL
62.12210045, 0.043118279, 16.525, 41.7774, 4928.14, 3168.904755, 386.7807528, 202.1950329, 0.266188532, AROSAL
63.02564163, 0.050064516, 16.7106, 41.4792, 4377.86, 17060.54555, 2011.639029, 1423.737678, 0.052978868, AROSAL
56.94736748, 0.080129029, 17.5532, 41.1448, 10840.98, 2741.352905, 403.526802, 223.8515479, 0.211558286, NORM
59.31218923, 0.062236558, 18.4992, 38.4046, 1541.3, 3973.923035, 365.8333527, 191.0530706, 0.373132194, AROSAL
57.60576986, 0.046356988, 18.5042, 39.1884, 3203.16, 5437.064026, 701.3687895, 476.6469082, 0.138893346, NORM
59.79756966, 0.046516129, 18.5474, 39.0764, 5628.22, 9064.394089, 1605.017444, 1034.0842, 0.044216985, NORM
59.20332845, 0.108774188, 18.1712, 39.308, 4907.64, 4407.372086, 576.2467055, 378.9387472, 0.166791022, NORM
59.59851608, 0.059290322, 17.4722, 40.4302, 1055.64, 8780.663574, 1053.738199, 824.8364676, 0.099373767, NORM
54.25, 0.045419354, 17.9288, 40.4032, 2958.78, 8248.863266, 1026.229527, 792.8596631, 0.09842716, NORM
54.74013138, 0.045741935, 17.9764, 40.2412, 3017.12, 8522.591888, 1023.716115, 766.8836055, 0.102193312, NORM
60.87179527, 0.050258062, 18.0146, 39.7878, 4365.24, 9388.188248, 1957.138648, 1078.628029, 0.03079984, NORM
61.63247795, 0.04483871, 18.0146, 39.491, 5041.66, 6238.14415, 862.560892, 657.8205578, 0.105362421, NORM
61.78205223, 0.045548387, 17.8526, 40.131, 3308.84, 6041.190689, 833.6225665, 631.970195, 0.109242966, NORM
57.38056717, 0.044903226, 17.9146, 40.0668, 1926.0, 5851.256027, 821.5335156, 634.2568582, 0.108945274, NORM
57.85560099, 0.046666667, 17.748, 40.4218, 899.54, 1470.935654, 249.5235089, 86.85630832, 0.296879767, NORM
58.17155952, 0.045225806, 17.7384, 40.896, 938.96, 1517.006393, 502.3466525, 221.7025475, 0.075542308, NORM
53.625, 0.045677419, 17.5246, 40.917, 858.54, 1517.006393, 502.3466525, 221.7025475, 0.075542308, NORM
60.48762919, 0.055286023, 17.0532, 42.788, 1505.0, 1300.803024, 224.1092199, 116.9474031, 0.325463248, NORM
57.89473648, 0.055225804, 17.4436, 41.594, 5388.5, 4073.579498, 960.5526546, 716.66562, 0.055480927, NORM
60.92307587, 0.062967742, 17.8006, 40.601, 1561.78, 4197.941727, 530.6125166, 319.3865182, 0.187366217, NORM
58.91992823, 0.04683871, 17.8144, 40.2876, 1965.42, 3898.289291, 491.0186741, 310.2103209, 0.203183254, NORM
56.26315842, 0.044774194, 17.3628, 40.4952, 1875.54, 3943.386627, 493.5752763, 310.7479722, 0.20341006, AROSAL
58.97840767, 0.077935482, 17.1964, 40.8808, 1796.72, 3943.386627, 493.5752763, 310.7479722, 0.20341006, AROSAL
56.84637884, 0.043849464, 17.4054, 41.3338, 2897.3, 19500.59773, 1608.75544, 865.5919675, 0.094684247, AROSAL
61.62969894, 0.049677418, 17.7336, 40.6514, 5614.02, 14730.6131, 1775.156528, 540.2106931, 0.05874317, AROSAL
64.46336899, 0.045806451, 18.9226, 39.0902, 4283.26, 2981.750473, 353.2285732, 162.8628018, 0.300309801, AROSAL
62.48717918, 0.063032258, 19.094, 39.1086, 5175.68, 2718.964615, 351.8486136, 167.6292627, 0.275995329, AROSAL
59.10526276, 0.050193547, 19.7652, 37.9574, 5036.94, 4243.014267, 752.9393365, 535.9980925, 0.094051209, AROSAL
65.19864655, 0.049763438, 19.993, 37.0414, 8843.22, 17060.54555, 2011.639029, 1423.737678, 0.052978868, NORM
64.94273491, 0.047677419, 19.4268, 37.245, 2310.72, 9118.392258, 1037.061032, 826.0110349, 0.106541671, AROSAL
72.70982666, 0.052, 19.2368, 37.5254, 1820.36, 9394.24733, 1044.580139, 698.9370447, 0.1081903, AROSAL
52.34871826, 0.046021503, 19.65, 25.254, 6716.98, 3357.720444, 472.1600507, 259.2200387, 0.189267446, AROSAL
62.66666504, 0.048064513, 24.687, 31.5328, 1498.68, 3357.720444, 472.1600507, 259.2200387, 0.189267446, AROSAL
56.5, 0.049483871, 24.0308, 32.2208, 1907.08, 3086.786118, 440.967858, 230.8523117, 0.199481457, AROSAL
58.82051277, 0.048903223, 22.8576, 34.1826, 1985.92, 2118.109177, 429.1978464, 254.7048409, 0.144491779, AROSAL
62.55128288, 0.047935483, 22.5466, 34.399, 2301.3, 3598.525238, 455.0248871, 287.8491533, 0.218405774, AROSAL
58.4679484, 0.053892473, 22.8336, 34.373, 8234.58, 3944.502914, 370.5486504, 195.976355, 0.361003717, AROSAL
58.8933876, 0.047096773, 23.1168, 34.3464, 1445.12, 4612.953171, 602.0113708, 411.8770462, 0.15994826, NORM
59.51802559, 0.072516131, 22.6234, 35.7306, 4451.96, 8585.057724, 1056.316682, 658.1916272, 0.09668627, AROSAL
57.91228053, 0.04792258, 22.7386, 35.5166, 1673.74, 8302.942261, 1054.033626, 809.257342, 0.093914565, AROSAL
58.1045887, 0.046451611, 23.2128, 35.4762, 4463.0, 6358.024536, 868.7419697, 664.6548999, 0.105864526, AROSAL
60.82051315, 0.043225808, 22.9968, 34.6204, 2247.66, 1532.360977, 256.7783871, 86.52018913, 0.292047851, AROSAL
60.88933983, 0.047225805, 22.9104, 34.7118, 1993.8, 1470.935654, 249.5235089, 86.85630832, 0.296879767, AROSAL
59.908402, 0.044140763, 22.4842, 35.7632, 1774.64, 1471.960663, 342.168934, 172.1238536, 0.157988296, AROSAL
61.43589757, 0.05256774, 21.8482, 37.2348, 2897.26, 1499.6884, 318.8043941, 181.814446, 0.185422443, AROSAL
60.54700877, 0.045462365, 22.1732, 36.7676, 3635.2, 1577.66626, 285.2882052, 158.8376592, 0.243588829, AROSAL
60.66666794, 0.046709676, 22.3596, 36.5622, 4929.7, 1599.528732, 281.0186143, 150.7790373, 0.254525755, AROSAL
59.3841657, 0.043526883, 22.537, 36.0456, 1341.02, 1327.761505, 208.895056, 113.3295656, 0.382361022, AROSAL
63.63003654, 0.045419354, 22.6138, 35.174, 7498.22, 9104.848297, 1037.240839, 821.5556843, 0.106346539, AROSAL
64.65079702, 0.051913977, 23.4096, 33.6348, 7925.54, 10152.10281, 1207.715101, 949.8801924, 0.087465519, AROSAL
66.02380943, 0.104877418, 23.737, 33.6984, 9653.66, 9097.178009, 1052.762775, 779.1742952, 0.103146742, AROSAL
71.44651871, 0.049935485, 23.0304, 33.6334, 3591.04, 17041.38597, 1335.939718, 579.3515015, 0.119988895, AROSAL
66.20238037, 0.074064518, 22.992, 34.2482, 6254.2, 15617.73747, 1553.24724, 934.7435033, 0.081347985, AROSAL
65.11721687, 0.057999999, 23.7466, 33.2522, 4649.04, 2876.500305, 350.7680726, 163.5787812, 0.293788083, AROSAL
68.6071434, 0.045612903, 23.737, 33.2446, 4609.64, 2749.891663, 346.8845091, 162.9280458, 0.287180956, AROSAL
66.10470072, 0.120580648, 23.5546, 33.328, 5781.16, 3592.833405, 781.2376662, 553.6248888, 0.073974254, AROSAL
64.841576, 0.051225805, 24.5322, 32.01, 7731.6, 9063.959213, 1036.56952, 813.5978961, 0.10600612, AROSAL
61.88461609, 0.049548385, 26.0704, 29.2562, 1440.34, 3316.957077, 467.4217193, 246.0321917, 0.190779602, NORM
60.57557335, 0.053870966, 26.119, 29.1378, 1314.22, 3213.005905, 457.0934083, 233.3532041, 0.193246426, NORM
53.95, 0.065703228, 25.6956, 29.2662, 1717.86, 2672.965866, 393.3427641, 221.0833502, 0.217100561, AROSAL
65.88095169, 0.049032257, 24.8902, 30.7152, 5937.26, 4878.81163, 769.0770711, 416.9537631, 0.103653552, NORM
60.89743576, 0.060632259, 24.6968, 31.0558, 1877.12, 3330.557297, 605.1824271, 348.4882164, 0.11427577, NORM
59.87516937, 0.055096773, 24.6486, 30.6882, 2399.02, 3598.525238, 455.0248871, 287.8491533, 0.218405774, NORM
64.30128326, 0.051290321, 24.0884, 31.9042, 7646.44, 3420.606201, 356.6982802, 207.8043069, 0.337839878, NORM
53.58771922, 0.050408601, 24.5518, 31.4608, 9555.92, 3833.974533, 358.319514, 188.1263612, 0.375247811, NORM
60.52271678, 0.052688172, 24.9678, 31.0456, 3384.48, 4333.322952, 373.6676626, 183.4871828, 0.389995765, NORM
60.94070511, 0.054064517, 24.9094, 30.4874, 1260.58, 5449.970352, 702.2449313, 496.5640254, 0.138875865, NORM
64.93131676, 0.098967739, 24.5422, 30.6658, 6616.84, 5437.064026, 701.3687895, 476.6469082, 0.138893346, NORM
59.39068947, 0.051741934, 24.1366, 31.4854, 2514.14, 10189.48512, 1768.852785, 1010.174818, 0.040924061, NORM
55.41052597, 0.051225804, 24.2286, 32.0106, 2253.96, 4570.87384, 586.6267002, 397.5174607, 0.166911187, NORM
59.80229378, 0.072129031, 24.339, 31.4424, 2170.4, 4814.882645, 615.9570041, 407.1879383, 0.159475794, NORM
56.66666743, 0.068645159, 24.1172, 32.0474, 4344.74, 7993.362518, 1109.534424, 680.5659086, 0.081593923, NORM
67.41520335, 0.053548388, 24.3878, 32.0106, 3769.22, 8597.709091, 1061.741792, 799.2538515, 0.095841761, NORM
63.74358978, 0.080258064, 24.7984, 31.4888, 6333.02, 19865.82089, 2712.86113, 1649.916699, 0.033920423, NORM
60.91452942, 0.120774192, 24.8226, 32.0086, 3075.46, 6172.852509, 858.2275111, 647.3474145, 0.105315162, AROSAL
63.11721611, 0.061096772, 24.847, 31.392, 2321.76, 6281.440796, 848.7348091, 649.3137632, 0.109578438, AROSAL
61.92307663, 0.051806451, 24.818, 31.0258, 2643.42, 6116.997421, 852.9957189, 654.2745384, 0.105646341, AROSAL
55.69829597, 0.071935484, 24.813, 30.965, 2334.38, 6154.90535, 840.9968146, 635.9802719, 0.109355981, AROSAL
59.22295405, 0.065892472, 24.871, 30.9834, 2419.52, 6154.90535, 840.9968146, 635.9802719, 0.109355981, AROSAL
57.41776314, 0.049870966, 25.1668, 30.8938, 4491.36, 1598.458481, 269.6503028, 149.367234, 0.276254525, AROSAL
62.26923065, 0.062903225, 25.1422, 30.7566, 4083.0, 1489.898544, 249.5795553, 128.1958466, 0.300572018, AROSAL
66.15476303, 0.099935484, 24.837, 30.3532, 8374.92, 16477.22092, 1989.155678, 1513.623758, 0.052330668, AROSAL
66.57026901, 0.081612899, 24.6532, 30.621, 6440.24, 9122.123199, 1036.100118, 831.9636055, 0.106783057, AROSAL
60.04093628, 0.055053762, 24.9582, 31.0178, 7618.1, 9447.332275, 1044.647468, 706.0284778, 0.108787637, AROSAL
58.33333397, 0.066129033, 25.2776, 30.667, 7293.26, 9394.24733, 1044.580139, 698.9370447, 0.1081903, NORM
64.38461507, 0.049634406, 25.4476, 30.5192, 5938.84, 9538.586426, 1050.642752, 698.4344003, 0.108588478, AROSAL
64.15384649, 0.087569891, 26.085, 29.4272, 10448.36, 10100.83, 1123.630175, 766.185769, 0.100535661, AROSAL
61.22222176, 0.054860213, 26.862, 27.717, 11168.92, 10598.03326, 1230.738767, 808.4845751, 0.087923179, AROSAL
63.78632355, 0.052086022, 26.891, 27.8902, 5566.72, 10598.03326, 1230.738767, 808.4845751, 0.087923179, AROSAL
63.43406626, 0.052387095, 25.987, 29.1406, 6498.58, 3348.010345, 634.6027112, 401.9158356, 0.104470292, AROSAL
69.28888957, 0.048989246, 25.8998, 29.3374, 5522.58, 17060.54555, 2011.639029, 1423.737678, 0.052978868, AROSAL
65.61111043, 0.063096773, 16.2392, 33.847, 16299.68, 3357.720444, 472.1600507, 259.2200387, 0.189267446, NORM
64.01770426, 0.054774193, 17.7956, 31.618, 15218.04, 2527.866837, 384.5554844, 185.7109858, 0.214805817, NORM
65.19625053, 0.10417204, 19.2128, 28.7488, 7343.72, 9889.684326, 1512.294901, 939.9724563, 0.05433996, NORM
66.08089193, 0.083870969, 19.46, 28.294, 6832.86, 3494.806427, 359.7154939, 209.7493542, 0.339402237, NORM
58.42105255, 0.048387095, 19.389, 27.8728, 2790.06, 4333.322952, 373.6676626, 183.4871828, 0.389995765, NORM
62.7181427, 0.061849459, 19.0656, 28.2758, 2074.22, 8498.949936, 1584.934672, 773.1094848, 0.042516, NORM
56.15789459, 0.119870972, 17.2962, 31.4026, 3253.62, 12775.35063, 1692.20196, 998.6417822, 0.056063255, NORM
60.61538544, 0.088000003, 18.0714, 29.9202, 5008.56, 4940.229294, 644.8586243, 449.3381277, 0.149289047, NORM
59.24493828, 0.072322577, 18.1712, 29.0042, 1402.52, 8750.497086, 1056.348336, 675.4763072, 0.098543568, NORM
60.36842194, 0.06180645, 18.152, 28.7898, 1572.8, 8523.879425, 1056.487831, 648.7110516, 0.09596617, NORM
56.92982483, 0.049376342, 18.152, 28.9628, 1498.68, 8695.935043, 1056.789114, 807.5834506, 0.097847445, NORM
56.13157845, 0.057677419, 18.0004, 29.622, 2641.84, 8755.084915, 1074.49868, 821.3389178, 0.095292441, NORM
60.92307625, 0.077032255, 18.033, 30.2026, 2567.74, 8732.76442, 1079.859067, 809.5463884, 0.094108196, NORM
67.93635432, 0.096860216, 17.5148, 30.3968, 1799.86, 1645.968063, 268.8547285, 87.99535244, 0.286151423, NORM
63.06410408, 0.082387096, 16.92, 32.258, 2291.82, 1470.820267, 246.2970734, 127.1996793, 0.304684925, NORM
61.45299021, 0.051913978, 16.82, 31.9468, 1935.48, 1318.118042, 208.7002553, 113.4013547, 0.380292892, NORM
55.68421173, 0.103806443, 17.1012, 31.4116, 6918.02, 8055.48732, 1780.554756, 1079.182648, 0.031929419, NORM
57.43815887, 0.080000002, 16.058, 33.1764, 3945.82, 18078.0144, 1291.282354, 551.5238679, 0.136244243, NORM
64.59803581, 0.059419355, 16.1104, 33.0306, 5640.86, 19499.26257, 1607.767888, 840.5864417, 0.094794109, NORM
62.23433533, 0.174451613, 16.1818, 32.3492, 4696.36, 16625.87091, 1552.485608, 915.0496458, 0.086684032, NORM
63.65567894, 0.072645161, 16.201, 32.364, 7383.1, 3420.38884, 398.5966878, 204.0857106, 0.270531583, NORM
62.56410294, 0.091419355, 16.201, 32.364, 7383.1, 2695.577225, 359.6127027, 172.3216945, 0.261933831, NORM
64.46794853, 0.132451613, 16.201, 32.364, 7383.1, 3405.412109, 640.415243, 436.1705499, 0.104341294, NORM
61.73076897, 0.051419355, 23.0448, 21.4882, 1170.74, 3175.061584, 453.3668625, 230.9361102, 0.194116508, AROSAL
60.57085152, 0.09045161, 22.7622, 22.2606, 1654.8, 2642.637512, 390.5669659, 226.4940211, 0.217699005, AROSAL
52.99166667, 0.057075267, 22.7146, 22.0244, 1566.5, 2642.637512, 390.5669659, 226.4940211, 0.217699005, AROSAL
62.41941414, 0.305376338, 22.0296, 22.1312, 4410.96, 4878.81163, 769.0770711, 416.9537631, 0.103653552, NORM
62.01282082, 0.085741937, 21.0554, 23.4606, 1676.86, 1813.676529, 434.7555549, 256.4953891, 0.120581149, AROSAL
53.54166667, 0.135440854, 20.8888, 24.4154, 9144.36, 4032.006821, 365.4894786, 190.9113629, 0.379298708, AROSAL
60.14349899, 0.115311828, 17.6482, 29.8252, 1473.46, 5244.783249, 729.608977, 500.0978272, 0.123810384, NORM
64.52655792, 0.051483869, 18.1382, 28.9616, 5369.62, 5897.136444, 866.8770679, 628.1504841, 0.098613418, NORM
59.88888995, 0.052322579, 18.4946, 27.7758, 1670.56, 4491.703247, 580.3531971, 382.0634662, 0.167585391, AROSAL
65.80512733, 0.058387095, 18.5804, 27.4814, 9112.84, 8800.217896, 1268.75655, 792.5233175, 0.068698412, AROSAL
63.3614975, 0.084129032, 18.5138, 27.8778, 3141.68, 8780.663574, 1053.738199, 824.8364676, 0.099373767, AROSAL
63.64224726, 0.095268818, 19.0464, 28.0334, 5486.3, 17545.63933, 2715.376563, 1662.997854, 0.029903287, NORM
61.108638, 0.070580647, 19.0368, 26.8728, 5257.7, 6296.003403, 865.08582, 667.2235825, 0.105719824, NORM
66.79120738, 0.063784944, 18.9322, 26.8112, 2455.8, 5963.842911, 827.8968773, 657.7545296, 0.109341133, AROSAL
61.46153793, 0.056129031, 18.704, 27.2364, 3026.56, 5966.44104, 826.0954199, 602.8527746, 0.109866373, NORM
53.77692307, 0.067161291, 19.2412, 27.1704, 2602.44, 1360.763977, 247.8417334, 96.7285599, 0.278383693, AROSAL
59.55826599, 0.057677418, 19.3176, 27.0622, 2674.96, 1360.763977, 247.8417334, 96.7285599, 0.278383693, AROSAL
63.91523565, 0.046451612, 18.9988, 27.3398, 4559.18, 1577.66626, 285.2882052, 158.8376592, 0.243588829, NORM
60.43792229, 0.051612902, 18.9228, 26.9984, 1489.24, 1328.334885, 226.9343383, 119.1453725, 0.324128345, AROSAL
59.81488965, 0.063591397, 18.5424, 27.2708, 5837.92, 1469.296646, 215.8297512, 117.685093, 0.396366308, AROSAL
58.03508886, 0.054795697, 18.8038, 26.8552, 7854.6, 8055.48732, 1780.554756, 1079.182648, 0.031929419, AROSAL
60.38731461, 0.074580645, 19.7172, 26.1844, 11681.38, 9394.24733, 1044.580139, 698.9370447, 0.1081903, AROSAL
65.37454262, 0.103483871, 19.6648, 25.8636, 9571.66, 10598.03326, 1230.738767, 808.4845751, 0.087923179, NORM
65.39655304, 0.051161289, 19.0084, 27.4544, 2618.2, 3821.625046, 488.4375065, 314.054573, 0.201298217, NORM
60.03081538, 0.090817202, 18.9704, 27.4514, 2465.28, 3778.494003, 533.7465931, 333.6442557, 0.166670358, AROSAL
64.83760656, 0.065677419, 18.7088, 28.1002, 3863.82, 9285.362762, 1552.352164, 491.060139, 0.048420385, NORM
62.05128263, 0.074967741, 18.7086, 27.9064, 3185.82, 5277.847641, 1476.467651, 467.6650709, 0.030424177, NORM
60.18690987, 0.071290322, 18.5992, 28.1518, 2805.82, 17981.47408, 1597.57397, 858.1502055, 0.088534636, AROSAL
60.42915039, 0.065612901, 18.6328, 28.0544, 3064.42, 17981.47408, 1597.57397, 858.1502055, 0.088534636, AROSAL
60.49865036, 0.055032257, 18.6896, 28.0252, 4579.7, 4900.049454, 977.1444268, 795.9872821, 0.064490064, NORM
63.68131714, 0.156516125, 19.9072, 26.4412, 6205.3, 2981.750473, 353.2285732, 162.8628018, 0.300309801, NORM
59.99850464, 0.292516128, 20.2552, 26.5616, 8042.2, 3405.412109, 640.415243, 436.1705499, 0.104341294, AROSAL
