@relation .a/eda_raw_ml/eda_raw_ml
@attribute Sound real [46.22267342, 79.2527832]
@attribute Dust real [0.02916129, 0.39787096]
@attribute TempEN real [10.521, 26.891]
@attribute RH real [17.24, 60.8856]
@attribute Light real [287.76, 32280.1]
@attribute EDA_level {HIGH, NORM, LOW}
@data
54.3125,0.050129031,19.8554,31.4342,1525.52,NORM
62.74359029,0.046580644,18.823,33.2734,2567.74,NORM
56.57669881,0.053032258,17.6672,35.6872,3417.64,NORM
57.78947449,0.043096773,17.1058,36.6332,3119.58,NORM
59.10728683,0.049419355,15.9484,38.8968,1435.64,NORM
61.1623937,0.041333333,14.4188,42.0202,1405.7,NORM
60.62415771,0.043677418,14.649,42.5662,3554.8,NORM
57.47368495,0.042193547,14.5434,42.0982,4442.5,NORM
62.32051315,0.062,14.6442,41.6656,3948.98,LOW
57.02631607,0.039354838,14.4618,42.0696,2496.8,NORM
57.28070246,0.076731187,14.3044,43.5114,1233.78,NORM
71.42190552,0.06735484,13.473,44.3798,3196.9,NORM
60.36504822,0.046903226,13.1994,45.4912,1446.68,NORM
60.94298401,0.066322583,12.7078,46.3516,2269.74,NORM
56.78947474,0.060774192,12.7558,46.1466,2756.96,NORM
64.84981486,0.046838709,12.799,46.2326,4087.74,NORM
60.22996002,0.055161289,12.8614,46.2716,3524.82,NORM
64.19658152,0.074967738,12.9344,45.9818,2733.32,NORM
61.69047737,0.039290323,13.0208,46.1734,1713.16,NORM
62.16734161,0.060946236,12.823,46.3416,2506.24,NORM
58.38191579,0.068795698,12.8038,46.4636,2529.9,NORM
64.41513926,0.059612902,12.654,46.3944,2279.18,NORM
62.23076859,0.082580648,12.63,46.2612,797.04,NORM
60.54151962,0.08404301,12.5628,46.8552,3382.92,NORM
59.07422409,0.049032258,12.5628,47.4502,2086.84,NORM
59.21997261,0.040903224,12.683,46.8454,672.48,NORM
61.17948723,0.037032258,12.678,46.6898,489.6,NORM
60.73144341,0.050709675,18.7944,30.5192,735.56,HIGH
61.02564163,0.066967741,18.457,31.1268,640.96,HIGH
62.26495743,0.035741936,18.0146,31.5054,885.36,LOW
61.09401652,0.040688172,17.32,33.1614,593.62,LOW
52.140625,0.04232258,16.9534,33.8748,469.08,HIGH
59.34699605,0.073548385,16.844,33.9036,484.84,LOW
53.625,0.069419356,16.0532,36.0804,500.62,LOW
61.01282082,0.047741936,15.6426,37.1454,812.82,LOW
60.70467898,0.044967741,15.4662,37.5142,784.44,LOW
62.8461525,0.039225806,15.4092,37.3796,506.92,HIGH
61.52564087,0.038967741,15.1126,37.6644,363.44,HIGH
53.5,0.04916129,14.888,38.0204,834.86,LOW
62.89743729,0.06980645,14.745,38.5444,789.18,HIGH
62.04520887,0.058494624,14.6826,38.5766,495.9,LOW
63.85714162,0.037010753,14.3278,39.3958,558.96,HIGH
63.79487101,0.048817202,13.9012,40.5594,546.36,HIGH
61.01196503,0.044580644,13.5892,42.0392,529.0,HIGH
62.73076782,0.066709676,13.425,42.2664,505.34,LOW
64.60683924,0.050795698,12.92,43.366,308.28,LOW
64.28205261,0.060903226,12.92,43.2026,710.32,LOW
62.60439606,0.044516129,12.847,44.1854,729.24,LOW
61.4615387,0.038580645,12.847,44.392,374.5,NORM
61.99999924,0.05419355,12.8566,44.2678,803.34,LOW
60.62370644,0.044752689,12.9056,44.0356,527.44,LOW
53.875,0.042193548,17.0108,37.0972,2510.98,NORM
53.36129379,0.043591397,16.701,38.0872,2156.22,NORM
62.39316152,0.04064516,15.6952,41.1416,2741.18,HIGH
62.93406601,0.039612904,15.0698,42.2282,2941.42,NORM
61.65384636,0.041741936,14.754,43.1034,4369.96,NORM
59.11560898,0.034580646,13.978,45.0368,3154.32,NORM
53.4375,0.033870969,12.6156,49.6286,2383.28,NORM
56.96929779,0.035419355,12.5142,49.94,4235.94,NORM
58.71052704,0.036774193,12.582,49.033,4053.04,NORM
57.78947296,0.061741937,12.529,49.4018,4420.42,NORM
60.94736786,0.038645161,12.389,49.8618,1918.1,NORM
62.69408951,0.032387096,12.364,49.9014,1733.66,NORM
62.16358337,0.037419354,12.364,49.9628,2272.9,NORM
61.3200634,0.100731183,12.316,50.459,2542.52,NORM
55.51973686,0.043204301,11.9962,50.9104,4581.24,NORM
63.46963425,0.034021504,11.9434,51.007,4237.5,NORM
66.74267349,0.033419355,11.783,52.0688,3289.9,NORM
61.37179489,0.047741936,11.555,53.9684,2690.72,NORM
59.96086349,0.033032258,11.4576,53.465,3442.84,NORM
54.40789413,0.051612902,11.394,53.2624,3963.16,NORM
58.47908351,0.035913977,11.3114,53.1114,3805.52,NORM
63.26923027,0.036967742,10.8878,55.1628,2181.42,NORM
62.11111094,0.041634407,10.883,54.868,2400.58,NORM
57.21710587,0.030167741,10.873,54.9148,2913.06,NORM
62.05128326,0.052516127,10.81,55.457,1407.26,NORM
61.48717918,0.057935486,10.785,55.651,2575.62,LOW
56.44736824,0.031690321,10.751,55.9094,3393.96,HIGH
59.96288948,0.035870968,10.663,56.3914,3647.8,NORM
63.89743805,0.042193547,10.736,56.289,3737.68,NORM
63.11538467,0.035612904,10.7264,56.1504,1516.04,NORM
64.81044235,0.05283871,10.653,56.9504,2477.86,LOW
59.67071533,0.034735484,10.565,56.8292,1738.36,LOW
60.01282005,0.035870968,14.8448,44.3002,5402.74,NORM
60.40958138,0.141548388,14.9024,44.326,7086.7,NORM
59.93522301,0.050709675,14.481,44.9918,4622.24,LOW
57.78789902,0.035806451,14.4666,44.5504,4385.74,LOW
57.11403605,0.039376344,13.8244,46.4616,4205.98,NORM
59.76746025,0.036670968,13.858,46.2726,4327.4,NORM
63.03846207,0.035690322,13.8388,46.37,5866.3,NORM
52.50568182,0.035612904,13.6324,46.7176,3099.12,NORM
66.26066325,0.035397848,13.2234,46.9828,4410.96,LOW
62.13450394,0.043956989,12.92,47.6446,6831.26,NORM
60.88056793,0.034387096,12.823,47.892,6873.86,NORM
58.68758469,0.03348387,12.606,49.6824,3575.28,NORM
60.36752116,0.037634409,18.1712,33.9952,1743.1,NORM
55.68421021,0.051032258,16.7346,36.4012,2780.62,NORM
56.71052666,0.04264516,16.6252,37.084,3036.04,NORM
56.76315804,0.044258065,16.082,37.623,3028.16,NORM
60.63450254,0.077548385,15.0264,40.519,2775.86,NORM
55.34868546,0.047612902,14.936,41.4954,3056.54,NORM
55.81250153,0.100580642,14.9312,40.9542,3160.6,NORM
63.20512924,0.074580647,14.5722,41.9048,2228.74,NORM
55.73945618,0.07883871,13.9348,43.8388,5636.1,NORM
60.1605938,0.060709676,13.8724,44.064,5476.84,NORM
57.5526329,0.04916129,13.8484,44.1552,4308.48,NORM
56.01754379,0.081505377,13.786,44.129,2126.24,LOW
53.89144707,0.039419355,13.7668,43.781,2780.6,HIGH
62.42307587,0.039032258,13.473,45.5318,2723.86,NORM
53.61513176,0.044000001,13.4586,45.661,2260.3,NORM
55.56140442,0.036731183,13.4442,45.197,3824.42,NORM
60.114711,0.045075268,13.3962,44.7966,3444.4,NORM
60.69995448,0.038064516,13.377,44.738,3871.72,NORM
55.240131,0.053870968,13.3626,45.2432,3805.48,NORM
56.43859533,0.074193546,13.3722,45.369,3627.32,NORM
57.03508809,0.036064516,13.3722,45.4252,3797.6,NORM
61.512146,0.049999999,13.088,45.0466,5342.82,LOW
61.07692261,0.053032258,13.0544,45.4736,2228.76,HIGH
58.35357666,0.04883871,12.9824,45.9942,1716.3,HIGH
57.88596484,0.077376345,12.968,46.2412,1985.94,HIGH
57.92510109,0.049741934,12.944,46.5058,2903.58,HIGH
63.9835144,0.064322579,13.04,45.6716,1695.82,HIGH
62.77350438,0.03535484,12.9968,45.4474,1676.88,LOW
56.39473648,0.036451614,12.944,45.547,2682.84,LOW
64.37362569,0.060430109,12.7174,46.6698,2987.12,LOW
63.88766734,0.053591397,12.485,47.1676,2359.62,NORM
63.35897408,0.053096773,12.558,47.1956,1623.26,NORM
59.27260462,0.046709676,12.5484,47.1138,1653.22,NORM
61.34952774,0.040387098,12.3496,47.7134,2276.04,NORM
60.53846207,0.037935484,12.4514,47.6214,1178.6,NORM
59.16644185,0.06,12.316,48.1226,1383.6,HIGH
54.42763176,0.040387095,15.9338,38.9148,2704.9,NORM
58.05263214,0.073161288,15.7432,39.1316,3048.64,NORM
59.04385986,0.073806449,15.724,39.258,2845.26,NORM
57.8,0.055956991,15.4994,38.9454,2966.66,NORM
59.37651825,0.044516129,15.1462,40.181,4398.34,NORM
59.72604713,0.047032258,15.079,40.3718,3567.42,NORM
59.96018944,0.038064516,14.9456,40.6182,2924.08,NORM
54.43859609,0.033806453,13.257,45.879,4477.2,NORM
59.26315765,0.034709678,12.8518,47.1836,1818.8,NORM
58.49999886,0.036967741,12.9104,45.9788,2269.72,NORM
57.89473572,0.033870969,12.92,46.2854,2353.3,NORM
61.66666641,0.038774193,12.799,46.0462,3565.8,NORM
62.95801773,0.03455484,12.775,46.0244,1853.46,NORM
64.0540287,0.066129034,12.6588,46.3826,2514.14,NORM
58.6504715,0.036129031,12.5964,46.9958,2186.16,NORM
58.41565552,0.03948387,12.509,47.5978,3239.46,NORM
58.23670685,0.042064518,12.3208,48.6844,1907.08,NORM
61.17341385,0.042580646,12.384,48.0266,2077.4,NORM
56.93684082,0.036903227,12.389,47.7492,2170.42,LOW
59.93522224,0.033290322,12.4178,47.5918,3896.96,NORM
61.67476387,0.037032257,12.374,47.7908,3061.24,NORM
61.40395889,0.034580646,12.379,47.4822,3922.16,NORM
62.65201263,0.034580646,12.4322,47.4084,1656.36,NORM
60.98178253,0.048903223,12.369,46.669,2307.6,NORM
61.39743538,0.053354837,12.3544,45.7914,1408.84,NORM
64.00732638,0.032430108,12.292,45.684,3893.78,NORM
61.69230843,0.035483871,12.1518,46.573,1516.02,NORM
60.2692318,0.03148387,12.137,46.5834,2484.16,NORM
62.02564049,0.04283871,15.366,60.5836,32280.1,LOW
63.04395472,0.104967743,15.5138,59.8244,32280.1,NORM
61.66666718,0.06129032,15.6666,59.3814,32280.1,LOW
56.94736837,0.047526881,16.3916,58.3762,32280.1,LOW
62.35384445,0.130129029,17.8432,53.6416,32280.1,HIGH
58.60121536,0.042580646,17.7432,52.2628,3207.9,LOW
53.29166667,0.037634409,17.344,54.2708,3622.58,LOW
54.62019272,0.03832258,17.3632,54.0462,3652.52,LOW
61.89608726,0.043935484,17.296,54.0794,3740.84,HIGH
65.71428604,0.037870968,16.8296,56.2428,3600.5,HIGH
62.61153056,0.040430108,16.8536,55.9788,4215.44,HIGH
55.17543818,0.038107527,16.82,56.2354,3285.16,LOW
56.78340034,0.036580646,16.796,55.7934,3226.84,LOW
60.53846016,0.065677418,16.4774,55.636,3665.16,HIGH
62.40170975,0.046107525,16.2722,56.3414,4130.3,LOW
63.78687096,0.036645162,16.2346,56.4088,4962.8,LOW
64.88154246,0.03595699,16.7202,53.53,3433.38,LOW
65.17355766,0.038548387,16.4822,55.46,7996.5,HIGH
62.48155568,0.049591396,16.487,55.4668,3849.64,LOW
62.61538366,0.046387096,16.3776,54.0262,2291.82,HIGH
60.15870514,0.039032258,16.344,54.1688,2449.46,HIGH
63.69230881,0.035548387,16.1866,54.2622,4500.84,LOW
57.86842155,0.040929032,16.3248,54.3068,4779.94,LOW
56.31579056,0.040387097,16.4106,54.1904,4693.2,HIGH
63.05128288,0.041870968,16.6012,53.6784,5520.98,HIGH
62.83333359,0.048580645,17.106,52.7414,2580.34,LOW
60.04588394,0.037109678,17.082,52.454,2566.16,LOW
48.46783562,0.031419354,18.7008,23.653,4055.42,LOW
61.88461533,0.048774192,23.0544,29.8612,1013.08,NORM
61.41025696,0.049032257,22.8528,30.3888,1156.54,LOW
61.13967628,0.041290323,22.7146,30.7194,1348.92,LOW
59.9568161,0.052580644,22.0154,32.263,1516.04,HIGH
68.36233139,0.056064514,21.6904,32.946,1575.98,HIGH
61.53846016,0.051806451,21.7624,32.9524,1653.24,HIGH
63.52564316,0.043354839,21.9678,32.5654,2156.24,HIGH
64.15995026,0.042365592,21.9534,32.0844,2000.12,HIGH
54.50657845,0.044387095,20.5886,34.7758,2160.94,HIGH
54.52302704,0.046064516,20.6648,34.7308,2105.76,HIGH
67.56410141,0.058129032,21.1702,34.5938,3207.9,HIGH
60.3903038,0.039612902,21.127,34.431,1210.14,LOW
60.955513,0.040903225,21.0934,34.382,1028.84,HIGH
60.47300949,0.060193545,20.8362,34.3244,1642.18,HIGH
61.41497917,0.042709676,20.8506,35.5324,1282.68,HIGH
62.17858696,0.060688172,20.9268,35.3946,1266.9,HIGH
64.23443336,0.046516129,21.0416,35.129,2793.22,LOW
55.08350138,0.039655912,20.9936,35.388,997.28,HIGH
56.01973677,0.074580645,21.0744,35.2176,1011.48,HIGH
59.57759628,0.067096773,21.079,35.238,1006.78,HIGH
57.57631546,0.051935482,20.9984,36.926,1662.68,HIGH
60.14102631,0.039354838,21.0128,35.798,1413.56,HIGH
55.94736977,0.057806449,21.1462,35.0666,2285.46,HIGH
65.20175374,0.054494624,21.0934,33.0576,1514.44,HIGH
63.0,0.071741934,21.3708,34.5138,1817.22,HIGH
57.75461146,0.080903225,21.3372,35.0784,1821.92,LOW
52.875,0.03948387,21.1318,34.1146,4269.04,HIGH
56.8148908,0.041870968,21.2038,34.048,2911.48,HIGH
62.4177269,0.041483871,21.175,34.8914,2618.2,HIGH
69.01721725,0.040129033,21.175,35.2012,3025.0,HIGH
60.94534378,0.044193547,21.1846,35.6964,5043.24,HIGH
63.28205109,0.041338708,21.8766,34.515,6222.64,HIGH
62.94871902,0.051096774,22.4218,32.5594,2244.52,HIGH
61.75641136,0.045935483,22.6906,32.8898,2107.32,HIGH
62.19972992,0.105225806,22.729,32.413,2585.1,HIGH
63.05128301,0.041333335,22.6666,32.374,3352.96,HIGH
66.07351786,0.036946237,22.5754,31.912,3357.7,LOW
67.15292816,0.045870967,17.6148,44.202,4746.8,LOW
60.0020237,0.042580645,17.6674,41.8492,926.34,NORM
61.48717918,0.042516129,17.8958,41.6894,1243.26,NORM
59.73009491,0.043716128,16.7776,43.1754,1516.04,NORM
60.98245697,0.051870966,16.606,44.05,1006.74,NORM
57.87719294,0.083655913,16.3774,44.358,994.14,NORM
61.2136762,0.077548385,16.5154,45.1392,7501.4,LOW
55.56025696,0.044051614,16.7964,44.2374,9037.16,NORM
60.3130909,0.041935484,17.5628,42.636,1024.12,NORM
59.87584267,0.048451612,17.4816,41.969,1087.16,NORM
58.85222626,0.040580645,17.534,41.9624,3411.3,NORM
58.52631569,0.039419353,17.3726,41.9504,1173.92,NORM
57.73684235,0.038838709,17.32,42.4932,961.02,NORM
61.46915398,0.039677418,17.106,42.9276,2627.64,NORM
57.68421135,0.040335482,16.939,45.551,1126.58,NORM
56.15789413,0.039806451,16.8392,44.7618,3187.4,LOW
54.81907845,0.040967742,16.9678,44.1186,3143.24,NORM
59.70670217,0.040860214,16.963,44.2638,3100.68,LOW
57.59775019,0.053634409,16.9246,43.8024,3231.56,NORM
63.89560471,0.04432258,16.787,44.1414,6684.64,LOW
61.01417058,0.03944086,16.868,43.7704,3340.34,NORM
61.66666641,0.040580644,16.8964,44.319,1514.48,NORM
62.62820358,0.038709677,16.8392,44.6288,2039.52,LOW
62.61538467,0.039432257,16.5204,46.7952,1374.14,NORM
55.36842155,0.061096772,16.4058,47.3204,1014.64,NORM
57.15789528,0.040129031,15.9482,46.4034,1670.56,NORM
58.2975708,0.039419354,15.294,48.3446,7116.68,LOW
65.26740112,0.04108387,16.7582,45.617,8419.06,NORM
64.11263809,0.047096774,17.4484,44.1884,8565.7,NORM
62.64102631,0.045612903,18.1666,42.0084,1334.7,LOW
60.78461426,0.081247309,17.344,43.178,2094.74,NORM
63.28632495,0.039161289,16.3246,44.2062,1268.52,NORM
62.65384636,0.04264516,15.7,45.9644,3614.72,NORM
57.9113252,0.040619354,16.2154,46.6752,2835.78,LOW
64.53113581,0.043707526,16.3344,44.991,6027.1,NORM
66.66666565,0.043354838,17.5388,43.0672,6544.3,NORM
68.38685608,0.042365592,17.729,42.4128,4934.46,LOW
59.92996864,0.041870968,18.0954,42.2372,4948.64,NORM
63.67521261,0.06004301,19.3982,40.267,7974.42,LOW
66.34798431,0.167053766,21.2562,28.0736,2337.54,HIGH
60.81376495,0.068451611,20.2978,29.9468,1820.36,HIGH
55.42388799,0.128301076,19.9598,29.9654,1391.48,LOW
54.83552704,0.061419352,20.1026,29.4698,1538.12,HIGH
59.59514313,0.188709685,19.1748,30.9372,2105.76,HIGH
56.42105331,0.105870966,18.9512,31.839,1698.94,LOW
59.20985107,0.124580646,18.3758,32.5144,2758.54,LOW
62.40171,0.101161288,17.71,33.86,7428.84,HIGH
60.88888957,0.169634403,17.263,34.8844,2058.46,HIGH
53.41666667,0.064989247,18.2,33.3936,2419.52,LOW
60.57692223,0.127032257,17.786,34.1166,1167.6,HIGH
54.62019234,0.097806452,17.805,34.485,670.9,HIGH
61.69230728,0.148322581,16.582,38.275,3300.94,LOW
60.20985146,0.185677419,16.7012,38.1132,3669.88,NORM
68.85256577,0.088322579,16.7538,37.7958,1419.88,LOW
59.32330933,0.096967742,16.9152,36.6532,1271.64,NORM
67.85834376,0.127462367,16.7726,36.7424,1473.48,LOW
63.61538353,0.152967736,16.8104,36.6946,5358.56,LOW
61.50067444,0.11729032,16.8392,36.7104,6386.62,LOW
60.12280655,0.128129032,17.5148,35.9978,5990.86,LOW
63.53296661,0.133419352,17.843,35.3584,1244.86,HIGH
62.5168705,0.161225805,17.9102,35.2604,5090.54,HIGH
72.22468541,0.102817206,17.962,35.468,5358.58,HIGH
60.86471024,0.10993548,17.9288,35.9544,5492.62,HIGH
66.84065857,0.107612903,17.6814,36.216,5562.02,HIGH
63.06964569,0.108580641,17.5196,36.018,5448.5,HIGH
61.397435,0.175806449,17.5772,36.3684,4467.74,LOW
63.30769234,0.11103226,19.1318,33.8682,16654.44,LOW
67.71094208,0.112946234,19.579,33.1452,14406.0,HIGH
62.76923167,0.097419355,19.6462,32.4964,14027.56,HIGH
63.70156326,0.187677417,19.96,32.4586,13617.62,LOW
60.00967255,0.046924732,20.1028,31.9936,11258.8,HIGH
62.8304982,0.098451613,19.9266,31.3074,1342.58,HIGH
60.16545263,0.116430105,19.9264,31.6464,2209.8,HIGH
52.70833333,0.044774194,20.412,32.38,1072.98,NORM
62.48718048,0.044967742,19.66,33.3964,1194.4,NORM
58.33130798,0.047999998,19.9314,33.8374,8844.8,LOW
61.58974406,0.045462365,20.6078,32.742,5591.94,NORM
61.68375982,0.044068818,19.8788,32.643,1631.14,NORM
60.75236092,0.044000001,19.7076,32.9448,1095.04,LOW
63.32523499,0.044129033,19.346,33.1632,4872.94,NORM
59.60526237,0.044967742,19.1414,34.231,2178.28,NORM
60.51889458,0.042451614,18.9466,36.5506,5180.42,NORM
62.94016978,0.045264516,19.2604,35.1356,3961.6,NORM
63.92185491,0.044369893,19.294,35.2438,5450.04,NORM
59.72672195,0.043096776,19.441,34.2396,5763.8,NORM
59.23954086,0.044645162,19.4034,34.058,1801.46,NORM
60.26518173,0.041741935,18.4092,36.6666,1585.42,NORM
60.41025658,0.042193549,18.3476,36.3278,2731.74,NORM
60.63900223,0.093999999,18.4044,35.753,975.22,NORM
59.04210541,0.089677421,18.3568,35.6308,795.48,NORM
60.7774231,0.04167742,18.5378,35.367,6910.1,NORM
65.36874441,0.049935483,19.6554,33.3894,8157.32,NORM
61.56410255,0.046,19.7364,33.5752,8420.66,NORM
58.86215566,0.04351828,21.1126,30.6502,1282.7,LOW
63.31296349,0.04772043,21.0604,30.7658,1359.94,NORM
61.85641037,0.042709677,20.3602,32.07,1747.84,NORM
62.89743652,0.056645163,20.388,32.245,6249.46,NORM
66.53968048,0.045505376,21.0558,31.319,5844.22,NORM
62.19414024,0.045393548,21.6808,31.1996,5812.7,NORM
60.78243624,0.045591398,21.9294,30.7798,5547.8,NORM
62.52856344,0.048344085,22.0534,30.4756,5584.06,NORM
58.12280782,0.044877419,23.4872,25.8806,3017.1,NORM
64.7023819,0.044451613,21.7622,28.7128,1713.16,NORM
56.85919851,0.044086022,20.9508,30.3958,1397.8,NORM
62.51281967,0.046503225,20.3172,31.501,1610.66,NORM
63.15384521,0.043122582,19.6694,32.4654,1377.3,NORM
63.14957352,0.159462366,20.5838,31.684,6637.34,NORM
64.11172066,0.062774192,20.5934,30.9992,6725.62,NORM
58.00000114,0.049096773,21.0936,30.3746,8728.12,NORM
65.67307625,0.097870971,21.2846,30.5374,7767.84,NORM
61.20512924,0.044825807,21.7144,29.2804,987.82,NORM
63.51282291,0.051806451,20.8314,30.1388,2305.98,NORM
60.87179489,0.044983871,20.3408,31.144,863.28,NORM
61.21390038,0.044258065,20.6836,30.1464,4297.46,LOW
66.50279732,0.044774194,20.436,31.4652,6176.92,NORM
61.25530281,0.044322581,20.5406,31.4276,2663.9,NORM
64.61721649,0.044774194,20.9176,30.2258,4816.18,NORM
59.47143428,0.047397847,21.0888,30.7482,3685.64,NORM
62.89743462,0.05003871,21.1222,30.4036,1457.7,NORM
57.02302589,0.044322581,21.27,30.5632,1140.78,NORM
53.94166667,0.045913978,21.3564,30.4038,1191.24,NORM
60.8090416,0.056580645,21.418,30.6894,2088.42,NORM
61.34552612,0.139741931,21.3658,30.685,2421.12,NORM
58.9705363,0.043333333,20.7268,30.6306,4267.48,NORM
61.0512825,0.045290321,20.5168,32.17,4040.42,NORM
59.45559952,0.044980645,20.4216,31.1842,3947.4,NORM
64.56318817,0.051612904,20.622,30.8018,7703.22,HIGH
68.17857285,0.048064516,21.8336,29.223,6607.38,LOW
57.0526329,0.045354838,21.9054,29.5714,1793.56,HIGH
57.39473686,0.045870967,21.7478,29.9206,3709.3,HIGH
64.07692184,0.047999998,23.2752,28.6048,5609.3,LOW
65.63370056,0.086709679,23.4482,27.3324,11213.06,HIGH
66.64102631,0.04729032,23.4772,27.348,7561.32,HIGH
65.06349246,0.048731181,23.1744,27.216,5607.7,HIGH
66.77777913,0.046838708,23.0928,27.5016,4994.36,HIGH
67.75000076,0.050322579,22.9248,27.7592,7905.04,HIGH
60.82996025,0.059032258,23.3568,27.9218,10396.32,HIGH
66.9523819,0.05083871,20.4836,30.5234,492.74,NORM
67.49999847,0.045032259,20.2644,30.7914,593.64,NORM
64.96398061,0.044430108,20.1168,30.712,603.1,LOW
57.76585884,0.044709678,20.0264,30.5976,612.58,NORM
61.14620005,0.044688173,19.4888,31.5682,603.1,NORM
57.76113434,0.042193548,19.3554,31.9938,570.0,NORM
68.8339447,0.043290324,18.8372,33.6764,2118.36,NORM
66.2561053,0.045634408,18.889,33.1808,1068.24,NORM
61.57692223,0.043677421,18.723,33.4554,776.58,NORM
64.0503685,0.043535485,18.675,33.8324,570.0,NORM
64.70513,0.042129031,18.6894,33.6892,577.9,NORM
55.50000038,0.04367742,18.6798,34.0298,481.74,NORM
54.65224355,0.043333335,18.675,33.7862,484.88,NORM
61.60073191,0.045204301,18.5944,33.8312,666.2,NORM
55.34210587,0.042096773,18.533,33.7864,514.82,NORM
68.03174438,0.042311827,18.533,33.9108,674.06,LOW
70.59809418,0.043445163,18.58,33.9548,961.04,NORM
71.75599264,0.043010755,18.7086,33.7368,1421.46,NORM
65.94047623,0.042774195,18.747,33.714,831.74,NORM
66.60714035,0.044064517,18.723,33.6328,855.4,NORM
63.34737523,0.043389248,18.8132,33.7534,1405.66,NORM
60.40215836,0.043612904,18.985,32.9714,1331.54,NORM
66.17460124,0.041935484,18.985,33.0704,1500.28,LOW
65.2979248,0.05204301,18.9942,33.1108,1298.46,NORM
55.11403503,0.04288172,13.786,47.769,1329.98,NORM
53.98026276,0.041354839,13.858,47.6106,1293.74,NORM
53.75,0.041290322,13.8868,47.5834,1307.92,NORM
60.35155182,0.043935484,13.3578,48.766,5312.86,NORM
61.37179413,0.047096774,13.449,48.8896,2373.82,NORM
52.9375,0.042580646,13.6564,47.9698,962.64,NORM
53.8125,0.042387096,13.4394,49.024,1702.1,NORM
62.02361717,0.042838712,13.57,48.2804,2403.76,NORM
61.8893383,0.04064516,13.5604,48.2792,3915.86,NORM
61.01709493,0.046107527,13.522,48.231,2618.2,NORM
53.3125,0.048064515,13.502,48.4326,565.28,HIGH
52.8125,0.109161288,13.1514,48.9854,571.58,NORM
62.49707642,0.075161288,13.132,48.7672,692.98,NORM
58.17813873,0.041935483,13.2282,48.9714,1136.04,NORM
60.38169149,0.04064516,13.2138,49.321,522.68,NORM
57.18876572,0.042983873,13.233,49.2802,555.82,NORM
60.75640945,0.043032257,13.1898,49.8782,3245.72,NORM
62.45344238,0.212129018,13.2186,49.7956,6148.52,NORM
64.15750885,0.042451614,13.3626,49.9016,2723.82,NORM
59.36707077,0.061858063,13.512,48.669,6481.22,NORM
62.19658152,0.042150538,13.517,48.9104,1293.72,NORM
68.48809586,0.054516129,13.4634,48.6568,1224.36,NORM
64.17032967,0.044129031,13.5412,48.9202,3813.38,NORM
59.4010348,0.0467957,13.6948,49.2556,1277.94,NORM
62.16666641,0.056580646,13.9588,47.5994,3384.48,NORM
60.53441315,0.041741936,14.098,47.3998,3879.58,HIGH
58.0,0.049741936,16.1388,42.9992,18204.38,HIGH
60.78407516,0.045935484,16.1866,42.6366,11309.24,HIGH
60.42465134,0.051010752,17.3152,40.6568,15504.98,HIGH
60.2153833,0.051741935,17.5004,40.0154,16369.06,LOW
62.89621633,0.090021502,18.2048,38.6908,14324.02,LOW
54.375,0.043509679,17.6482,39.8254,2583.52,HIGH
53.5,0.045096774,17.7194,39.801,2575.62,HIGH
58.04647408,0.044387097,17.891,39.4004,2501.54,LOW
60.52226588,0.04739785,17.819,39.1346,3105.44,HIGH
59.58771985,0.043131185,17.458,40.9228,4056.2,NORM
61.71794891,0.060580644,17.558,40.4266,4169.72,NORM
64.18331273,0.05432258,17.3008,40.9886,1257.46,NORM
61.81196645,0.11488172,17.2486,41.1172,976.8,LOW
53.8125,0.04335484,17.1676,40.4866,2011.12,HIGH
52.8,0.044000001,17.244,40.5784,1979.62,HIGH
65.50457916,0.06664516,17.2344,41.3014,3658.86,NORM
60.37044525,0.046064515,17.2534,41.0794,3594.22,NORM
61.11470998,0.04744086,17.3488,40.5194,4199.68,HIGH
62.90256287,0.043655913,17.539,39.9486,2184.58,LOW
61.16239319,0.044378495,16.9012,42.1328,1301.6,NORM
53.2307017,0.044258065,16.668,42.2018,1506.6,LOW
59.26180801,0.046451611,16.32,42.3402,1416.74,HIGH
60.45388972,0.080989246,16.3774,42.366,3868.58,LOW
61.79670258,0.045161291,16.6252,41.795,3873.3,NORM
54.375,0.048516129,16.9012,41.002,2107.36,HIGH
67.20551554,0.054473118,16.773,41.9458,2906.76,LOW
59.89878616,0.043010753,16.2582,41.2558,1916.54,NORM
61.03846016,0.046774194,16.3488,42.2798,3646.24,LOW
61.69230728,0.043225807,16.4152,42.3132,7531.36,LOW
65.39285622,0.044451613,16.2106,42.963,2124.68,HIGH
57.41205597,0.047526881,16.249,42.478,1303.2,LOW
58.44893532,0.04316129,16.2582,42.5618,2879.94,LOW
63.54944992,0.042709677,16.2346,42.7818,2681.28,LOW
64.47008514,0.044129033,16.5724,41.9934,6334.58,HIGH
59.50101318,0.04516129,16.5532,41.9464,5774.88,HIGH
61.53306198,0.059483872,16.7106,42.2322,5238.76,HIGH
63.6239329,0.046580645,16.892,41.8894,3994.72,NORM
61.80576668,0.044064517,16.9058,41.7058,4554.46,HIGH
56.94736862,0.048516128,17.2154,40.8636,4442.5,HIGH
61.24178925,0.052086022,18.6422,38.8858,13131.98,NORM
61.92735074,0.062279567,19.2366,37.4798,12414.56,NORM
54.89473686,0.051483871,17.9908,40.4162,2097.88,NORM
59.79622142,0.045849461,18.1904,40.6054,1503.42,NORM
57.11842117,0.050193548,17.8956,40.8622,3373.48,NORM
59.14332062,0.060516128,18.0952,39.7128,4116.12,NORM
61.37220062,0.045419354,17.9956,39.8308,5380.68,NORM
65.06904602,0.049290321,17.962,39.7952,4759.42,NORM
59.59851608,0.059290322,17.4722,40.4302,1055.64,NORM
60.12213097,0.05032258,18.0142,40.1034,5186.72,NORM
58.97255809,0.045574193,18.005,39.9992,4953.38,NORM
60.87179527,0.050258062,18.0146,39.7878,4365.24,NORM
61.76068319,0.045720431,17.943,39.7348,4731.04,NORM
56.22807032,0.046107526,17.8382,40.078,1788.84,NORM
56.21052704,0.044645162,17.7102,40.7004,1736.8,NORM
60.37674332,0.191870967,17.7198,40.547,2984.0,NORM
60.23931503,0.064335485,17.6958,40.5638,1448.24,NORM
57.09649137,0.052236558,17.7384,40.3566,961.04,LOW
58.59649124,0.075612902,17.724,40.4386,934.22,LOW
58.17155952,0.045225806,17.7384,40.896,938.96,NORM
53.35,0.047290323,17.2298,41.7424,855.38,LOW
58.78947411,0.044129033,17.1438,42.4348,3494.88,NORM
61.77237981,0.043440862,17.363,41.604,5393.24,NORM
62.60188904,0.076322577,17.7624,41.2452,4649.04,NORM
59.88798981,0.046774192,17.5818,40.5898,1375.7,LOW
60.63630257,0.047225804,17.7008,41.0396,3329.3,NORM
58.87449265,0.167290323,17.7908,40.2336,2025.34,NORM
60.63022995,0.04729032,17.4006,41.3524,1678.44,NORM
58.63157959,0.045135484,17.5196,41.231,2706.48,LOW
66.24603068,0.043638711,17.6098,41.0996,2632.4,LOW
68.00793457,0.047051611,18.0002,40.4816,3643.08,LOW
57.57894745,0.051483869,19.6744,38.078,5027.48,LOW
64.94273491,0.047677419,19.4268,37.245,2310.72,LOW
58.78947372,0.049548387,22.705,34.3076,1516.06,HIGH
60.31848869,0.047741933,22.7952,34.1236,1973.3,HIGH
58.4048584,0.096967741,22.781,35.5012,9089.18,LOW
58.44399376,0.096064513,22.7622,35.0688,9333.6,HIGH
61.54700979,0.047870966,23.9972,32.6394,1411.98,LOW
61.38461533,0.04516129,23.4918,32.4608,5874.2,NORM
59.51802559,0.072516131,22.6234,35.7306,4451.96,LOW
57.44736824,0.046838708,22.7528,35.2736,3565.82,LOW
57.2368412,0.046193548,22.9392,37.463,3737.68,LOW
58.947369,0.045677418,23.1072,36.2204,4254.86,LOW
62.11538315,0.050258064,23.4626,34.6578,3140.1,LOW
61.06837552,0.049101075,23.5162,34.4168,4825.66,HIGH
58.1045887,0.046451611,23.2128,35.4762,4463.0,HIGH
55.57894745,0.048193548,23.2416,34.6236,2211.4,LOW
58.32861023,0.066903226,21.819,37.455,2214.54,LOW
56.65317078,0.046451613,21.843,37.5294,3341.92,LOW
63.53588969,0.04627957,22.5274,35.2584,7793.12,LOW
66.02380943,0.104877418,23.737,33.6984,9653.66,HIGH
60.47143606,0.045677419,23.1888,33.9672,2514.14,HIGH
59.87786713,0.044645162,23.5738,33.1028,5691.3,HIGH
59.98650589,0.046451611,23.6506,32.983,5614.04,HIGH
66.26679204,0.046021505,23.5642,33.3088,5863.14,HIGH
66.21001231,0.05655914,23.6554,33.4704,5899.42,HIGH
64.353479,0.053806453,24.3538,32.2224,6774.5,HIGH
53.50833333,0.053866667,25.744,29.345,1694.22,HIGH
58.91902873,0.080817204,24.3442,30.9786,2709.66,LOW
63.75641098,0.060645161,24.0836,31.6354,7272.78,NORM
60.17982381,0.048731181,24.1996,31.88,8442.72,NORM
55.89423065,0.049935484,24.7982,31.0982,10517.7,NORM
63.11538544,0.068322578,24.8422,30.8258,11403.84,NORM
56.86797218,0.064086019,25.0452,30.9304,2347.0,NORM
58.57310079,0.054408599,25.1082,30.8214,2747.48,NORM
60.6329277,0.050193548,24.987,30.305,1459.3,NORM
59.71659953,0.08047312,24.8372,30.7172,1553.9,NORM
64.93131676,0.098967739,24.5422,30.6658,6616.84,NORM
57.03508886,0.104559138,24.166,31.589,2526.74,NORM
57.28070234,0.054516127,24.0836,31.7966,2520.44,NORM
56.07368317,0.05548387,24.3634,31.599,1979.62,HIGH
58.22537079,0.095070967,24.2382,32.2726,1766.76,NORM
62.29059804,0.051870966,24.8422,31.0684,4209.14,LOW
59.4392704,0.097999996,24.9438,31.1444,4939.18,LOW
58.0937912,0.056258062,24.7452,31.134,3808.64,LOW
54.13815765,0.048774193,24.7308,32.5778,3220.52,LOW
55.70175425,0.04752688,24.4454,32.264,3307.24,LOW
56.17543793,0.050408601,25.0696,31.0542,4434.6,LOW
59.27395416,0.050064516,25.147,30.703,4740.5,LOW
67.95787354,0.056580644,25.016,30.5976,8283.48,HIGH
68.70211792,0.078516129,25.0356,30.3022,8666.6,LOW
65.8842511,0.071096771,24.7598,30.4682,6615.24,LOW
65.45757116,0.061526882,25.4528,30.3574,5978.24,LOW
64.66782265,0.106774187,25.7636,29.6924,8426.94,LOW
62.57557411,0.059419353,26.3678,28.3748,3378.2,LOW
61.01282082,0.105032257,25.1662,29.8804,3135.38,LOW
61.37179375,0.085870968,25.0212,30.2336,3132.22,LOW
60.55128288,0.194451613,24.7838,30.9556,2665.5,HIGH
60.91655502,0.052817201,24.6438,31.4754,4153.96,LOW
64.47313944,0.064387096,25.137,30.6214,3433.38,LOW
65.36996155,0.057419355,25.501,30.2462,7769.44,HIGH
67.20079498,0.065483869,25.4672,29.8916,9768.78,LOW
69.280159,0.096580645,25.9436,29.3682,4172.88,LOW
64.07661743,0.094430108,16.1578,33.6432,16626.06,NORM
64.99175797,0.058838706,16.4392,33.5388,16085.24,NORM
58.66486664,0.073419354,16.7774,32.1402,14185.26,NORM
64.16239319,0.060688172,17.6864,31.9514,16529.86,LOW
62.92307739,0.067419353,19.4984,28.116,6705.14,NORM
61.52564011,0.134193551,19.4552,28.3004,3890.62,NORM
62.01281967,0.116516129,19.4362,28.272,3203.2,NORM
59.81286723,0.058172042,19.0176,28.0446,1303.18,NORM
61.32258606,0.066322581,19.103,28.426,4135.02,NORM
60.94826914,0.058735482,17.553,32.2886,3149.56,NORM
60.8110672,0.048387095,17.8574,30.5124,5694.44,NORM
59.02631645,0.052322579,18.0714,31.1728,2572.46,NORM
56.34006348,0.055161288,18.129,30.5022,3020.28,NORM
63.48717804,0.06223656,18.2566,30.314,4860.34,NORM
56.12171071,0.051548387,17.377,31.2574,1333.14,NORM
63.19230881,0.118193546,16.9294,32.088,2837.38,NORM
63.43589808,0.095827955,16.8632,30.553,6886.48,NORM
64.38828049,0.082903228,16.2916,30.682,6873.86,NORM
61.84615326,0.126709672,15.5808,31.705,6869.1,LOW
56.73684311,0.06167742,17.0534,31.249,2914.64,NORM
72.97460098,0.065290321,17.22,30.1664,5109.46,NORM
62.87179527,0.09877419,17.0628,29.9354,2192.46,NORM
62.15384445,0.064903225,17.0108,29.9706,2113.64,NORM
58.57894707,0.077741936,15.3468,33.2088,3233.14,NORM
58.42661896,0.06395699,15.5952,33.4016,3231.54,NORM
64.59803581,0.059419355,16.1104,33.0306,5640.86,NORM
54.34188029,0.128301074,16.201,32.364,7383.1,NORM
65.41391983,0.088774193,16.201,32.364,7383.1,NORM
65.47130966,0.125763439,16.201,32.364,7383.1,NORM
62.83333244,0.069612905,16.201,32.364,7383.1,NORM
49.1538475,0.083612901,18.9128,17.24,7439.12,LOW
60.61268565,0.090709674,22.7194,22.0176,1855.04,HIGH
55.55320511,0.062387098,22.4122,22.2586,1626.4,HIGH
60.37966715,0.057591396,22.178,22.319,2142.0,HIGH
59.63022995,0.086258063,20.531,24.7972,2328.06,NORM
59.91767883,0.071741932,20.722,25.3122,13023.18,HIGH
57.71471069,0.058709678,20.5168,24.8164,14897.94,LOW
53.54166667,0.135440854,20.8888,24.4154,9144.36,HIGH
52.875,0.054116127,21.194,24.185,8788.04,HIGH
62.38461571,0.054258063,20.2456,23.7656,2487.32,NORM
61.33333359,0.051612902,18.8086,24.451,1616.94,NORM
60.30364304,0.060903227,16.5678,30.27,868.02,HIGH
59.72469711,0.093032259,18.6706,27.5486,1285.86,HIGH
65.80512733,0.058387095,18.5804,27.4814,9112.84,HIGH
60.17858785,0.097376349,18.5756,28.1966,1897.62,LOW
60.38731461,0.066903224,18.6088,28.8734,3168.48,NORM
57.36032372,0.097419352,19.0224,27.174,2138.86,HIGH
56.63157768,0.071096773,19.0464,27.3302,2121.52,HIGH
59.85965042,0.11354839,19.2226,26.9744,3628.9,HIGH
58.36842117,0.071161292,18.8704,27.2494,6859.64,NORM
58.03508886,0.054795697,18.8038,26.8552,7854.6,HIGH
64.75323029,0.045935483,18.8988,26.8488,8231.44,HIGH
55.8421051,0.061935484,19.5792,26.867,9693.08,NORM
63.61996269,0.094709677,19.4268,26.1894,2072.66,NORM
63.73076859,0.051935482,19.1986,26.8582,2187.76,NORM
60.24156647,0.052258063,18.4138,27.9432,2908.32,NORM
61.1367513,0.090451616,18.6754,27.8436,2681.28,NORM
58.31578903,0.074258063,18.5378,28.2868,2993.46,HIGH
60.18690987,0.071290322,18.5992,28.1518,2805.82,HIGH
70.10015895,0.083268815,18.4188,28.0106,5998.74,NORM
61.27597694,0.071032256,18.9656,27.8462,4415.7,NORM
62.99865074,0.052258065,21.2036,25.3542,5287.64,NORM
59.09649048,0.058752689,21.404,23.4024,9139.64,NORM
