@relation .a/eda_raw_ml/eda_raw_ml
@attribute Sound real [46.22267342, 79.2527832]
@attribute Dust real [0.02916129, 0.39787096]
@attribute TempEN real [10.521, 26.891]
@attribute RH real [17.24, 60.8856]
@attribute Light real [287.76, 32280.1]
@attribute EDA_level {HIGH, NORM, LOW}
@data
61.55128098,0.043741934,20.2074,30.8064,1531.8,NORM
62.20085436,0.052365591,20.031,31.2636,1561.78,NORM
55.67004013,0.060967738,19.8602,31.5212,1560.22,LOW
55.8026329,0.050129031,19.6506,31.6486,2085.24,LOW
56.31579018,0.074645159,17.8574,35.1508,3718.76,NORM
60.99999924,0.045935483,17.082,37.2666,2848.38,NORM
56.81578979,0.048387095,16.4628,38.1786,1940.2,LOW
59.14285736,0.045290323,13.9732,45.362,1423.02,NORM
58.50000038,0.037096774,14.5722,42.5194,4001.0,NORM
57.52631556,0.038365591,14.481,41.9516,2149.9,NORM
59.3117396,0.038709677,14.433,41.8132,1716.28,NORM
61.25371094,0.088387098,14.4138,41.8172,1544.42,NORM
60.1626194,0.097806449,14.3754,42.5978,1361.52,NORM
60.82051147,0.084645158,13.8484,44.2808,1758.86,NORM
77.03396606,0.272516135,13.5938,44.0116,3397.1,NORM
58.16734161,0.042967741,13.512,44.4852,2301.24,NORM
61.07692299,0.044903223,13.4682,44.6552,2006.4,NORM
60.14777222,0.042322581,13.1946,45.3718,1645.34,NORM
61.83333359,0.040903224,13.209,45.1924,1754.14,NORM
60.93589706,0.063806455,13.185,45.296,1746.28,NORM
57.31579068,0.044946238,12.7462,46.754,2290.22,NORM
58.55263138,0.050387098,12.7606,46.6752,2296.56,NORM
56.10526466,0.048193548,12.7702,46.2042,1836.14,NORM
61.76113205,0.047096774,12.7606,46.3332,2854.7,NORM
63.93131816,0.040967741,12.8134,46.1104,3662.0,NORM
65.44780045,0.070451611,13.1706,45.6188,2651.32,NORM
64.0842509,0.038064516,13.161,45.6424,3062.84,NORM
65.7380928,0.10935484,13.0832,46.175,2539.32,NORM
56.98965314,0.051118277,12.799,46.5436,2094.72,NORM
59.72983716,0.053591397,12.606,46.7366,3332.46,NORM
62.20512772,0.129548383,12.524,47.148,1826.66,NORM
61.16510849,0.045139785,12.5724,47.371,1367.82,NORM
60.16621666,0.082150536,12.6636,47.3204,1241.68,NORM
62.20512733,0.053612902,12.683,46.6532,975.22,NORM
61.31623993,0.054666664,12.678,47.192,924.78,NORM
63.68376261,0.051741933,19.6554,29.2524,566.86,NORM
53.125,0.038516129,19.0366,29.9748,549.5,LOW
61.38056717,0.050967742,18.5426,30.9822,601.54,HIGH
61.21862386,0.043698923,18.4044,31.2748,661.46,HIGH
60.9102562,0.038516129,18.1098,31.6256,827.02,LOW
62.11538391,0.066387094,18.0618,31.4764,855.38,HIGH
60.6662178,0.113548386,17.8526,31.9462,663.02,LOW
59.93792076,0.068000003,17.225,32.923,593.62,HIGH
54.79605255,0.04148387,16.082,36.2194,428.1,HIGH
59.98110504,0.078838707,15.867,36.6834,804.96,LOW
62.38461494,0.053290322,15.7384,36.8644,748.18,LOW
60.51282082,0.046451612,15.3852,37.3768,483.28,HIGH
62.94780312,0.0796129,14.3514,39.5962,558.96,LOW
59.16936569,0.041677418,13.8628,40.9936,637.8,HIGH
60.93589783,0.042000001,13.5748,42.012,511.64,LOW
62.05128326,0.08051613,13.5748,41.6706,538.46,NORM
61.74359055,0.051187096,13.5892,41.4382,536.88,LOW
60.23684235,0.035741935,13.4778,42.1844,508.52,LOW
61.34480362,0.051096773,13.305,42.5868,544.76,HIGH
62.62820435,0.055161292,13.1514,43.2676,672.48,HIGH
62.30769348,0.114967742,13.161,43.256,612.58,HIGH
63.26922951,0.04735484,12.92,43.8244,287.76,NORM
65.29853668,0.052451612,12.871,43.7558,644.08,NORM
65.60073318,0.042967742,12.871,43.605,631.5,HIGH
67.1428566,0.046129033,12.7894,44.466,678.8,HIGH
67.85164795,0.062064514,12.7798,44.5716,563.72,LOW
63.99999847,0.053548386,12.896,44.047,437.52,LOW
55.01535034,0.043268816,16.7394,37.8394,2326.5,NORM
55.52631607,0.049032256,16.2916,39.3576,3252.08,NORM
57.96221263,0.038967741,15.5762,41.5362,2763.26,HIGH
65.04212494,0.040516129,15.328,41.9658,2987.14,NORM
65.07021027,0.240172035,14.4762,44.0042,3791.3,NORM
63.31867956,0.047569891,14.1652,45.028,3579.98,NORM
62.74358826,0.038116128,14.1172,45.4048,3017.12,NORM
62.21794828,0.045075268,14.0116,44.9594,3001.34,NORM
52.85,0.034193549,13.4394,46.9046,5076.36,NORM
59.27530416,0.036301075,13.3146,47.2928,2312.3,NORM
65.03663101,0.049548386,13.1466,47.4816,2042.66,NORM
63.83198395,0.032903225,13.0736,47.3238,2208.26,NORM
60.42779884,0.035935485,12.5484,50.0738,4855.62,NORM
59.89878464,0.051741936,12.582,49.1748,4281.66,NORM
61.81196442,0.059268818,12.3112,50.5254,2449.5,NORM
53.4375,0.033096775,12.2334,50.8148,2895.7,NORM
62.11538506,0.034258064,11.977,50.9078,4243.82,NORM
65.48901138,0.031870967,11.919,51.2962,3516.96,NORM
61.73077011,0.048473118,11.55,53.9918,2979.28,NORM
63.20940323,0.031053762,11.5304,53.9348,2961.94,NORM
60.94358994,0.033858063,11.492,53.6996,3685.68,NORM
59.99702972,0.040980646,11.487,53.5298,3647.82,NORM
55.98026276,0.036387096,11.3604,53.0638,3603.7,NORM
59.3502018,0.031096774,11.346,53.001,4024.68,NORM
59.661719,0.05124731,11.321,53.07,3917.44,NORM
61.80341975,0.036301075,11.2192,53.7564,2987.16,NORM
62.04786428,0.043225804,11.195,53.8914,2999.78,NORM
57.7456131,0.033440859,10.9464,55.07,4053.04,NORM
61.50634277,0.034387096,10.81,55.637,1462.44,HIGH
61.01282082,0.05412903,10.81,55.7324,1443.52,HIGH
60.98717957,0.044,10.697,56.5696,4358.94,NORM
64.17765732,0.03348387,10.7168,56.4652,4433.02,NORM
61.5384613,0.035354837,10.761,55.976,3384.5,LOW
60.91497879,0.036309677,10.736,56.02,1452.98,LOW
65.14102478,0.062709675,10.687,56.753,2077.38,HIGH
57.71052704,0.033290324,10.712,56.4822,2656.02,HIGH
65.19230804,0.032387097,10.663,57.029,1886.58,HIGH
62.98290532,0.034408602,10.6284,57.0894,2291.8,LOW
60.99145317,0.048623655,10.6332,57.1022,2269.74,LOW
58.90958087,0.034817205,10.6724,56.3392,3731.4,NORM
63.42796021,0.036795699,10.541,56.9446,2074.22,LOW
58.85829849,0.037962648,17.1866,38.964,3534.3,NORM
59.73625793,0.047096773,15.2608,44.1926,4218.6,NORM
61.08299561,0.037677418,14.7924,44.4512,7222.32,NORM
56.71929906,0.034589248,13.8148,46.3294,4660.12,NORM
61.35155182,0.035419355,13.7236,47.5194,3496.46,NORM
61.42919769,0.03528536,13.512,46.154,3081.76,NORM
60.49864998,0.037548387,13.3386,46.8484,3291.46,LOW
61.30769234,0.032258063,12.8182,47.8604,7138.76,NORM
59.91713745,0.054795697,18.271,34.0968,1656.38,NORM
58.60526276,0.045677419,16.7204,36.7696,2883.08,NORM
62.44871826,0.066064515,16.4058,37.6306,2755.36,NORM
57.46153819,0.090193546,16.0628,37.6854,3422.32,NORM
59.06815071,0.097290322,15.958,37.9068,3565.82,NORM
55.28947334,0.038258065,15.5282,39.0702,3289.92,NORM
57.91810099,0.0712043,15.342,39.8572,3012.4,LOW
57.39473801,0.047935484,15.0406,40.444,3031.32,NORM
53.33333333,0.051784945,14.912,40.933,3252.04,LOW
53.45833333,0.041827957,14.8976,41.0586,3482.26,LOW
54.0,0.091870969,14.8592,40.8382,2678.1,LOW
59.93117447,0.046451611,14.5482,41.8704,2206.64,NORM
56.82456055,0.083913978,13.8532,44.7146,1919.7,LOW
57.05921135,0.040580646,13.7044,44.2446,4127.14,NORM
60.08546982,0.038236559,13.497,44.9654,2890.98,HIGH
56.63157883,0.036774194,13.1898,44.8276,3006.06,LOW
61.07435176,0.046129032,13.0928,45.0222,5027.44,LOW
62.90598246,0.107311829,12.9824,45.9072,2328.08,NORM
59.15519524,0.04096774,13.016,45.7866,2747.5,NORM
58.21524963,0.038683871,13.016,45.868,2769.58,NORM
57.7884613,0.137677418,12.9872,46.4058,2998.2,NORM
60.32725983,0.06296774,12.992,46.0332,2898.88,NORM
58.77867686,0.063526883,13.016,46.335,2602.44,NORM
60.59986534,0.098967738,12.8134,46.6384,1412.0,LOW
57.36842117,0.050709676,12.7414,46.586,3218.96,NORM
56.38124161,0.07845161,12.7174,46.5768,3006.08,LOW
59.65924377,0.049225807,12.7222,46.6456,2957.2,LOW
61.77260361,0.038645162,12.775,46.3542,2353.32,LOW
64.67548676,0.036903225,12.5772,46.7144,2999.78,NORM
63.71795044,0.072903228,12.4322,47.7298,1101.38,LOW
60.86639824,0.07548387,17.396,35.843,2309.16,NORM
54.84539528,0.039419354,15.8288,39.391,3494.88,NORM
59.57624893,0.03483871,14.9216,40.7874,2944.58,NORM
59.17543894,0.062167741,14.3328,42.8266,1907.08,NORM
53.125,0.036387097,13.5892,45.1704,1993.8,NORM
56.625,0.036774194,13.281,45.8134,4653.76,NORM
58.40350927,0.041290321,13.257,45.854,4794.1,NORM
56.85087751,0.037311828,13.088,46.8288,2695.46,NORM
58.2368412,0.034064517,12.8614,47.0236,2123.12,NORM
59.66666743,0.062537633,12.896,46.3506,2317.06,NORM
54.7710527,0.03367742,12.799,46.9786,3780.26,NORM
60.11673393,0.034387097,12.7798,46.2178,3568.96,NORM
57.35492706,0.063225808,12.7942,46.1266,3021.86,NORM
60.81511574,0.033548387,12.775,46.4538,2037.98,NORM
57.94736862,0.039638711,12.7654,45.9174,1836.16,NORM
53.35416667,0.033311827,12.5484,47.6894,3375.04,NORM
62.71794764,0.045892471,12.2822,48.4512,2458.92,NORM
59.43859711,0.035268817,12.2872,48.8644,3857.52,NORM
62.01282043,0.048709676,12.3352,48.7232,4079.82,NORM
60.80993996,0.04455914,12.389,47.6686,2394.3,NORM
59.0071963,0.064903227,12.389,47.551,2406.9,NORM
61.7692318,0.057935482,12.369,46.7496,1266.9,NORM
57.54790726,0.038322578,12.2286,46.1546,1457.7,NORM
57.0179657,0.045741935,15.748,59.316,32280.1,HIGH
54.78070272,0.08344086,16.1914,58.8092,32280.1,HIGH
62.36774673,0.042580645,16.9582,56.0674,32280.1,HIGH
61.04273478,0.041333334,17.9622,53.4304,32280.1,LOW
54.0,0.050752685,17.7672,51.9004,3244.18,HIGH
60.58082695,0.045741934,17.605,52.3424,4202.84,NORM
62.16239319,0.04004301,17.1866,53.6768,7878.26,LOW
57.44736786,0.046064515,16.892,55.2272,1989.08,NORM
66.38461456,0.051354839,16.892,55.0746,3608.4,LOW
63.01317546,0.069118281,16.7914,56.3954,6284.14,LOW
52.578125,0.038709677,16.606,55.1304,1702.1,LOW
52.98667346,0.045548386,16.582,55.2978,1698.96,LOW
63.75282125,0.040172044,16.1818,56.6922,3879.6,LOW
63.87179642,0.041935485,16.0484,56.6902,3223.68,NORM
58.26315816,0.039741934,16.177,56.2848,5259.26,LOW
64.49084244,0.054451614,16.6914,53.9432,3278.84,LOW
61.82905986,0.058967741,16.6442,53.9974,3907.96,HIGH
61.41025696,0.058064516,16.487,55.9788,3999.46,HIGH
59.13157997,0.055870969,16.3632,53.9812,2566.14,HIGH
56.45434214,0.048559138,16.3056,54.4814,4770.44,HIGH
63.39407781,0.043935484,16.487,53.883,7085.14,HIGH
66.02320048,0.039913979,16.4678,53.9538,4357.36,LOW
63.71794815,0.039354838,16.5724,53.7294,4724.74,LOW
57.63157959,0.064580645,16.8008,53.879,4936.04,LOW
60.56410294,0.041677418,16.8964,53.5796,4883.98,LOW
59.81578979,0.03967742,16.9438,52.8852,29039.86,LOW
55.43750025,0.039032257,22.6186,31.1534,1525.5,HIGH
64.66117439,0.044516128,21.915,32.5938,2881.52,HIGH
64.0952376,0.084989244,21.6424,33.214,1394.62,HIGH
60.14575043,0.043483869,21.6616,33.023,1337.88,HIGH
61.48717906,0.040817203,21.915,32.2676,1738.36,LOW
66.03541082,0.043698925,21.0272,34.6266,3133.8,HIGH
54.86858978,0.044064515,21.127,34.5498,692.96,HIGH
61.183535,0.049999998,21.0934,34.6394,790.72,LOW
57.07894707,0.055419356,20.8984,34.2644,746.58,HIGH
52.93503294,0.047956988,21.0224,34.4542,730.8,HIGH
54.91826935,0.055032256,21.0746,34.3074,689.82,HIGH
63.71794929,0.075032257,20.9554,34.296,2080.52,HIGH
60.00877304,0.040064515,20.96,34.8044,1657.94,HIGH
59.64912376,0.046193549,20.96,34.7194,1672.14,HIGH
57.10526352,0.086709677,20.9648,34.9634,1266.88,HIGH
56.59143021,0.057161289,21.032,35.2536,1514.48,HIGH
63.1373642,0.040344085,20.9314,34.9538,1648.5,HIGH
61.51282145,0.057204299,20.913,35.2156,1465.6,HIGH
62.79776421,0.059483871,20.8506,35.8482,1028.82,HIGH
57.47368393,0.055741934,21.0368,35.1616,1030.38,HIGH
62.94018669,0.095419355,20.889,34.8574,1405.68,HIGH
60.56005478,0.046838709,20.9744,36.1296,1211.74,HIGH
61.43589859,0.052645161,20.9504,36.9934,1894.48,HIGH
60.50202408,0.065225808,21.056,36.0588,1421.42,LOW
61.7051281,0.049290321,21.056,35.3084,2269.74,LOW
55.55263214,0.041096773,21.1798,35.36,2269.76,HIGH
65.83577372,0.069225803,21.3372,32.5022,1736.8,HIGH
55.84210587,0.069161286,21.1174,33.3846,1654.8,HIGH
62.55128059,0.039548387,21.3036,35.062,1194.4,HIGH
62.51343129,0.040111826,21.4274,34.9484,1609.06,LOW
53.98026352,0.049677417,21.1654,34.1966,4667.96,HIGH
59.83265877,0.054387095,21.2086,34.1214,4595.44,HIGH
57.92307688,0.048387096,21.199,34.0806,3542.18,HIGH
63.12820536,0.047483871,21.1414,35.672,4734.2,HIGH
59.24912155,0.046838709,21.4994,35.4366,2627.64,HIGH
63.43589783,0.043741935,22.2596,32.0578,3710.88,HIGH
65.08793386,0.072580644,22.3978,32.1302,3255.22,HIGH
66.60164795,0.059268818,22.326,32.637,3666.72,HIGH
63.91453196,0.039053762,22.4794,32.7174,2050.56,LOW
63.66666603,0.042258064,22.4554,32.6356,2231.92,HIGH
61.46153793,0.078645159,22.4218,32.6058,2151.48,HIGH
62.26922989,0.048645159,22.4794,32.6642,2138.88,HIGH
62.28205185,0.035322581,22.4266,31.6382,1437.2,HIGH
61.79487165,0.042365591,17.6674,42.6992,981.54,LOW
55.34210548,0.040258063,17.3292,41.5488,1150.24,NORM
53.0,0.043161289,17.2864,42.1448,1186.5,NORM
56.15789604,0.04116129,17.2768,42.0546,1210.16,NORM
64.04395548,0.042227958,16.6678,43.9434,6492.28,NORM
58.493927,0.039999999,16.7538,43.9156,1229.08,NORM
59.1929835,0.042494623,16.42,44.5718,1271.66,NORM
58.87674255,0.043999998,16.1722,44.3904,8447.44,NORM
60.2159256,0.061612905,16.4012,45.0308,8710.78,LOW
60.31376648,0.049419354,16.6396,44.0416,8177.82,NORM
53.12980766,0.043548387,17.7102,41.7906,737.12,NORM
63.10622635,0.041161289,17.5196,41.807,2892.56,NORM
60.13967628,0.093376338,17.5532,41.5742,1725.76,NORM
58.36302363,0.050494623,17.2488,42.9822,1072.98,NORM
57.28070323,0.03888172,17.1532,43.4228,1093.48,NORM
64.30682678,0.040696773,16.9534,44.7816,1757.3,LOW
64.55751007,0.04064516,16.7914,43.9582,3256.8,NORM
68.08461609,0.039096773,16.8104,45.2764,4382.6,NORM
61.56904958,0.041548387,16.7678,44.614,1888.16,NORM
58.89406153,0.067182795,16.1818,47.492,1970.16,NORM
57.7157901,0.044193549,16.0292,46.6522,926.34,LOW
59.54251022,0.039432257,15.8528,46.9368,7143.48,NORM
62.98717842,0.041600001,15.6904,47.1164,6976.36,NORM
55.34868469,0.040412902,16.034,47.942,8007.56,NORM
60.19799627,0.04464516,16.3916,46.804,7922.38,NORM
62.41768074,0.043225806,16.6538,45.9944,7838.82,NORM
62.53846207,0.040322579,16.92,45.4288,6970.04,NORM
64.0757019,0.041548385,17.2676,44.6742,6892.78,NORM
63.46153717,0.049032258,17.3628,44.4636,7461.98,NORM
59.36099815,0.040774193,18.1146,42.2906,1334.7,LOW
54.94736913,0.040989248,17.5816,42.855,1470.32,NORM
66.54803619,0.040430106,17.2868,43.0314,1632.72,NORM
54.88245585,0.039509676,16.1342,47.154,2777.46,NORM
65.01190491,0.04232258,16.3822,45.5582,3649.36,LOW
74.17521439,0.038993547,16.2864,44.9664,4816.2,NORM
70.91270142,0.039070967,16.2486,45.0438,6228.96,NORM
63.49310875,0.044580646,18.3664,42.0442,5196.2,HIGH
62.74359093,0.042451612,18.747,41.3424,5082.66,HIGH
64.80677795,0.191161293,18.9846,40.067,8819.56,LOW
59.94421946,0.105419354,21.0748,28.6374,1219.6,HIGH
61.13562698,0.117032255,21.103,28.8014,1277.96,HIGH
57.96491089,0.058881719,20.1838,29.8642,1511.32,LOW
55.47368469,0.08851613,20.0884,30.0094,1112.42,LOW
59.61403478,0.163741935,19.4604,29.9836,1974.88,HIGH
62.51282234,0.093677419,19.427,31.3238,6962.14,HIGH
64.78022156,0.142580648,19.3508,31.1448,4267.48,HIGH
63.58699493,0.125161291,17.6102,34.4142,5174.1,LOW
66.42673798,0.110580645,17.6482,34.3004,3173.22,LOW
54.64210571,0.062064517,18.057,33.3544,2444.76,LOW
61.11133728,0.112193549,18.276,33.144,4694.8,LOW
62.89743652,0.121032255,17.51,36.2382,6098.08,LOW
56.56140315,0.113118279,17.6338,35.5534,1593.32,LOW
66.02631543,0.104967744,16.5964,37.9668,2895.72,NORM
57.29824613,0.072193547,16.8344,37.2606,2597.7,NORM
60.07557297,0.105419356,16.9342,37.0444,2145.16,HIGH
62.02564163,0.116387098,16.6344,36.9034,1473.46,LOW
62.26495666,0.107741935,16.8106,37.1158,1166.0,LOW
55.33771922,0.084258063,16.8728,36.8368,1244.84,LOW
61.74359029,0.125591397,16.6252,36.9672,2417.94,HIGH
57.00657883,0.11380645,16.7634,37.4214,5680.26,LOW
56.62390362,0.080860216,16.9198,38.2588,3731.38,HIGH
59.15384636,0.07167742,16.9342,38.0144,5210.38,HIGH
59.19230919,0.087720428,17.1108,36.6468,7209.68,HIGH
67.73381856,0.210881713,17.3248,35.6926,3609.98,HIGH
62.10256424,0.14212903,17.4198,35.8712,6206.88,LOW
63.12820549,0.188064508,17.915,35.6002,5569.9,LOW
56.91228129,0.070301073,17.867,35.8956,5107.88,HIGH
62.5338829,0.097483872,17.8478,36.9158,5298.66,HIGH
63.46153679,0.092129031,18.3094,34.769,11276.12,HIGH
61.02563972,0.080516131,18.3616,34.6168,11088.52,HIGH
60.80611852,0.101763442,18.8182,34.437,17255.18,HIGH
66.13003591,0.073333333,20.436,31.7842,16187.72,LOW
64.21795044,0.046387095,20.8934,31.4518,1489.22,NORM
62.20512886,0.04516129,20.2742,32.0156,1033.54,NORM
61.30904312,0.043870969,19.089,34.3642,4537.12,LOW
60.26324743,0.051634407,19.603,34.9126,9519.64,NORM
62.70085373,0.06107527,19.7602,33.927,11681.36,LOW
62.8888888,0.047440858,20.341,32.287,1192.82,NORM
55.3502018,0.044387097,20.279,33.1756,990.98,LOW
66.02973175,0.045999999,20.0312,33.2456,1692.64,NORM
64.44139099,0.042064516,19.0178,35.7802,3434.96,NORM
60.75371056,0.042709678,19.2316,35.1522,4562.34,NORM
62.86202698,0.042193548,19.484,34.2176,2952.46,NORM
60.14372533,0.042941937,19.4936,34.3166,3250.48,NORM
66.00598526,0.047161291,19.2364,34.5096,1531.82,NORM
61.11335999,0.043509679,19.1938,34.466,1382.0,LOW
62.15384636,0.050580646,19.1844,33.9522,2916.2,NORM
62.02879003,0.051311827,19.0654,33.9476,1049.32,NORM
61.65064096,0.043290322,18.8562,34.5324,842.76,NORM
56.57894783,0.041677418,18.1806,35.8026,1145.52,NORM
60.89743551,0.043148387,18.371,36.5976,3043.92,LOW
61.48717918,0.07064516,18.6658,34.8686,6906.94,NORM
68.77380753,0.042451612,19.056,34.085,9062.4,NORM
66.20237961,0.046451611,21.084,30.9348,2812.14,LOW
59.46558609,0.042503225,21.175,30.5886,1285.84,NORM
64.32478511,0.049126881,20.5742,31.956,1817.2,NORM
61.79487228,0.044774194,20.531,32.058,1418.3,NORM
64.95513077,0.136322579,20.9126,31.8992,6900.66,NORM
65.78571574,0.046236558,20.9842,31.213,6039.74,NORM
64.59340719,0.046451612,21.633,30.2662,7012.6,LOW
58.68003235,0.045354838,20.8794,30.6502,1375.72,NORM
64.05494652,0.077935486,20.3694,31.1996,1744.66,NORM
62.21794853,0.044193549,19.7792,32.2368,1818.76,NORM
62.2435894,0.042709677,19.7696,32.6002,1118.7,NORM
60.50877126,0.045505376,19.936,32.5822,1331.56,NORM
66.81044083,0.046709679,20.055,31.89,7406.78,NORM
63.39743576,0.157548389,20.479,31.4292,7627.54,NORM
64.10256551,0.083784944,20.5454,31.541,6610.54,NORM
58.50382284,0.049935484,20.8602,30.1276,8512.1,NORM
59.74853719,0.048967742,20.717,30.7298,7268.04,NORM
58.77953262,0.054580644,21.5138,31.2452,7148.18,NORM
63.96520233,0.051225806,21.5522,30.8074,12783.52,NORM
64.43040466,0.051870967,20.7602,30.0458,5055.86,NORM
61.70512816,0.043333335,20.6124,30.147,1492.4,NORM
61.7948719,0.044758065,20.2786,31.0186,901.1,NORM
59.77192879,0.044451614,20.5312,30.8672,962.6,NORM
56.71381607,0.049290322,20.5646,31.0502,3258.36,NORM
55.19078979,0.044774194,20.9222,30.8938,2886.24,NORM
58.36392288,0.047621504,20.984,30.9462,3483.84,NORM
62.19230804,0.089548388,21.3612,30.965,6104.38,NORM
64.10317586,0.051913977,21.2892,31.146,2602.44,NORM
64.02380867,0.046580644,21.0606,30.7724,1399.36,NORM
66.09706955,0.044000001,21.1032,30.7494,1208.58,NORM
54.1,0.044860215,21.3944,30.4002,1214.9,NORM
59.90868149,0.044301076,21.1654,31.0818,3527.98,NORM
63.98534813,0.045032258,19.931,31.899,3794.44,NORM
60.67948761,0.045741935,22.2068,28.816,2406.9,LOW
60.88596497,0.04516129,21.9102,29.5918,1866.1,HIGH
57.60526352,0.046838708,21.0794,30.6008,2544.1,HIGH
64.44139099,0.048645161,21.1366,31.2062,8086.36,LOW
68.67301559,0.044929032,21.4322,30.3902,5204.06,LOW
56.8339592,0.047612903,21.509,30.3024,5123.66,HIGH
66.10439728,0.064580648,21.8526,29.869,11566.28,LOW
64.04212448,0.046322579,21.9534,29.8844,11903.68,HIGH
65.18986575,0.047548387,22.968,29.3086,10959.2,HIGH
66.36996155,0.046623654,23.3664,27.4684,12780.38,HIGH
58.65991821,0.043741936,20.5074,30.7254,486.42,NORM
64.10531311,0.045870967,20.1076,30.8778,513.22,LOW
66.04761963,0.044258065,19.1414,32.2662,1066.68,NORM
65.27985504,0.043806452,19.1462,32.3854,1074.54,NORM
65.11208832,0.045354838,19.151,32.465,970.46,NORM
64.87179642,0.061225807,18.9034,33.6104,1019.36,NORM
66.30555344,0.043225808,18.8612,33.6852,948.4,NORM
59.58164597,0.043483872,18.8986,32.8784,1367.82,NORM
66.22222265,0.058086021,18.9274,33.0062,998.88,NORM
65.5838829,0.042903225,18.913,33.9006,1364.68,LOW
55.59649124,0.041548388,18.861,33.7048,555.82,HIGH
65.61721573,0.043948388,18.7278,33.9226,912.16,NORM
63.35897471,0.042761291,18.7326,33.2452,749.74,NORM
69.39047699,0.043870969,18.6942,34.2024,1161.26,NORM
64.10485229,0.045763442,18.6612,33.752,618.88,NORM
71.82222214,0.042451612,18.5992,33.6676,1213.34,NORM
68.14285736,0.044774195,18.5708,34.2562,342.92,NORM
68.23412781,0.045870967,18.58,34.1192,661.44,NORM
78.38007736,0.042812903,18.58,34.0072,795.5,NORM
68.21428375,0.069741936,18.771,33.6962,1093.46,NORM
66.49816742,0.041978495,18.8468,33.7894,2201.92,NORM
66.19047546,0.04232258,18.9226,33.6252,1546.02,NORM
65.54051844,0.042322581,19.008,33.3694,1596.46,NORM
66.90079346,0.043634409,19.0034,33.1116,1572.82,NORM
66.29365133,0.04363441,18.9988,33.494,976.8,NORM
67.13095245,0.043019355,19.008,33.1318,1054.06,NORM
68.09463043,0.044967743,18.985,33.143,1404.1,LOW
64.02564163,0.07851613,13.8964,46.7636,7383.14,LOW
69.5934082,0.094193551,13.8628,47.052,4060.92,LOW
61.29622383,0.041612904,13.3866,49.0296,2153.06,NORM
61.63967743,0.042580646,13.3674,48.9404,2520.44,LOW
55.17105293,0.042451614,13.329,49.0464,2033.22,NORM
60.35155258,0.042838709,13.5268,48.3742,2440.02,NORM
59.36527138,0.046365591,13.5892,48.413,4109.78,NORM
64.98901087,0.041376343,13.281,49.6072,2282.34,NORM
62.85897446,0.05903226,13.377,49.1452,2097.86,NORM
63.55128365,0.045032258,13.281,48.9286,1345.76,NORM
69.42032928,0.043096776,13.2138,48.9078,1091.88,NORM
61.43589757,0.041247311,13.209,49.1598,644.1,NORM
61.65384598,0.136709673,13.0208,49.8306,800.2,NORM
60.30904198,0.043225808,13.0112,49.7308,3272.54,NORM
59.561822,0.042365592,13.0496,49.8714,3241.04,NORM
66.35347977,0.042387097,13.7428,49.2372,1270.04,NORM
63.59981651,0.041612903,13.8532,48.516,4437.76,NORM
67.82051392,0.067053764,14.0068,47.6984,3457.04,NORM
63.95512924,0.04683871,14.0164,47.7616,3591.06,LOW
57.83040949,0.042348386,14.1364,47.292,3914.28,HIGH
61.17948608,0.049849462,14.314,46.9288,1451.4,HIGH
60.65249596,0.072645161,16.058,43.2818,17556.32,LOW
60.117948,0.046129031,17.5912,39.948,17133.78,HIGH
60.13292732,0.199032248,18.1334,38.9548,16952.46,HIGH
60.93589745,0.046903224,17.5724,39.3146,3094.38,LOW
63.41902924,0.058774195,17.8766,39.2826,3690.38,HIGH
54.21052628,0.043483872,17.7148,39.8328,3135.36,NORM
56.30060806,0.043870969,17.4486,40.0224,2892.56,NORM
58.00854746,0.057806452,17.4006,41.2112,4721.6,NORM
59.65204748,0.106881721,17.4438,41.152,3955.3,NORM
60.56207924,0.045290322,17.0676,40.7,2189.34,HIGH
53.36666667,0.044989247,17.2816,40.5888,1955.94,HIGH
60.09497274,0.046279569,16.7156,42.4494,1631.16,NORM
62.73076859,0.046967741,16.8248,42.4622,1793.56,LOW
60.12618167,0.04376344,16.7488,41.9624,2003.26,NORM
64.13370056,0.045870966,16.7682,41.9582,15896.04,LOW
67.39285736,0.046016128,16.7822,41.9534,15200.68,HIGH
62.32051277,0.070516126,16.7202,41.1608,3386.08,HIGH
68.51774445,0.075268814,16.749,41.7198,6963.72,LOW
62.62820396,0.044129032,16.7822,41.3084,2343.82,HIGH
61.57692184,0.043161292,16.4198,42.0968,2288.66,NORM
70.97893715,0.046580644,16.415,42.052,2116.8,NORM
61.55128288,0.044774194,16.2392,42.6618,1697.36,HIGH
59.54678357,0.045406451,16.225,42.5076,1216.5,HIGH
62.28924764,0.043010752,16.4486,42.883,3643.08,HIGH
62.12210045,0.043118279,16.525,41.7774,4928.14,HIGH
63.12637329,0.044709678,16.8154,41.9956,3580.02,NORM
64.41941185,0.044193549,16.8966,42.0554,3693.54,NORM
58.63275948,0.048903225,17.9146,40.2986,10098.3,NORM
60.85897484,0.065548387,18.552,39.2062,12707.84,NORM
61.23076935,0.05380645,19.0272,38.0828,11720.82,NORM
60.10256424,0.053935483,19.6414,36.6136,1784.1,NORM
57.62078285,0.054774193,19.4556,36.6212,1637.46,NORM
54.375,0.05032258,18.2144,39.6676,1534.98,HIGH
52.775,0.046516128,18.3474,40.0238,3436.52,NORM
59.9553566,0.046580644,18.4898,39.4842,3580.02,NORM
57.60576986,0.046356988,18.5042,39.1884,3203.16,LOW
59.79756966,0.046516129,18.5474,39.0764,5628.22,NORM
60.20107956,0.061741933,18.4328,38.8184,6333.02,NORM
64.64164441,0.053935482,18.1048,39.7912,3083.32,NORM
59.78002663,0.06116129,17.7576,39.6568,1427.76,NORM
59.56747627,0.127806447,17.5482,40.0334,987.84,NORM
56.63157883,0.046645161,18.0286,40.163,4319.5,NORM
57.75641098,0.046387096,18.0474,39.714,4800.42,NORM
61.63247795,0.04483871,18.0146,39.491,5041.66,NORM
68.23077011,0.042967741,17.71,40.7004,4198.08,NORM
52.625,0.045967741,17.2394,41.9862,853.8,LOW
58.99864998,0.044129033,17.2442,42.076,5375.9,NORM
62.3112915,0.044172044,17.2866,41.9022,5229.3,NORM
63.20242767,0.046838708,17.7432,40.8196,1836.12,LOW
68.84126968,0.04696774,17.7384,40.7292,2416.36,NORM
61.32832184,0.046623654,17.7384,40.6584,1695.8,NORM
58.70917664,0.049032257,17.819,40.4234,1744.7,NORM
57.76315689,0.094322577,17.0392,41.3436,1814.04,LOW
58.36549708,0.045032258,16.6154,42.724,1867.68,NORM
61.04318466,0.046193548,16.8442,43.4502,2159.38,NORM
56.17543818,0.048817204,17.439,41.2794,2697.04,LOW
59.32253723,0.045290322,18.2662,40.5816,3786.56,LOW
64.8305851,0.048774193,18.5708,39.5378,6064.98,LOW
62.6025631,0.050451611,18.937,39.0596,4287.96,LOW
61.36842232,0.048774192,18.9514,39.2942,3907.98,LOW
58.06815071,0.051870965,19.5744,38.2242,4775.18,NORM
62.27350245,0.04756989,24.7212,31.677,1591.74,HIGH
56.34210548,0.050387096,24.3534,31.8938,1916.54,NORM
62.23076935,0.062451611,23.7274,33.5372,1531.82,LOW
59.2348175,0.050408601,24.156,31.6686,1180.18,LOW
60.33041051,0.046774192,24.1268,31.5448,1265.36,NORM
58.73481827,0.045548386,23.1648,33.8454,1716.32,NORM
57.77192988,0.044215054,22.9152,34.4272,1546.0,LOW
64.21891365,0.04748387,22.705,35.7052,1976.44,LOW
59.67858785,0.052941934,23.4774,34.2734,5306.54,HIGH
62.41362915,0.044387097,23.0592,36.11,4589.12,LOW
63.74481125,0.066924733,23.3424,34.314,2722.26,HIGH
61.67948685,0.043741937,23.3856,34.2916,3121.18,HIGH
60.82051315,0.043225808,22.9968,34.6204,2247.66,LOW
62.11965752,0.045324731,22.0346,36.9774,3827.58,HIGH
61.13135503,0.045548387,22.7572,35.0418,7778.9,LOW
60.01214523,0.043612905,23.3184,34.1524,7935.0,HIGH
63.42735087,0.049247311,23.814,32.9778,2315.48,LOW
71.44651871,0.049935485,23.0304,33.6334,3591.04,HIGH
60.73420766,0.048602148,23.8526,33.2618,5645.56,HIGH
62.21367594,0.051784945,24.3342,31.7714,11821.7,LOW
60.59379069,0.057548385,24.436,31.9208,8158.9,HIGH
53.5081459,0.048774192,20.8142,23.6292,5331.02,LOW
62.71794891,0.062580646,25.968,28.969,1632.72,NORM
65.72893791,0.050580644,24.7986,30.7208,6418.16,NORM
62.33333206,0.05852903,24.581,31.0394,2113.64,NORM
60.36234818,0.060322577,24.4984,31.1804,1575.96,NORM
61.52207642,0.074774192,24.127,31.733,10594.98,NORM
58.50196063,0.059333331,24.0596,31.7002,7966.56,NORM
66.38340963,0.069290322,24.1172,31.7056,7681.16,NORM
61.4615387,0.049290323,24.0164,31.7566,6659.44,NORM
62.12820435,0.075806453,24.0116,31.8034,6459.16,NORM
53.32456131,0.047634406,24.4118,31.6504,9240.58,NORM
60.15159683,0.061720431,25.157,30.731,3378.2,NORM
52.95454545,0.076516128,24.9632,30.6268,1315.78,NORM
53.52272727,0.049225805,24.968,30.6272,1358.38,NORM
55.97368469,0.087483869,24.1758,32.0256,1921.26,NORM
62.54048716,0.068215053,24.8374,31.4652,7091.44,LOW
58.46963615,0.070064513,24.7596,31.344,4407.8,NORM
66.19828924,0.073677418,24.895,31.3154,4012.06,LOW
57.21052628,0.053032257,24.8662,31.104,2507.82,LOW
58.20715179,0.064903224,24.871,31.3604,2564.58,LOW
58.89338722,0.057870965,24.6434,30.8764,3701.42,HIGH
61.28205109,0.049806451,24.702,30.8274,3291.46,LOW
57.95512899,0.049290321,24.7164,31.7304,3791.28,NORM
53.8125,0.064709678,24.6052,32.5196,3255.24,LOW
57.5209166,0.049720428,25.1226,30.8426,4530.8,HIGH
58.9001339,0.052193546,25.084,30.8732,4846.16,LOW
62.64102516,0.048774193,25.045,30.964,8311.86,HIGH
66.57026901,0.081612899,24.6532,30.621,6440.24,LOW
60.04093628,0.055053762,24.9582,31.0178,7618.1,LOW
54.6875,0.073806449,25.1956,30.8354,7375.24,NORM
64.38461507,0.049634406,25.4476,30.5192,5938.84,LOW
66.58333282,0.051432257,25.5496,30.054,6014.54,LOW
61.70085449,0.186064515,26.3192,28.5616,3942.68,LOW
56.7368412,0.047999998,26.124,29.3014,3769.22,LOW
59.44062131,0.056516131,26.353,28.5168,4358.94,NORM
65.43498421,0.052387097,26.1824,28.8234,4116.12,HIGH
62.91623993,0.098494625,25.6762,29.3122,3332.46,HIGH
60.50742289,0.048258062,24.837,31.3576,2220.86,LOW
63.77067795,0.06896774,25.1568,30.3596,3545.32,LOW
66.12728729,0.06348387,25.3944,30.1836,8119.46,HIGH
64.78998922,0.085677415,25.5154,29.828,5867.88,LOW
65.65567627,0.075225806,25.8852,29.411,6266.78,LOW
63.97436142,0.053354839,26.0946,29.061,7725.32,HIGH
64.73809662,0.06,16.5344,32.932,16200.36,NORM
60.3623497,0.102322574,18.5424,29.3678,16690.72,NORM
63.18803355,0.071526881,18.6088,29.1002,15840.86,NORM
64.99943237,0.07660215,19.1176,28.6542,13661.78,NORM
65.19625053,0.10417204,19.2128,28.7488,7343.72,NORM
56.63157959,0.085591399,19.5458,28.7626,2889.38,NORM
61.42307663,0.070774192,19.2032,27.5702,3335.62,NORM
61.8553112,0.064516131,18.0426,29.918,5423.24,NORM
60.61538544,0.088000003,18.0714,29.9202,5008.56,NORM
59.75168686,0.061419357,18.2566,30.2348,6424.48,NORM
64.15201721,0.06812903,18.2332,29.9874,4713.68,NORM
71.15952301,0.059741935,18.238,29.9212,3591.06,NORM
61.01025635,0.051741936,17.5388,30.8158,1873.98,NORM
63.34188042,0.05868817,16.6726,32.2688,4147.62,NORM
61.16666641,0.075612902,17.153,30.1872,3201.6,NORM
60.22942047,0.1276129,17.2202,30.1796,6506.46,NORM
61.91452967,0.054516128,17.2058,30.3642,4950.22,NORM
62.37606862,0.056602153,17.2298,30.3794,4518.18,NORM
55.09320221,0.096537631,16.344,31.4706,2189.3,NORM
63.24359207,0.070838711,16.2438,31.9742,2966.66,NORM
60.4102562,0.048903224,15.3326,32.7436,2553.54,NORM
61.4102567,0.087698923,16.201,32.364,7383.1,NORM
64.46794853,0.132451613,16.201,32.364,7383.1,NORM
59.60526276,0.088516125,16.201,32.364,7383.1,NORM
62.02159271,0.10180645,16.201,32.364,7383.1,NORM
61.73076897,0.051419355,23.0448,21.4882,1170.74,HIGH
55.02192942,0.06645161,22.7338,22.1354,1594.88,HIGH
57.47307739,0.10096774,22.7098,22.0242,1804.62,HIGH
60.7051281,0.066129032,22.7146,22.0452,2124.68,HIGH
62.41941414,0.305376338,22.0296,22.1312,4410.96,NORM
59.36977137,0.084645159,20.5454,24.065,2097.88,HIGH
59.22447001,0.11535484,20.4408,24.6416,2000.1,HIGH
60.14349899,0.115311828,17.6482,29.8252,1473.46,NORM
64.52655792,0.051483869,18.1382,28.9616,5369.62,NORM
60.83333168,0.094,18.3904,27.8744,2615.06,NORM
67.66499608,0.061978496,18.414,27.6422,4105.06,HIGH
61.78754539,0.093999998,18.4472,27.5848,3272.56,HIGH
57.34210434,0.091483869,18.6328,28.3014,1266.92,NORM
61.23076935,0.079419353,18.6136,26.3372,4945.5,NORM
60.29352188,0.04916129,18.6802,29.2858,3121.16,LOW
61.27188588,0.064215054,18.9798,28.8568,6492.26,HIGH
62.50000076,0.053354839,18.6992,26.9342,1255.88,LOW
58.36437276,0.065032257,18.5802,27.649,3313.54,NORM
53.0,0.071677421,18.5282,28.4934,2544.08,LOW
59.55826599,0.057677418,19.3176,27.0622,2674.96,HIGH
61.81675415,0.095806454,19.2034,27.0266,4278.5,LOW
59.56275406,0.070709675,18.8228,27.279,6810.78,HIGH
61.51619415,0.066387097,18.8372,27.2666,6851.76,LOW
66.3709259,0.06868817,19.0464,26.8468,10221.3,NORM
61.9829071,0.056602149,19.6414,25.9762,9136.48,LOW
56.12280693,0.065741936,18.8798,27.5582,2019.04,LOW
60.03081538,0.090817202,18.9704,27.4514,2465.28,HIGH
62.32051277,0.055419354,18.4234,27.5896,2870.48,LOW
62.05128263,0.074967741,18.7086,27.9064,3185.82,NORM
60.97435875,0.079677421,18.5804,27.8292,2299.7,NORM
61.6666659,0.105892472,18.3664,28.1464,4196.52,HIGH
57.96491318,0.102150539,18.4424,28.3596,3258.36,HIGH
58.87449468,0.097161289,18.7086,27.6388,6534.86,HIGH
63.87179718,0.067548388,18.4472,27.7518,5574.62,NORM
74.04412994,0.111526878,18.39,27.948,6251.04,NORM
67.72759857,0.063161288,18.8656,27.9188,4516.58,NORM
70.20610428,0.085612903,19.6364,26.6562,10192.9,NORM
66.4365097,0.076860214,19.993,26.4074,5782.76,NORM
58.71336975,0.059354838,20.5218,26.4404,5910.44,HIGH
62.25640945,0.112387095,21.3992,25.0084,5308.1,HIGH
