@relation .a/eda_raw_ml/eda_raw_ml
@attribute Sound real [46.22267342, 79.2527832]
@attribute Dust real [0.02916129, 0.39787096]
@attribute TempEN real [10.521, 26.891]
@attribute RH real [17.24, 60.8856]
@attribute Light real [287.76, 32280.1]
@attribute EDA_level {HIGH, NORM, LOW}
@inputs Sound, Dust, TempEN, RH, Light
@outputs EDA_level
@data
55.69079018, 0.055999998, 19.8028, 31.443, 1974.88, LOW
53.66666667, 0.043354838, 19.4456, 32.1608, 2294.96, LOW
53.73026352, 0.057999999, 19.27, 32.2772, 2449.48, LOW
56.44736862, 0.058903224, 17.9764, 34.8484, 4008.88, NORM
60.09851608, 0.089212905, 16.2342, 38.3478, 1386.76, NORM
57.62753143, 0.042129032, 14.05, 44.343, 1412.0, NORM
62.51709506, 0.083354841, 14.3232, 45.3298, 1933.88, NORM
56.48026371, 0.043483871, 14.4522, 42.1636, 2031.64, NORM
58.62753143, 0.082838708, 14.4042, 42.3226, 1404.1, NORM
57.13157806, 0.054322578, 14.0836, 43.2014, 2354.88, NORM
62.3931605, 0.038838709, 13.473, 44.7246, 2134.12, NORM
60.08322067, 0.04864516, 13.2042, 45.4044, 1621.68, NORM
60.68376033, 0.04004301, 12.9248, 45.6694, 1580.68, NORM
56.68421021, 0.055870968, 12.7654, 46.409, 2017.46, NORM
56.55263214, 0.068967742, 12.7606, 46.265, 1574.4, NORM
60.52991333, 0.088172043, 12.7318, 46.4172, 2755.38, NORM
61.69230766, 0.058129031, 12.7942, 46.2506, 2889.38, NORM
61.66666679, 0.043999999, 12.8086, 46.3898, 3630.46, NORM
64.43131905, 0.07064516, 13.0016, 45.797, 3207.9, NORM
65.32142944, 0.052709677, 13.1514, 45.7164, 3073.9, NORM
60.5533062, 0.055419356, 13.0738, 45.7068, 2925.68, NORM
61.53126272, 0.039139784, 12.7414, 46.5674, 1880.26, NORM
64.61512858, 0.073462363, 12.6156, 46.5642, 2381.68, NORM
60.65776016, 0.049161291, 12.534, 46.9942, 1814.06, NORM
62.48717804, 0.070967745, 12.5388, 47.3544, 992.58, NORM
61.87764384, 0.083225803, 12.654, 47.4556, 1348.9, NORM
62.0384613, 0.053290321, 19.579, 29.3332, 558.96, LOW
62.82051163, 0.04148387, 19.5742, 29.2926, 579.44, HIGH
61.19230766, 0.109806454, 18.5234, 31.0068, 601.5, LOW
59.83940735, 0.052903227, 17.7622, 32.301, 629.9, LOW
52.80580357, 0.047741934, 16.8966, 33.8958, 797.04, HIGH
62.48718033, 0.058903224, 16.5536, 34.5228, 352.38, LOW
60.28205109, 0.051999999, 16.2296, 35.143, 376.08, LOW
59.54453659, 0.04083871, 15.9006, 36.5898, 806.52, LOW
61.61538544, 0.041032258, 15.7192, 36.8948, 762.36, HIGH
62.65384521, 0.038451613, 15.6664, 37.0382, 853.82, LOW
63.12820511, 0.043935484, 15.3276, 38.2206, 317.72, HIGH
59.91272964, 0.071053764, 15.28, 38.3248, 341.4, LOW
61.71794853, 0.038387097, 14.1892, 39.706, 681.94, LOW
62.0307695, 0.045548387, 13.5604, 42.093, 447.0, HIGH
62.12820663, 0.046064516, 13.5748, 41.873, 530.58, NORM
59.76855736, 0.08851613, 13.449, 41.9536, 812.84, HIGH
57.42105331, 0.068774192, 13.4874, 41.8314, 458.06, HIGH
60.46423721, 0.067612904, 13.4826, 41.9002, 459.62, HIGH
58.51416957, 0.056129031, 13.449, 42.2884, 470.68, NORM
64.1794899, 0.038709678, 13.425, 41.8182, 511.68, HIGH
56.96491216, 0.067053765, 13.281, 42.8802, 451.72, LOW
61.9487175, 0.059612901, 13.117, 43.2952, 576.32, LOW
62.94871826, 0.092709678, 13.137, 42.8634, 588.88, LOW
62.35042725, 0.051397848, 12.9632, 43.7226, 692.98, LOW
62.51281967, 0.083870968, 12.9488, 43.6328, 552.66, LOW
63.16666756, 0.055935485, 12.871, 43.6804, 577.88, HIGH
63.87087784, 0.094709675, 12.871, 43.6554, 626.76, LOW
59.6950058, 0.07632258, 12.847, 44.348, 804.94, LOW
63.86446991, 0.061870968, 12.896, 43.7522, 445.42, LOW
61.83333359, 0.056322581, 14.0836, 45.087, 2963.5, NORM
53.54166667, 0.066451612, 13.5652, 46.1358, 2739.62, NORM
58.83130989, 0.03967742, 13.329, 47.369, 2424.28, NORM
59.52091789, 0.033290324, 12.6012, 49.0602, 4116.1, NORM
57.81578941, 0.058838711, 12.509, 49.6448, 4131.86, NORM
58.18421059, 0.045354838, 12.389, 49.9108, 2633.98, NORM
66.55128326, 0.121483872, 12.001, 50.7092, 4809.88, NORM
56.98245494, 0.032834409, 11.71, 52.3744, 2020.62, NORM
61.6512822, 0.042580646, 11.5938, 53.4608, 2654.46, NORM
60.45128281, 0.031096773, 11.589, 53.72, 2697.02, NORM
53.59375, 0.048258065, 11.394, 53.486, 3423.9, NORM
60.993927, 0.032580646, 11.2826, 53.198, 2857.86, NORM
62.28204981, 0.030150537, 10.9022, 55.2192, 1960.72, NORM
64.86813278, 0.031225806, 10.883, 54.94, 2181.44, NORM
60.62820549, 0.033870967, 10.81, 55.337, 2224.02, NORM
61.30769196, 0.032645161, 10.81, 55.421, 3491.72, NORM
63.31623891, 0.035612903, 10.761, 55.869, 2304.4, LOW
58.22807058, 0.031354838, 10.692, 56.2168, 2684.42, NORM
64.9623938, 0.059741936, 10.6678, 57.0598, 2280.76, NORM
60.82861099, 0.032903226, 10.692, 56.4912, 2350.16, LOW
63.69230843, 0.117032258, 10.736, 56.462, 2704.92, NORM
62.30769386, 0.045935482, 10.6872, 56.622, 2331.22, HIGH
61.23076935, 0.042774193, 10.643, 57.0438, 2154.6, NORM
64.26984202, 0.035415054, 10.5602, 56.7872, 2380.1, LOW
57.6578949, 0.03762309, 16.9248, 39.297, 4040.44, NORM
55.89473699, 0.038623655, 15.972, 41.0964, 5921.5, NORM
62.51608429, 0.042967742, 15.1126, 44.2126, 4094.04, NORM
61.57265015, 0.036688172, 14.9024, 44.0616, 4146.06, NORM
59.21794853, 0.034064517, 14.8496, 44.458, 6541.16, NORM
60.4244751, 0.036129033, 14.6106, 45.1644, 5044.82, NORM
61.71727524, 0.036451613, 14.577, 45.4676, 5044.84, NORM
56.83333359, 0.03767742, 13.7764, 47.5136, 3537.44, NORM
52.44318182, 0.034322581, 13.618, 46.6474, 3110.14, NORM
53.41666667, 0.034269645, 13.5508, 46.053, 3043.92, NORM
55.78947372, 0.035741936, 13.4586, 46.4342, 3368.72, NORM
60.84142952, 0.03567742, 12.9056, 48.0326, 6801.32, NORM
59.80971756, 0.032838709, 12.7558, 47.8898, 6290.44, NORM
58.97368393, 0.034000001, 12.6588, 48.4452, 5574.58, NORM
56.23684273, 0.031935482, 12.5868, 49.8272, 2657.62, NORM
53.45833333, 0.054193549, 14.888, 40.9814, 3758.22, NORM
55.16118431, 0.055677416, 14.6826, 41.3398, 4035.7, LOW
52.8125, 0.065419352, 14.4906, 41.7244, 2796.38, LOW
52.8125, 0.063935483, 14.0788, 42.6644, 3094.38, NORM
60.56410217, 0.063677418, 13.6804, 44.568, 4847.72, NORM
60.47435989, 0.075483873, 13.5988, 44.9718, 4888.72, NORM
58.72874527, 0.041806451, 13.57, 45.206, 4907.64, NORM
60.94017029, 0.043483869, 13.5988, 45.4846, 4895.0, NORM
57.57894821, 0.039096775, 13.858, 44.4204, 2894.14, NORM
56.73684235, 0.039354839, 13.858, 44.5708, 2274.48, HIGH
56.82456156, 0.038193549, 13.8004, 43.9172, 2129.4, HIGH
59.12955399, 0.047354838, 13.714, 44.1768, 4054.62, NORM
61.0188942, 0.045806451, 13.5988, 44.8088, 5439.02, NORM
61.62820549, 0.041741935, 13.594, 44.7078, 4327.4, NORM
61.33063469, 0.04283871, 13.594, 44.7264, 4158.66, NORM
61.97435913, 0.049548386, 13.5316, 44.9756, 3874.88, NORM
57.87494354, 0.039956989, 13.497, 44.884, 2730.16, NORM
58.33751094, 0.039612904, 13.4298, 45.2264, 3925.34, NORM
54.70394745, 0.044451611, 13.3962, 45.1222, 3272.54, NORM
57.96356239, 0.039741936, 13.2954, 44.9908, 2979.26, LOW
67.57142914, 0.06780645, 13.064, 45.2248, 1908.64, LOW
63.02197876, 0.064903228, 13.0592, 45.3554, 1803.02, HIGH
60.75505981, 0.041419355, 13.016, 45.9114, 3042.34, HIGH
61.96198845, 0.060215051, 13.016, 46.4714, 3334.02, NORM
62.13736343, 0.034903226, 12.992, 45.9332, 2820.02, NORM
62.55799764, 0.055311827, 13.016, 45.5248, 1703.68, HIGH
58.17611389, 0.05580645, 12.968, 45.5686, 2194.04, LOW
62.28780314, 0.03888172, 12.876, 46.0746, 2520.44, NORM
64.16849594, 0.049870968, 12.8614, 46.2156, 1836.12, NORM
59.83265877, 0.088064518, 12.775, 46.4414, 1449.86, HIGH
61.29352226, 0.05948387, 12.799, 46.587, 1443.52, HIGH
63.32661794, 0.081247313, 12.727, 46.6772, 2061.6, HIGH
59.99244354, 0.079225805, 12.698, 46.4192, 2931.98, NORM
59.34547882, 0.060516128, 12.5386, 46.97, 3006.08, NORM
62.17094014, 0.084043013, 12.5436, 47.2496, 2353.34, NORM
62.41025658, 0.035612903, 12.534, 47.1926, 1643.76, NORM
58.52631683, 0.052516129, 12.534, 47.205, 820.7, LOW
61.93589783, 0.074129029, 12.413, 47.7088, 1350.5, LOW
59.52631645, 0.069935485, 17.3056, 35.912, 2321.78, NORM
63.92307846, 0.044451612, 17.1578, 36.1446, 2268.14, LOW
63.12820625, 0.043612903, 17.1012, 36.23, 2763.26, LOW
61.495725, 0.067913977, 16.01, 39.321, 2914.64, NORM
61.37674383, 0.05208602, 16.0148, 39.0132, 2868.92, NORM
60.32456245, 0.147483867, 15.6904, 39.107, 3077.04, NORM
59.53103905, 0.060903224, 14.3324, 42.9152, 1932.3, NORM
64.93681107, 0.04051613, 14.218, 43.1476, 1933.88, NORM
58.86977043, 0.035096774, 13.9348, 43.9894, 2224.0, NORM
59.97031021, 0.035612904, 13.7716, 44.485, 1341.02, NORM
55.92982381, 0.043698924, 13.618, 45.0864, 1341.02, NORM
53.375, 0.044580646, 13.3818, 45.7638, 2113.62, NORM
57.25843506, 0.037419355, 13.2714, 45.9744, 4685.3, LOW
57.26315969, 0.034451614, 13.0688, 47.255, 2756.94, NORM
59.79959488, 0.03451613, 12.847, 47.0652, 2397.44, NORM
60.00539894, 0.036645162, 12.871, 47.0372, 2346.98, NORM
58.97368469, 0.040774193, 12.896, 46.102, 2250.8, NORM
55.06359609, 0.036903226, 12.727, 47.0124, 3304.1, NORM
62.71367582, 0.032731183, 12.799, 46.1458, 3751.86, NORM
65.2313797, 0.039569893, 12.7846, 46.231, 1880.3, NORM
60.14372559, 0.08580645, 12.751, 45.8222, 1747.82, NORM
61.46153946, 0.040903225, 12.678, 46.323, 2574.06, NORM
62.46153831, 0.034580646, 12.654, 46.5254, 2881.52, NORM
61.77831665, 0.036408603, 12.63, 46.8388, 3023.4, NORM
55.32236824, 0.031548387, 12.524, 47.5252, 3256.78, NORM
57.00000114, 0.042516128, 12.529, 47.563, 2785.32, NORM
60.0575798, 0.053720431, 12.524, 47.5376, 2758.5, NORM
57.73684196, 0.070709676, 12.534, 47.4892, 2359.62, NORM
58.05128148, 0.038537634, 12.2872, 48.532, 1941.78, NORM
60.30769196, 0.034580645, 12.413, 47.6158, 2004.82, NORM
59.56949921, 0.043290322, 12.4274, 47.4202, 3493.3, NORM
63.28113327, 0.045741933, 12.4082, 47.4736, 3094.36, NORM
61.25641022, 0.03483871, 12.3544, 47.5714, 3608.38, NORM
63.42856979, 0.070709676, 12.437, 47.285, 3868.56, NORM
62.06808815, 0.033182795, 12.4466, 46.7654, 3387.64, NORM
61.43589783, 0.039806454, 12.437, 46.913, 2673.38, NORM
59.87651863, 0.034903224, 12.437, 46.9316, 1211.72, NORM
64.64102783, 0.031870967, 12.2968, 47.6692, 3201.6, NORM
67.1556778, 0.039397849, 12.3208, 47.7772, 3159.02, NORM
60.86315857, 0.041978493, 12.3402, 47.211, 3185.82, NORM
60.8353569, 0.044387096, 12.3986, 47.0756, 4053.04, NORM
61.99437803, 0.109010754, 12.3938, 46.4798, 2246.08, NORM
62.9967947, 0.063419354, 12.147, 46.349, 1514.48, NORM
65.2023819, 0.042451612, 12.1518, 46.4674, 1486.1, NORM
64.25457764, 0.045806451, 15.2086, 60.8856, 32280.1, NORM
61.1343099, 0.048946235, 15.4424, 60.2494, 32280.1, NORM
55.26315765, 0.055096774, 16.4916, 58.1686, 32280.1, HIGH
62.12820536, 0.048172044, 17.1438, 55.191, 32280.1, HIGH
63.01057256, 0.059204301, 17.2486, 54.3736, 32280.1, LOW
59.52091904, 0.110580645, 17.4294, 53.1078, 32280.1, NORM
60.51282166, 0.044645162, 18.1666, 53.3054, 32280.1, LOW
56.8574557, 0.044967742, 17.8146, 51.33, 3121.18, LOW
57.7631588, 0.04232258, 17.605, 52.7564, 1842.44, LOW
52.775, 0.037204301, 17.3632, 54.1078, 3587.92, HIGH
59.32118797, 0.037548387, 17.201, 53.9492, 5658.16, LOW
62.03418605, 0.042451613, 17.201, 53.9432, 7014.2, HIGH
66.4056778, 0.037612903, 16.868, 55.5414, 4882.42, HIGH
58.70107956, 0.037690323, 16.82, 56.5156, 3305.66, LOW
56.55482508, 0.036903226, 16.82, 56.0712, 3294.64, LOW
60.47503281, 0.039483871, 16.773, 56.4352, 1992.22, LOW
62.52564125, 0.038967743, 16.7586, 56.8524, 2280.8, NORM
57.61324743, 0.041763442, 16.701, 56.3148, 1142.36, NORM
54.65789528, 0.038387096, 16.6584, 55.2176, 1788.82, LOW
63.70055084, 0.06948387, 15.9244, 55.9852, 4456.68, HIGH
62.75641251, 0.049935483, 16.2676, 56.262, 4932.86, LOW
62.83516426, 0.051741935, 16.5106, 54.8536, 27810.0, HIGH
66.431014, 0.051870967, 16.5772, 54.4842, 5241.92, HIGH
57.15789566, 0.038193548, 16.701, 53.9384, 2569.32, LOW
62.66666565, 0.038838709, 16.701, 53.3796, 4078.26, HIGH
61.66666679, 0.041741935, 16.6866, 53.2976, 3609.98, HIGH
60.17341347, 0.050344086, 16.677, 53.5054, 2272.88, LOW
72.15079422, 0.039354839, 16.701, 53.7668, 4078.28, LOW
64.19230576, 0.038, 16.415, 54.8762, 2790.06, HIGH
61.77777786, 0.036774194, 16.3872, 53.9234, 2662.34, HIGH
59.84885368, 0.052193549, 16.3776, 54.1978, 4685.32, LOW
59.58299599, 0.036193549, 16.4438, 54.122, 4726.3, HIGH
63.43131866, 0.041677419, 16.6156, 53.7726, 5437.44, HIGH
63.08974266, 0.066064514, 16.92, 53.4232, 4852.46, LOW
61.38461494, 0.065354837, 22.1636, 32.0026, 1125.0, HIGH
58.15384572, 0.042279569, 21.8286, 32.9186, 2933.56, HIGH
63.5769249, 0.087741937, 21.9006, 32.679, 8581.48, HIGH
65.45512772, 0.078709677, 21.891, 32.5916, 5749.64, HIGH
60.20782661, 0.042516128, 21.0416, 34.4096, 781.28, HIGH
54.3256588, 0.039268817, 21.1126, 34.311, 727.64, HIGH
59.89113719, 0.043913979, 20.96, 34.521, 1648.5, HIGH
57.78947449, 0.065419354, 20.96, 35.141, 1270.04, HIGH
54.15131577, 0.054193546, 21.0128, 35.4292, 1251.18, HIGH
62.87179565, 0.228516128, 21.0512, 34.965, 2181.42, LOW
61.30325966, 0.039999999, 20.9222, 35.651, 1033.56, HIGH
58.89473801, 0.065290321, 21.103, 35.3198, 2317.04, LOW
59.13967705, 0.049290322, 21.2604, 35.1306, 2228.76, HIGH
60.7820507, 0.044580644, 21.3612, 33.1686, 1626.4, HIGH
58.49999924, 0.065161289, 21.079, 32.7514, 1522.34, HIGH
57.3022934, 0.051311827, 21.0838, 33.223, 1598.06, HIGH
60.46153755, 0.040103225, 21.3992, 34.4766, 1624.84, LOW
62.32051239, 0.061354836, 21.366, 34.4868, 1445.1, LOW
53.0625, 0.040967741, 21.1366, 34.0556, 3130.66, LOW
64.82141228, 0.053612902, 21.199, 34.5172, 2957.18, HIGH
64.53571281, 0.048903226, 21.175, 36.1492, 4100.34, HIGH
66.13003464, 0.067999998, 21.2508, 35.4854, 4887.14, HIGH
57.56005478, 0.044748386, 21.676, 33.7608, 2629.24, HIGH
61.46153908, 0.042580644, 22.3026, 32.195, 3736.1, HIGH
62.61538506, 0.056903223, 22.3258, 32.3106, 3710.88, HIGH
65.14285583, 0.047419355, 22.4602, 32.496, 1298.44, HIGH
64.58830338, 0.084838707, 22.5274, 33.228, 3937.92, LOW
66.05689824, 0.048903225, 22.5418, 33.0364, 2343.84, LOW
62.56410408, 0.038193548, 22.5802, 31.839, 1054.08, HIGH
60.76495577, 0.042236559, 22.3402, 31.6108, 1451.42, HIGH
62.52564125, 0.089483869, 22.274, 31.0234, 1377.28, HIGH
62.26923103, 0.077741934, 22.202, 30.9236, 1378.86, HIGH
56.55263189, 0.040107525, 17.7672, 40.9954, 1194.38, NORM
61.48717957, 0.043819356, 17.1914, 42.2362, 1112.4, NORM
52.08333333, 0.12468817, 16.9486, 44.3316, 8844.78, NORM
53.0, 0.043612903, 17.3582, 43.8092, 8756.48, NORM
64.23809471, 0.045548387, 17.5722, 43.555, 9595.34, LOW
64.44688416, 0.044731183, 17.6434, 43.1174, 5451.62, LOW
65.93406779, 0.041135482, 17.6914, 41.7626, 1325.26, NORM
61.51281916, 0.047311826, 17.5676, 41.6718, 1872.38, NORM
57.58704516, 0.04223656, 17.201, 43.3458, 1101.36, NORM
58.08951874, 0.040430106, 16.7584, 44.9732, 3218.92, LOW
62.2307682, 0.049419354, 16.7822, 43.6206, 6012.94, NORM
63.97191544, 0.059569893, 16.7916, 43.812, 5300.24, LOW
60.32388585, 0.040215053, 16.7682, 44.9174, 1738.38, NORM
60.80512711, 0.039251612, 16.9198, 44.7146, 1736.8, NORM
61.28205109, 0.038038709, 16.963, 44.5614, 1820.36, NORM
56.17763252, 0.039815666, 15.9246, 46.8332, 6467.04, NORM
58.73684133, 0.0384, 15.3804, 48.0132, 7104.06, NORM
60.75641098, 0.042709679, 15.9246, 48.1088, 8255.08, NORM
59.60150528, 0.038838709, 16.2912, 47.0928, 7969.72, NORM
63.24908549, 0.049376345, 18.2282, 41.5538, 1862.92, LOW
62.66666718, 0.056172043, 17.3152, 43.3656, 6503.3, NORM
55.92236847, 0.042967741, 16.0436, 47.1364, 2758.52, LOW
65.53156128, 0.042602149, 16.5248, 45.374, 5527.3, NORM
61.81196645, 0.048064516, 16.6298, 45.1722, 6047.64, NORM
64.06410217, 0.040154838, 17.4482, 43.3812, 6525.4, NORM
67.75000229, 0.046000001, 17.4484, 43.2158, 6567.98, NORM
67.00661367, 0.043032257, 17.7008, 42.2692, 6793.44, NORM
67.53571396, 0.043161292, 17.8766, 42.4488, 4787.82, LOW
64.61111272, 0.042946238, 18.2048, 42.5184, 6039.74, LOW
60.09716721, 0.045264516, 18.5804, 42.0042, 4939.18, LOW
65.61904984, 0.043419356, 18.9704, 40.272, 4984.88, LOW
53.11904907, 0.137548379, 17.2502, 22.364, 4630.94, HIGH
55.98026428, 0.100516129, 20.0834, 29.7356, 1236.96, HIGH
57.4561409, 0.132516131, 19.075, 31.2402, 1412.0, HIGH
61.35042699, 0.132602148, 17.8528, 34.4704, 918.44, HIGH
53.16666667, 0.143354835, 17.3582, 35.4024, 702.44, LOW
55.11631317, 0.100232253, 17.4628, 36.201, 2183.02, LOW
58.26315765, 0.117032257, 17.5768, 36.1732, 1216.48, LOW
59.65317116, 0.136580648, 17.434, 36.5624, 1044.6, LOW
61.23684196, 0.130387097, 16.6202, 38.4788, 3241.02, NORM
55.65789452, 0.075354837, 16.9152, 37.1524, 2629.24, NORM
57.73684158, 0.123096776, 16.801, 37.1602, 2179.84, LOW
62.64346771, 0.116774195, 16.9152, 36.7698, 5807.96, HIGH
62.41636187, 0.136537634, 16.7012, 36.8258, 1389.9, LOW
58.63157845, 0.129161292, 16.82, 37.9448, 4415.68, HIGH
57.96052752, 0.12326882, 16.8296, 38.2622, 3743.98, HIGH
54.93420982, 0.069720432, 16.8918, 38.385, 3862.26, LOW
58.76113205, 0.102580643, 16.8964, 36.9432, 6952.7, HIGH
67.42381134, 0.103741934, 17.277, 36.2214, 6895.92, LOW
64.48492012, 0.089806452, 17.3392, 36.1432, 6210.04, LOW
69.2412679, 0.151268813, 17.729, 35.5494, 3638.34, HIGH
66.67033081, 0.115096776, 17.9196, 35.2352, 5516.28, HIGH
59.99373398, 0.104258067, 17.962, 35.8398, 5306.58, HIGH
59.90688171, 0.080774195, 17.6962, 35.8074, 5000.66, HIGH
58.73279419, 0.047741934, 17.748, 35.8056, 4995.94, HIGH
72.12168986, 0.121849458, 18.0762, 35.6096, 11684.52, LOW
59.1839859, 0.135096774, 18.723, 34.592, 17272.54, LOW
58.56860148, 0.098623653, 18.937, 34.238, 17110.12, HIGH
61.43589783, 0.107548385, 19.3936, 33.5172, 17442.8, HIGH
64.68223495, 0.073161288, 19.484, 33.4728, 17084.9, LOW
65.29853516, 0.072129033, 19.6836, 32.6258, 14456.46, HIGH
64.58058472, 0.057677418, 20.2978, 31.0404, 10930.82, HIGH
61.92490807, 0.109225803, 20.3554, 31.1584, 10919.78, HIGH
59.07894707, 0.222064524, 19.9218, 33.0704, 1375.72, NORM
62.28632584, 0.044645162, 19.5126, 33.9828, 1265.34, LOW
59.53238869, 0.22574193, 19.4316, 35.6504, 10580.8, NORM
54.85714264, 0.050322581, 20.4312, 32.9976, 9614.26, NORM
63.02564011, 0.046193547, 20.6408, 32.4332, 1493.96, NORM
65.55311584, 0.04729032, 20.5932, 31.9906, 1301.6, NORM
54.375, 0.044000001, 20.222, 33.091, 612.56, NORM
53.50625, 0.046477418, 20.2076, 33.275, 611.0, NORM
64.59615555, 0.045870967, 20.031, 32.9346, 5388.58, NORM
61.10683645, 0.046129031, 19.4792, 33.3602, 1454.56, NORM
55.88070297, 0.052516127, 19.0464, 34.4454, 3412.9, NORM
60.60584068, 0.042903226, 19.5224, 34.4708, 1866.1, NORM
60.12955475, 0.041870968, 19.4696, 33.9326, 1760.44, NORM
60.937078, 0.047419353, 18.9226, 34.729, 809.66, NORM
64.37227707, 0.044516129, 18.3426, 36.3078, 2061.62, NORM
60.00472336, 0.040774192, 18.4044, 37.7392, 1544.44, NORM
62.90707397, 0.042193549, 18.4708, 35.5764, 6787.14, NORM
60.17948608, 0.040516127, 18.5992, 35.288, 6911.7, NORM
69.08302739, 0.145058065, 18.8656, 34.2248, 8122.62, NORM
63.21538467, 0.050516128, 21.218, 30.9798, 1205.4, NORM
60.93792114, 0.044516129, 20.5454, 31.767, 4235.96, NORM
63.76923014, 0.044335485, 20.636, 31.9348, 2266.56, LOW
72.48809586, 0.044193549, 20.198, 32.2082, 3884.34, LOW
58.36842155, 0.044361291, 20.5982, 32.8276, 3091.22, NORM
65.10622711, 0.044903226, 20.8936, 32.562, 8292.94, NORM
67.6715505, 0.063698924, 21.2132, 31.5258, 5085.8, NORM
57.39473763, 0.044709678, 23.6506, 25.729, 1645.34, NORM
63.74175858, 0.045419354, 22.0678, 28.2524, 1385.18, NORM
62.82051468, 0.043587098, 19.679, 32.592, 1238.54, NORM
58.38349063, 0.043905377, 19.998, 32.3958, 1464.02, NORM
61.30769348, 0.043251615, 19.5886, 32.1734, 2410.08, NORM
62.53846207, 0.183741941, 20.2694, 31.6302, 7394.2, NORM
60.95488701, 0.059548387, 21.189, 30.7832, 7739.48, NORM
60.53306381, 0.046645162, 21.8048, 30.9026, 1927.6, NORM
64.28632711, 0.144387097, 21.891, 30.348, 1826.68, NORM
55.79276428, 0.045903225, 21.533, 30.05, 446.98, NORM
56.447369, 0.043612904, 21.676, 29.519, 462.78, NORM
58.98110771, 0.04744086, 21.5806, 29.3968, 454.9, NORM
62.94017131, 0.058494623, 21.0748, 29.8578, 1665.84, NORM
64.89377289, 0.044387097, 20.8266, 29.757, 5511.54, NORM
59.67881241, 0.042967741, 20.4648, 31.0548, 856.98, NORM
58.92577629, 0.044038711, 20.5742, 30.6174, 1787.26, NORM
58.57219963, 0.045419354, 20.455, 30.954, 3111.7, NORM
56.46311251, 0.047268817, 20.6266, 31.2752, 3047.1, NORM
60.07152557, 0.044322581, 20.7838, 30.9888, 2870.46, NORM
66.9090121, 0.18144086, 21.0128, 30.4212, 3703.0, NORM
53.0, 0.04683871, 21.437, 30.3368, 1207.0, NORM
63.95970815, 0.052258064, 21.2418, 30.8614, 1178.62, LOW
58.49954923, 0.043591399, 21.1606, 31.2616, 3483.84, NORM
58.77193095, 0.044430108, 21.1846, 31.3702, 3942.68, NORM
64.06969376, 0.04483871, 21.1894, 31.664, 4562.32, NORM
59.26788139, 0.043806453, 20.3696, 31.1996, 5721.24, NORM
59.63067932, 0.065161292, 19.8646, 31.893, 7375.26, HIGH
60.12820435, 0.044387097, 19.7458, 32.4656, 6954.26, LOW
65.7521375, 0.045591397, 20.3314, 31.8016, 6020.84, LOW
61.90958048, 0.046399999, 20.403, 30.7896, 7438.32, HIGH
63.14407908, 0.058150537, 21.6376, 31.0892, 6157.98, HIGH
60.87179489, 0.043548388, 21.4178, 30.3286, 5658.18, HIGH
60.57692223, 0.043376346, 21.1606, 30.734, 2217.7, HIGH
60.47368546, 0.045612903, 21.1222, 30.631, 3706.16, HIGH
58.24561335, 0.050924731, 20.889, 31.025, 2924.08, HIGH
64.74176025, 0.043935485, 21.2416, 30.9214, 5574.6, HIGH
61.64449539, 0.045393548, 21.4466, 30.3444, 5008.56, HIGH
67.30388222, 0.048838708, 21.5854, 30.356, 4790.96, HIGH
67.5357132, 0.047548386, 22.058, 29.6378, 12403.52, HIGH
65.52503052, 0.046563439, 23.521, 27.6022, 5787.48, LOW
67.4444458, 0.055397849, 21.8672, 27.6296, 817.54, NORM
66.22618942, 0.135274194, 20.479, 30.4364, 516.4, NORM
54.05921097, 0.043806453, 20.3312, 30.5368, 484.88, NORM
67.64285812, 0.055225807, 20.4792, 30.5896, 555.8, NORM
67.53571472, 0.198387093, 20.3648, 30.6662, 622.02, NORM
66.92857056, 0.043870969, 20.2694, 30.7982, 558.96, NORM
67.19047546, 0.043741937, 20.2834, 30.7732, 565.28, NORM
66.32142563, 0.044387097, 20.0502, 30.8394, 1306.34, NORM
58.04335327, 0.172516127, 19.7886, 30.8834, 604.68, NORM
64.42246552, 0.04483871, 19.2988, 32.3266, 913.74, LOW
67.15476151, 0.044258065, 19.1892, 32.5216, 850.66, LOW
65.271978, 0.048258063, 19.2796, 32.1458, 614.18, NORM
62.3675209, 0.043630109, 19.2412, 32.2416, 557.38, NORM
66.11110891, 0.043380647, 19.0512, 33.0176, 1020.94, NORM
65.24603144, 0.044275269, 19.0082, 33.0534, 1022.52, NORM
60.96153831, 0.042580645, 18.794, 33.3172, 352.38, HIGH
62.63644562, 0.042500001, 18.5992, 33.7334, 677.24, NORM
69.81269836, 0.042812904, 18.5708, 33.6256, 1082.44, NORM
56.57894745, 0.042677421, 18.533, 33.793, 516.4, NORM
78.12242381, 0.043333335, 18.7086, 33.5656, 1082.44, NORM
70.00978775, 0.043698926, 18.723, 33.6064, 994.14, NORM
61.13032684, 0.042903228, 18.7614, 33.6492, 798.62, NORM
59.46783574, 0.043191398, 18.747, 33.5952, 741.84, NORM
60.87719193, 0.043419354, 18.747, 33.615, 726.06, NORM
66.30464096, 0.043182797, 18.7422, 33.753, 1052.48, LOW
69.74047546, 0.04316129, 18.723, 33.679, 767.1, NORM
66.19047699, 0.043419355, 18.723, 33.8562, 751.32, NORM
59.09189695, 0.042817204, 19.0034, 33.171, 1345.74, NORM
69.58095093, 0.078537636, 18.985, 33.0638, 1894.48, NORM
67.71428604, 0.04183871, 18.961, 33.0882, 1505.0, NORM
65.43498154, 0.04567742, 19.008, 33.3298, 1071.4, NORM
54.04276276, 0.042580645, 13.8292, 47.694, 1339.44, NORM
52.5, 0.040193548, 13.666, 47.8904, 948.42, NORM
54.30128174, 0.046451612, 13.642, 48.0982, 1191.22, NORM
60.68421097, 0.043612902, 13.4106, 48.6864, 2077.36, NORM
61.80341822, 0.043199999, 13.6132, 48.3044, 3989.98, NORM
52.38636364, 0.044395698, 13.4684, 48.1374, 573.18, LOW
62.42032967, 0.042387097, 13.2714, 49.8338, 3468.04, NORM
63.66666794, 0.043612902, 13.281, 48.7994, 1115.54, NORM
63.12820473, 0.044064515, 13.2474, 48.7084, 803.34, NORM
68.10024529, 0.056709677, 13.2378, 48.8862, 1353.64, NORM
61.47390887, 0.041612904, 13.2234, 49.4144, 519.54, NORM
56.16118431, 0.056193549, 13.2474, 49.5102, 492.74, LOW
53.58333333, 0.052490325, 13.257, 49.308, 592.08, LOW
60.41025543, 0.041548387, 13.0016, 49.7114, 735.54, NORM
60.59920489, 0.043655913, 13.0784, 49.9674, 3108.54, NORM
60.81862228, 0.040838708, 13.1514, 49.9466, 3259.9, NORM
61.32118759, 0.043548387, 13.2762, 49.6988, 10517.72, NORM
57.6578949, 0.124258063, 13.0304, 49.4258, 1104.5, NORM
61.41025658, 0.071870969, 13.522, 48.7508, 1047.72, NORM
60.66329346, 0.044967741, 13.5268, 48.504, 1069.82, NORM
60.75033722, 0.045870967, 13.57, 48.3238, 631.5, NORM
65.20598221, 0.050838711, 13.5796, 48.3064, 628.34, NORM
64.80769157, 0.090645161, 13.4682, 48.6016, 1240.12, NORM
56.93944041, 0.048602148, 13.4826, 48.6902, 555.8, LOW
55.60657959, 0.041290321, 13.522, 48.6206, 549.48, NORM
56.2631588, 0.040580644, 13.522, 48.5648, 547.9, NORM
66.08150215, 0.043806451, 13.618, 49.2392, 1254.3, LOW
64.10402924, 0.041161289, 14.218, 46.923, 4158.7, NORM
59.36437378, 0.047999999, 16.2582, 42.3012, 16514.1, HIGH
61.19230652, 0.054774193, 16.901, 42.3878, 17343.48, HIGH
60.70512848, 0.051290321, 17.4534, 40.5372, 16983.96, HIGH
59.59244334, 0.046580644, 17.8004, 38.7968, 16285.48, HIGH
61.82051239, 0.046322579, 17.9006, 39.2594, 1506.6, NORM
61.3670723, 0.043354837, 17.3818, 40.2852, 5095.28, NORM
61.05128212, 0.043741937, 17.1962, 40.0146, 6571.12, NORM
58.73869858, 0.04696774, 17.3008, 41.1936, 5021.18, NORM
56.23684273, 0.047483871, 17.0916, 40.786, 1880.28, HIGH
61.843455, 0.043096773, 16.9346, 42.347, 2563.0, LOW
53.98026352, 0.045354838, 17.0962, 41.8488, 3647.82, NORM
61.27845357, 0.044516129, 16.6108, 41.8894, 2146.78, NORM
64.18223419, 0.145548391, 16.6868, 41.6872, 9828.68, NORM
54.625, 0.043741936, 16.9438, 40.8336, 2123.1, HIGH
58.08771998, 0.043741935, 17.0062, 41.0132, 2126.24, HIGH
60.03103943, 0.047612901, 17.0436, 41.338, 2544.1, HIGH
59.98454564, 0.151415056, 16.6818, 41.4058, 1653.2, HIGH
59.89743741, 0.045978494, 16.5394, 40.923, 2082.1, LOW
56.73684158, 0.045935483, 16.392, 41.8644, 2004.84, NORM
67.47692184, 0.043612904, 16.415, 42.2494, 2719.14, LOW
62.50655212, 0.044602151, 16.344, 42.2666, 2925.68, LOW
66.55677719, 0.074645158, 16.439, 42.265, 3863.84, LOW
58.52955566, 0.04696774, 16.225, 42.7044, 1169.16, HIGH
65.93040365, 0.046537633, 16.0628, 42.6348, 3775.56, HIGH
60.13630295, 0.045548387, 16.1434, 43.3808, 4541.86, HIGH
63.54700953, 0.054193548, 16.8824, 41.722, 3788.16, NORM
64.73138021, 0.045926881, 17.2962, 40.7444, 13910.9, NORM
64.36355438, 0.048580643, 17.2442, 41.373, 10796.8, NORM
61.00809708, 0.050838708, 17.3008, 41.3216, 9847.6, NORM
61.0897419, 0.050258065, 18.3046, 39.4514, 11191.0, NORM
60.82051163, 0.053677419, 18.3806, 39.369, 11834.32, NORM
60.87179489, 0.04967742, 18.7896, 38.5644, 11288.78, NORM
60.87179451, 0.057096772, 19.0844, 37.7768, 10445.18, NORM
60.43734245, 0.048838708, 19.5982, 36.5178, 1925.98, NORM
54.0375, 0.047935482, 18.1286, 39.8454, 1585.4, LOW
59.33738174, 0.044387097, 18.1428, 39.4468, 3728.22, NORM
57.36842079, 0.047677419, 17.6196, 40.716, 1695.8, NORM
52.06666667, 0.045580645, 17.2864, 42.1066, 875.88, LOW
54.64473724, 0.047999999, 17.3584, 42.1598, 2791.64, NORM
59.00944672, 0.047032256, 17.3438, 42.5024, 1973.3, NORM
61.19365679, 0.054301075, 17.1058, 43.023, 1747.84, NORM
58.24966202, 0.043096776, 17.1914, 42.2806, 5497.34, NORM
56.77707443, 0.047419354, 17.5244, 41.5518, 9015.1, NORM
58.39473724, 0.044051614, 17.7102, 41.06, 3838.6, NORM
63.23404694, 0.045548387, 17.7288, 40.7924, 2222.44, NORM
61.11538391, 0.049935484, 17.8238, 40.52, 1700.54, NORM
60.15384598, 0.045612903, 16.8964, 41.8642, 1815.64, LOW
57.78947372, 0.047612904, 16.9438, 43.335, 2228.72, NORM
61.69597066, 0.046279569, 17.3104, 41.9628, 2012.72, LOW
62.01007347, 0.043948388, 18.1002, 40.5698, 3680.94, LOW
64.46336899, 0.045806451, 18.9226, 39.0902, 4283.26, LOW
64.43131866, 0.049354837, 19.0272, 39.3734, 4866.64, LOW
60.68067576, 0.049462366, 19.3318, 38.5238, 5150.48, LOW
59.1889328, 0.045741935, 19.4648, 38.3752, 5136.28, LOW
59.36654167, 0.047303224, 19.7316, 37.563, 5000.66, LOW
61.35897522, 0.060774195, 19.988, 37.001, 11761.78, NORM
56.5, 0.049483871, 24.0308, 32.2208, 1907.08, HIGH
60.56230265, 0.049849462, 22.8434, 33.0636, 4991.2, LOW
57.0315802, 0.045870967, 22.6762, 34.3514, 1574.36, HIGH
61.23076909, 0.05255914, 22.6138, 34.5844, 8994.58, HIGH
58.5757988, 0.054107525, 22.8, 34.5954, 9242.14, HIGH
60.90665754, 0.090387095, 22.824, 34.4716, 9691.48, HIGH
57.49999924, 0.04567742, 23.4192, 34.3214, 8608.3, HIGH
62.86315903, 0.049290321, 23.8716, 32.8426, 2370.64, LOW
54.0, 0.050064516, 24.1124, 32.1542, 1180.18, HIGH
62.30769234, 0.049032259, 23.376, 32.6578, 3846.48, NORM
58.63157921, 0.057483872, 23.064, 34.5938, 1596.46, LOW
61.76113319, 0.050709675, 22.7386, 34.901, 4645.88, LOW
66.64342194, 0.047806449, 22.8768, 35.1066, 4346.32, HIGH
57.28947372, 0.04516129, 22.6616, 35.5224, 4989.64, HIGH
61.67098602, 0.044851613, 22.393, 35.3182, 7709.54, LOW
64.35805664, 0.090580648, 23.9152, 32.793, 7614.92, HIGH
62.76923141, 0.047290322, 23.6554, 33.1036, 2178.3, LOW
62.53724009, 0.054881719, 22.824, 34.803, 7093.02, HIGH
62.64102631, 0.050645161, 23.0352, 34.1458, 3565.82, HIGH
62.28205147, 0.057032259, 23.0784, 33.6314, 4981.74, HIGH
66.20238037, 0.074064518, 22.992, 34.2482, 6254.2, HIGH
62.78204994, 0.047419356, 23.1072, 34.5246, 7156.08, HIGH
63.15384598, 0.044954839, 23.8714, 32.9762, 6891.22, HIGH
61.53846169, 0.049161289, 24.5176, 32.5388, 5751.22, HIGH
62.94871826, 0.0547957, 24.4408, 31.8746, 7739.48, LOW
59.20512772, 0.049574193, 25.7196, 29.1934, 2001.68, HIGH
60.89743576, 0.060632259, 24.6968, 31.0558, 1877.12, NORM
59.87516937, 0.055096773, 24.6486, 30.6882, 2399.02, NORM
56.78297997, 0.100645164, 24.166, 31.4742, 7189.22, NORM
63.30769348, 0.051432259, 24.1414, 31.8282, 8447.44, NORM
55.13942261, 0.049096773, 24.7356, 31.1604, 9385.62, NORM
63.75823936, 0.080387095, 24.8998, 30.8644, 7862.46, NORM
59.39068947, 0.051741934, 24.1366, 31.4854, 2514.14, NORM
56.64912389, 0.061075267, 24.3486, 31.5172, 1746.26, NORM
62.68830452, 0.09451613, 24.1854, 32.5362, 4351.06, NORM
67.41520335, 0.053548388, 24.3878, 32.0106, 3769.22, NORM
55.15789413, 0.054193548, 24.6242, 32.7626, 4343.16, LOW
60.00764771, 0.051836557, 24.813, 31.8734, 6550.62, LOW
57.9406208, 0.051612902, 24.8758, 30.8962, 1952.8, LOW
59.52294121, 0.053419353, 24.8998, 30.8984, 1858.18, LOW
59.85559896, 0.050322579, 24.8856, 31.1664, 6296.76, LOW
63.11721611, 0.061096772, 24.847, 31.392, 2321.76, HIGH
59.15789515, 0.050150536, 24.7066, 30.9288, 4012.04, LOW
62.26923065, 0.062903225, 25.1422, 30.7566, 4083.0, LOW
55.87368454, 0.052258064, 25.06, 30.1686, 8860.58, LOW
64.59523811, 0.061290323, 25.4334, 30.6734, 6586.88, LOW
68.53174642, 0.055449461, 25.4962, 30.0832, 6039.74, NORM
64.18314972, 0.067548389, 25.6952, 29.7684, 4839.82, LOW
59.78947398, 0.048473117, 25.8706, 29.6604, 10878.8, LOW
64.15384649, 0.087569891, 26.085, 29.4272, 10448.36, HIGH
60.34233017, 0.064086021, 26.8766, 27.8348, 11017.56, HIGH
62.64102554, 0.278709675, 26.4606, 27.9318, 2980.84, LOW
61.18960953, 0.04846774, 25.0648, 30.6422, 2135.7, LOW
65.97252731, 0.053225804, 25.157, 30.265, 5820.58, LOW
58.76762772, 0.061612901, 25.1716, 30.3606, 6093.36, LOW
68.41904678, 0.054193546, 25.0842, 30.1846, 8665.02, LOW
60.08187167, 0.049290321, 25.2292, 30.1088, 4918.66, LOW
63.60073204, 0.053354835, 25.4528, 29.7212, 7485.64, LOW
65.71917114, 0.050881721, 25.8852, 29.2002, 7652.76, HIGH
64.37362823, 0.056580644, 25.992, 29.2566, 4276.92, LOW
58.18421059, 0.080387099, 16.701, 32.2516, 13901.44, NORM
54.88815765, 0.050580643, 17.3438, 31.644, 13614.46, LOW
65.26129659, 0.086021502, 17.905, 31.9708, 17001.32, NORM
62.66714859, 0.085032254, 18.4614, 29.7736, 17715.6, NORM
64.77014694, 0.088451608, 19.013, 28.8196, 6679.9, NORM
61.87820358, 0.058709677, 19.3506, 29.034, 12091.32, NORM
62.48534851, 0.101032258, 19.4222, 28.271, 14002.36, NORM
66.08089193, 0.083870969, 19.46, 28.294, 6832.86, NORM
56.15789459, 0.119870972, 17.2962, 31.4026, 3253.62, NORM
58.75843658, 0.064322578, 17.3342, 32.6374, 2405.32, NORM
61.52564201, 0.064774196, 17.8478, 31.1338, 6541.14, NORM
59.88933945, 0.075225809, 18.1616, 28.8238, 904.28, NORM
53.5, 0.059698924, 18.129, 30.522, 2555.14, NORM
55.84210587, 0.045612904, 17.7098, 29.7906, 1661.1, NORM
60.89743538, 0.058, 17.5912, 30.5096, 1694.24, NORM
58.63157959, 0.072838707, 16.7298, 32.0768, 1268.5, NORM
61.71075249, 0.086946236, 16.6774, 32.243, 2521.98, NORM
58.11538467, 0.079806451, 16.9726, 31.6706, 6922.74, NORM
56.92105331, 0.063612902, 17.1156, 31.0638, 2848.42, NORM
64.13829397, 0.146365594, 17.1252, 30.7204, 2704.92, NORM
63.49908295, 0.114322579, 17.1962, 30.1248, 12198.56, NORM
62.63247681, 0.067913979, 17.2154, 30.2394, 5230.88, NORM
57.54984818, 0.122451615, 16.12, 32.0486, 2312.3, NORM
63.56227112, 0.055419357, 15.5092, 33.1062, 2228.74, NORM
62.39377327, 0.092387096, 15.6668, 33.1338, 2274.44, NORM
55.1385969, 0.068838712, 15.915, 33.3266, 3209.48, NORM
64.49572805, 0.144387094, 22.0822, 22.0934, 5866.3, LOW
60.92172668, 0.055053762, 20.7456, 23.8068, 1943.34, HIGH
58.93814685, 0.091139784, 20.4312, 24.3966, 1929.16, HIGH
59.07017517, 0.117935482, 20.603, 24.7752, 7195.54, NORM
59.62402145, 0.053096773, 20.4886, 25.1126, 12277.38, HIGH
59.49527664, 0.053483869, 18.2616, 27.9244, 2053.72, NORM
59.04270388, 0.072193548, 18.3758, 27.9468, 4721.6, HIGH
54.80921021, 0.06832258, 18.661, 27.1458, 3032.88, LOW
61.66936569, 0.059548387, 18.8656, 26.2754, 3575.26, LOW
58.85380084, 0.084043008, 18.894, 26.58, 4936.04, NORM
61.108638, 0.070580647, 19.0368, 26.8728, 5257.7, NORM
61.62685585, 0.067806448, 19.0368, 26.5972, 2266.56, HIGH
66.79120738, 0.063784944, 18.9322, 26.8112, 2455.8, LOW
61.74603233, 0.082602147, 18.8894, 26.969, 2064.74, HIGH
54.67763176, 0.113419353, 19.1558, 27.325, 2075.82, HIGH
53.225, 0.066580645, 18.723, 28.4622, 2567.74, HIGH
53.70833333, 0.074838711, 19.0084, 28.0372, 2580.36, HIGH
60.02901522, 0.048309677, 18.9514, 27.1682, 3868.56, NORM
62.8369957, 0.058064514, 19.1942, 26.905, 1516.06, LOW
62.78632558, 0.092946233, 18.571, 27.407, 6322.0, HIGH
58.26315829, 0.091440859, 18.842, 26.9588, 6862.82, HIGH
60.72132301, 0.145741932, 18.9562, 26.907, 9090.76, HIGH
57.67543983, 0.092193551, 19.6744, 26.6458, 9477.06, NORM
63.5427358, 0.076064515, 19.7032, 26.1022, 12165.42, LOW
58.87218119, 0.046924731, 19.032, 27.483, 2219.28, NORM
61.60507126, 0.084129033, 19.0844, 27.259, 2108.9, HIGH
64.83760656, 0.065677419, 18.7088, 28.1002, 3863.82, NORM
58.92914937, 0.095247313, 18.2762, 28.2062, 4358.92, HIGH
58.69548759, 0.082645161, 18.6894, 27.5902, 2911.48, HIGH
63.8360817, 0.113225806, 20.6172, 26.2852, 4854.04, HIGH
66.64590963, 0.07083871, 21.819, 24.9094, 7897.18, LOW
60.97480799, 0.10752688, 21.652, 24.183, 13310.16, NORM
61.41025581, 0.049677418, 21.9772, 24.267, 7629.1, NORM
61.56410294, 0.081741932, 22.1684, 23.8844, 6076.02, NORM
60.09878459, 0.092860217, 22.0296, 23.2672, 9147.54, NORM
