@relation .a/eda_raw_ml/eda_raw_ml
@attribute Sound real [46.22267342, 79.2527832]
@attribute Dust real [0.02916129, 0.39787096]
@attribute TempEN real [10.521, 26.891]
@attribute RH real [17.24, 60.8856]
@attribute Light real [287.76, 32280.1]
@attribute EDA_level {HIGH, NORM, LOW}
@inputs Sound, Dust, TempEN, RH, Light
@outputs EDA_level
@data
59.90283508, 0.050774194, 18.5756, 33.6652, 2640.28, NORM
57.21052628, 0.049677418, 18.1428, 34.5106, 3974.22, NORM
61.24786377, 0.049548385, 16.82, 37.5762, 2731.72, NORM
61.81367681, 0.075784944, 16.7488, 37.905, 2714.4, NORM
60.41754395, 0.044967742, 16.7678, 38.0428, 2529.92, NORM
61.47030983, 0.059909676, 16.4966, 38.2596, 2758.52, NORM
60.51147156, 0.049367742, 16.4536, 37.9646, 1650.06, NORM
60.47143656, 0.053591399, 15.3086, 39.6552, 1418.3, NORM
55.55263138, 0.054451612, 13.9924, 44.9506, 1377.28, NORM
56.40232849, 0.045419356, 14.6922, 43.0078, 2023.76, NORM
54.73355255, 0.044967741, 14.1892, 43.3272, 2782.2, NORM
64.61813278, 0.072903225, 13.7956, 44.2116, 1935.46, NORM
60.6241581, 0.060645162, 13.8388, 43.6008, 3226.82, NORM
62.89743538, 0.036408602, 13.4874, 44.933, 2203.5, NORM
63.06837616, 0.038215053, 13.473, 44.8374, 2252.38, NORM
62.66666718, 0.040645163, 13.4298, 44.7822, 2752.22, NORM
59.72334696, 0.056086024, 12.7318, 46.4794, 2307.58, NORM
58.89473648, 0.037419355, 12.7558, 46.8234, 2465.26, NORM
58.5, 0.047999998, 12.7606, 46.1534, 1708.4, NORM
63.76923027, 0.055741937, 12.799, 46.1582, 2859.44, NORM
63.12820638, 0.051870968, 12.9152, 46.0422, 2838.96, NORM
62.75213776, 0.051397848, 12.9728, 45.8564, 2734.86, NORM
54.86074511, 0.063419357, 13.1024, 45.8474, 3709.32, NORM
63.41025581, 0.04451613, 12.9968, 45.8778, 2622.92, NORM
66.08608017, 0.074193549, 12.9488, 46.096, 2780.6, NORM
60.36909523, 0.065870969, 13.016, 46.2978, 1564.92, NORM
59.61943321, 0.051483869, 12.92, 45.9988, 2449.48, NORM
63.13675156, 0.071548385, 12.654, 46.4572, 1913.4, NORM
66.59524002, 0.046774194, 12.654, 46.3634, 842.76, NORM
60.85897446, 0.046967741, 12.63, 46.3914, 784.46, NORM
62.37179375, 0.057612904, 12.558, 47.2638, 1077.7, NORM
59.90665779, 0.078639784, 12.63, 47.403, 1609.12, NORM
59.46423772, 0.0424086, 12.678, 47.0308, 1383.58, NORM
60.52564125, 0.044387095, 12.678, 46.913, 1011.48, NORM
62.62820396, 0.041870968, 12.683, 46.709, 489.58, NORM
59.86167221, 0.054709676, 12.6684, 46.9552, 636.22, NORM
62.69231008, 0.046451613, 12.678, 46.8076, 931.08, NORM
61.2820507, 0.043935483, 12.683, 46.6346, 850.66, NORM
60.04993286, 0.045548386, 12.688, 46.691, 853.82, NORM
48.32860947, 0.033225806, 15.8204, 23.2496, 430.48, LOW
64.27777786, 0.05391398, 19.7078, 29.1498, 560.54, NORM
55.06359609, 0.046064516, 18.9274, 30.4308, 814.4, HIGH
60.97435913, 0.075225806, 18.1616, 31.7496, 792.3, LOW
60.57040024, 0.075892473, 17.296, 32.989, 592.04, LOW
60.2896993, 0.054580647, 17.258, 32.8932, 601.52, HIGH
52.1875, 0.05905376, 16.9198, 33.9308, 669.32, HIGH
60.43522224, 0.049935482, 16.7676, 33.975, 377.64, LOW
60.92307638, 0.060903225, 16.058, 36.3466, 369.76, HIGH
57.19298299, 0.060000002, 16.0724, 36.4194, 423.34, HIGH
59.72199745, 0.052258066, 15.867, 36.6124, 883.76, LOW
61.38461558, 0.050967742, 15.867, 36.651, 844.34, LOW
61.28205185, 0.035806453, 15.4044, 37.643, 688.24, HIGH
53.75219371, 0.043853762, 14.9456, 37.8918, 647.26, HIGH
58.16149317, 0.042021504, 14.673, 38.5306, 555.8, LOW
61.79487305, 0.03916129, 14.3562, 39.4946, 565.28, LOW
61.62759399, 0.039268818, 14.3186, 39.4394, 442.28, HIGH
60.52564087, 0.056258064, 13.7332, 42.1126, 516.38, HIGH
61.23076859, 0.051935484, 13.5604, 42.0928, 429.68, HIGH
62.38461533, 0.059419354, 13.1466, 43.2418, 653.54, HIGH
62.24786275, 0.081849462, 13.127, 42.9376, 710.3, LOW
63.19780159, 0.041483871, 12.944, 43.733, 707.16, HIGH
60.35332001, 0.042064516, 12.799, 44.1858, 686.66, HIGH
65.92857056, 0.090193549, 12.823, 44.2826, 618.88, HIGH
63.88034083, 0.055440861, 12.8038, 44.5244, 407.58, LOW
65.16849747, 0.044967742, 12.847, 44.4544, 456.48, LOW
62.57692261, 0.036580643, 12.847, 44.4046, 369.76, LOW
64.19230728, 0.05716129, 12.8662, 43.9808, 549.5, LOW
63.65384598, 0.042193549, 12.896, 44.0346, 462.76, LOW
66.09981689, 0.045806451, 17.1962, 37.8542, 2395.88, NORM
55.53947296, 0.044774192, 16.9486, 36.9092, 2449.5, NORM
62.0470089, 0.053569893, 14.9216, 42.9016, 2905.16, NORM
60.00539818, 0.052774191, 13.9012, 45.3656, 3319.86, NORM
53.13267543, 0.038946237, 13.5796, 46.0502, 3321.42, NORM
59.07894897, 0.033612905, 13.0448, 47.2954, 2118.34, NORM
54.4375, 0.037935483, 12.7076, 49.29, 2551.96, NORM
58.15789413, 0.036451612, 12.509, 49.823, 4135.02, NORM
57.35087687, 0.042950537, 12.4274, 49.7812, 2908.34, NORM
59.65722122, 0.034774194, 12.34, 50.0698, 2440.04, NORM
54.77302704, 0.033806451, 12.0058, 50.7344, 3788.16, NORM
61.46298447, 0.032774195, 11.8752, 51.79, 2512.54, NORM
60.93927155, 0.032025805, 11.71, 52.3926, 2326.5, NORM
58.13684341, 0.031935484, 11.6812, 52.3524, 2884.68, NORM
70.32252579, 0.040451612, 11.4968, 54.0746, 3461.76, NORM
58.86842041, 0.032193547, 11.492, 53.506, 3409.72, NORM
61.07692312, 0.032086021, 11.399, 53.4806, 3354.54, NORM
60.44601898, 0.038774191, 11.248, 53.3016, 3226.8, NORM
62.35384598, 0.033118279, 11.1702, 54.0628, 2886.22, NORM
59.62078171, 0.039419355, 11.1318, 54.4846, 2914.62, NORM
56.68420944, 0.029290322, 11.0242, 54.9254, 4680.6, NORM
55.44736862, 0.031419353, 10.868, 55.0582, 3300.94, NORM
61.41025696, 0.04832258, 10.761, 56.251, 4144.48, NORM
65.67948837, 0.032903225, 10.7802, 55.4824, 2656.02, HIGH
63.21886406, 0.037548387, 10.7658, 55.654, 2673.38, LOW
61.7606837, 0.034559139, 10.761, 55.881, 1894.48, LOW
57.89473763, 0.033419355, 10.7264, 56.0544, 2725.4, LOW
69.08075119, 0.038086022, 10.663, 57.047, 2146.76, NORM
61.74359055, 0.035806452, 10.648, 57.1102, 2108.88, NORM
62.42600098, 0.036215054, 10.6822, 56.8056, 1896.06, LOW
61.83333321, 0.03348387, 10.5894, 56.702, 4146.06, NORM
67.86935349, 0.049612903, 10.541, 57.0756, 2099.44, LOW
62.04273554, 0.040688173, 14.8832, 44.714, 4276.94, HIGH
60.52911186, 0.035806452, 15.2608, 44.6652, 4483.5, LOW
60.35087662, 0.037978494, 14.6778, 45.3358, 5760.66, NORM
55.8702774, 0.036774194, 13.9156, 45.4112, 4043.58, NORM
52.85416667, 0.03395699, 13.57, 46.1674, 3089.64, NORM
58.73481827, 0.036193548, 13.4154, 46.8084, 3234.7, NORM
61.40598335, 0.033139784, 12.703, 48.0558, 6213.18, NORM
54.76644707, 0.055096774, 17.8574, 33.9134, 2096.28, LOW
55.65263153, 0.037367741, 17.4626, 34.42, 2048.98, HIGH
60.45794017, 0.039655912, 16.525, 37.5072, 2681.28, NORM
61.66666565, 0.057419357, 16.4918, 37.4386, 2870.48, NORM
59.88866386, 0.061935484, 13.6372, 45.4144, 4760.98, NORM
61.21255226, 0.04980645, 13.5796, 44.9756, 4327.38, NORM
59.94691747, 0.03776344, 13.4778, 45.3448, 2767.98, NORM
61.84345462, 0.053440859, 13.4922, 45.09, 2816.86, NORM
54.4078949, 0.068000001, 13.497, 44.9468, 3209.48, NORM
59.11403503, 0.043741935, 13.4394, 45.3086, 4991.2, HIGH
58.00000076, 0.042967741, 13.4586, 45.1546, 3646.24, NORM
58.78677483, 0.045935483, 13.401, 44.8538, 3510.64, NORM
54.70805883, 0.045290322, 13.3578, 44.9108, 4105.08, NORM
56.86842155, 0.044258063, 13.3674, 45.3746, 3446.0, NORM
59.53351313, 0.048903225, 13.0976, 45.098, 5301.84, LOW
62.20342662, 0.05204301, 13.016, 45.7492, 2373.8, NORM
63.37606964, 0.074795698, 13.0016, 46.4014, 3411.32, NORM
61.94871788, 0.048129031, 13.04, 45.7398, 1596.46, HIGH
61.52106285, 0.093483869, 12.5042, 47.1208, 2512.54, NORM
58.9210537, 0.042580645, 12.3448, 47.5394, 2621.36, NORM
55.6315801, 0.041892472, 16.077, 38.3442, 2586.64, NORM
59.23616689, 0.088903225, 15.9768, 38.855, 2775.86, NORM
58.12280629, 0.036929033, 15.6288, 38.9912, 3110.14, NORM
56.63157921, 0.036193549, 15.1894, 39.815, 4418.82, NORM
61.02609049, 0.036688173, 15.055, 40.5348, 3472.82, NORM
59.05667953, 0.046322581, 14.29, 42.9416, 3133.78, NORM
57.69230728, 0.03967742, 13.8532, 44.1934, 1337.86, NORM
58.31578865, 0.065870965, 13.209, 46.0666, 4461.4, NORM
56.21685257, 0.050709676, 13.281, 45.8194, 4453.54, NORM
59.3117396, 0.033333335, 13.2762, 45.7692, 3983.66, NORM
57.13157883, 0.036774193, 13.257, 45.7482, 4368.4, NORM
56.21052704, 0.043741938, 13.233, 45.5892, 4273.78, NORM
57.07017644, 0.04404301, 13.0784, 46.4796, 3245.76, NORM
55.2815802, 0.033806451, 12.7028, 46.9408, 3736.12, NORM
61.48448181, 0.031935484, 12.775, 46.3478, 5014.86, NORM
59.89014801, 0.036258065, 12.6444, 46.7724, 2922.52, NORM
61.76743317, 0.038623656, 12.63, 46.783, 2310.74, NORM
56.86842079, 0.036709676, 12.582, 47.3906, 3447.58, NORM
58.19298248, 0.033462364, 12.524, 47.55, 2583.52, NORM
58.71862297, 0.038451614, 12.2968, 48.6196, 2260.28, NORM
58.97211024, 0.06976344, 12.3592, 48.2086, 2107.32, NORM
55.95789642, 0.036688172, 12.374, 47.735, 2913.04, LOW
60.70107918, 0.033612905, 12.384, 47.538, 2438.44, NORM
58.47368469, 0.034580645, 12.3592, 47.7208, 3769.22, NORM
61.47493858, 0.030967741, 12.3838, 47.3776, 4278.52, NORM
60.84345627, 0.029987095, 12.34, 47.4212, 3329.32, NORM
60.90620995, 0.029496773, 12.316, 47.5294, 3406.56, NORM
65.89743652, 0.034580644, 12.413, 47.5544, 1665.82, NORM
60.05735512, 0.098645157, 12.4466, 47.2056, 3482.26, NORM
62.17476463, 0.033096774, 12.4034, 47.256, 4366.8, NORM
65.16971995, 0.031268816, 12.2968, 45.6226, 3226.82, NORM
62.70939992, 0.033569892, 12.2676, 45.712, 3912.7, NORM
57.88056679, 0.032064517, 12.2382, 45.7952, 3409.72, NORM
60.24066569, 0.031096774, 12.142, 46.6832, 2411.64, LOW
61.44444427, 0.071827955, 15.5906, 59.6808, 32280.1, NORM
61.76922989, 0.061548385, 17.5912, 53.3776, 32280.1, LOW
63.745725, 0.040817205, 17.9052, 50.4968, 4831.96, HIGH
61.87112274, 0.038903226, 17.9956, 51.802, 3889.04, HIGH
57.67881165, 0.039177418, 18.033, 51.7386, 4076.7, HIGH
60.82051201, 0.040387097, 17.3958, 53.6944, 3947.4, HIGH
61.33333359, 0.049225806, 17.177, 54.314, 7572.34, LOW
59.50697225, 0.041290322, 17.0484, 54.0564, 5115.78, LOW
60.58479563, 0.038150537, 17.011, 54.6822, 4615.94, LOW
61.79487038, 0.036580645, 16.9774, 55.5518, 4130.28, HIGH
62.4908432, 0.044193549, 16.9438, 54.8806, 4754.72, NORM
58.3036424, 0.052688173, 16.892, 55.2884, 2520.46, NORM
60.21862373, 0.038451613, 16.844, 55.6052, 2578.8, LOW
57.2105278, 0.039935484, 16.844, 56.1476, 2531.46, HIGH
55.58333282, 0.063612904, 16.844, 57.133, 5874.18, LOW
61.08974266, 0.047935484, 16.8872, 55.4772, 5565.14, HIGH
59.39608574, 0.038116129, 16.82, 56.6128, 3215.78, HIGH
54.93157923, 0.037505376, 16.8152, 56.016, 3289.92, LOW
61.57692261, 0.040645161, 16.7682, 56.6658, 2220.86, NORM
55.76585709, 0.038344086, 16.582, 55.359, 1714.72, LOW
64.10256577, 0.04516129, 15.9388, 56.2242, 2518.88, LOW
62.35897484, 0.041806451, 16.3678, 54.906, 32280.1, HIGH
59.36842092, 0.053204302, 16.654, 53.539, 2312.32, LOW
62.28718079, 0.036258065, 16.677, 54.0698, 3797.62, LOW
62.37217865, 0.037677419, 16.582, 55.5174, 2933.54, LOW
69.96068649, 0.042387097, 16.506, 55.506, 4433.02, LOW
63.20941772, 0.038580645, 16.4822, 55.8376, 4160.26, HIGH
60.46904994, 0.036473119, 16.2488, 54.3812, 4638.02, NORM
64.6846138, 0.07967742, 16.1914, 54.5074, 6443.4, HIGH
64.27053223, 0.036129033, 16.463, 54.118, 5990.88, HIGH
66.95238291, 0.040688173, 16.4966, 53.9516, 4451.96, LOW
69.8174572, 0.036645162, 16.5248, 54.0354, 5251.34, NORM
64.87179565, 0.037032259, 16.9294, 53.2152, 4811.48, LOW
64.49999924, 0.037096775, 16.9294, 52.9384, 4975.42, HIGH
66.47740911, 0.039397849, 17.1204, 52.9346, 17147.98, HIGH
64.0415151, 0.055268815, 17.1156, 52.792, 2388.0, HIGH
61.5384613, 0.037032259, 17.106, 52.5254, 2555.14, HIGH
53.65131569, 0.052516129, 22.6474, 31.2164, 1049.32, HIGH
54.52724342, 0.049083869, 22.6474, 31.2432, 1287.4, HIGH
58.05060692, 0.038387096, 21.4326, 32.4044, 2249.22, LOW
56.28947487, 0.063677421, 21.1988, 32.8812, 2225.6, LOW
60.98717918, 0.046709677, 20.96, 34.2766, 754.48, HIGH
57.25575762, 0.039612904, 21.151, 34.1294, 713.5, HIGH
59.41666565, 0.039741935, 21.056, 34.358, 934.24, HIGH
61.22078445, 0.043827956, 20.9792, 34.4238, 2473.14, HIGH
57.75393562, 0.03916129, 20.96, 34.184, 1479.78, HIGH
60.01956863, 0.050322579, 20.841, 35.1958, 978.38, LOW
62.35222931, 0.083741933, 20.8218, 35.2728, 1236.96, HIGH
62.28205083, 0.045333333, 20.8986, 35.4186, 1271.62, HIGH
63.48840078, 0.041419355, 20.8554, 35.6642, 1350.48, LOW
54.31359609, 0.042967741, 20.96, 35.6218, 1039.86, HIGH
56.71558586, 0.053677417, 21.0128, 35.2318, 1022.5, HIGH
61.54700877, 0.039440859, 21.0368, 34.8782, 942.14, HIGH
60.8927124, 0.058709676, 20.865, 34.9076, 1273.24, HIGH
53.6875, 0.046064516, 20.9792, 37.042, 1482.94, HIGH
64.42124583, 0.072516125, 21.318, 32.6668, 2572.48, LOW
65.24298045, 0.048129032, 21.3324, 32.9734, 1306.32, HIGH
57.99999924, 0.047806451, 21.2228, 32.4454, 1549.14, HIGH
61.82051353, 0.041290322, 21.366, 34.2814, 1634.3, HIGH
66.89224828, 0.064043007, 21.413, 35.1586, 1806.16, LOW
61.16666565, 0.085548384, 21.3756, 34.4016, 1667.42, LOW
61.46199036, 0.059311827, 21.366, 35.477, 1894.48, LOW
58.04588318, 0.045096773, 21.2038, 34.1742, 4466.16, HIGH
62.80341886, 0.039354838, 21.1126, 35.4064, 6011.38, HIGH
62.68970489, 0.051870967, 21.2228, 35.4168, 4193.36, HIGH
63.42307854, 0.053741934, 21.2796, 35.4554, 4792.52, LOW
59.65162888, 0.053634406, 21.3756, 36.1888, 3696.7, LOW
60.66358261, 0.051225805, 21.4084, 36.0866, 2689.14, LOW
59.11403529, 0.052215052, 21.6328, 33.7636, 2545.66, HIGH
65.0641037, 0.101161287, 22.058, 33.4312, 8849.52, LOW
68.94867783, 0.060602152, 22.1588, 32.6488, 9981.62, HIGH
62.39743576, 0.04148387, 22.2884, 32.1738, 3657.3, HIGH
63.83608093, 0.041096774, 22.5994, 32.1812, 2525.16, LOW
61.29914602, 0.073720429, 22.393, 31.6892, 1621.68, HIGH
49.65519524, 0.037612902, 14.0274, 35.666, 5972.72, LOW
59.8353569, 0.04303656, 16.706, 43.3704, 2356.46, NORM
63.18406563, 0.084954838, 16.6818, 44.0654, 2551.98, NORM
60.64102592, 0.040774192, 16.7298, 43.792, 1047.72, NORM
59.23009453, 0.054387094, 16.7298, 44.6346, 9164.86, NORM
61.06410217, 0.142516133, 16.7868, 44.0524, 9428.2, NORM
60.02968877, 0.052645159, 17.7528, 42.5494, 965.76, LOW
57.25776011, 0.042365591, 17.5008, 42.8776, 740.3, NORM
54.0234375, 0.039354837, 17.701, 42.0582, 614.16, NORM
61.77617111, 0.042709679, 17.5436, 41.906, 5669.2, NORM
58.36707077, 0.040258063, 17.32, 42.2574, 897.96, NORM
58.02091751, 0.039806451, 17.1484, 43.6004, 961.02, NORM
58.052631, 0.039290322, 16.7966, 45.943, 1768.32, NORM
58.27935282, 0.041763441, 16.606, 45.472, 4504.0, NORM
62.41025696, 0.038451613, 16.8776, 44.0888, 3313.56, LOW
60.25595996, 0.039903225, 16.8104, 44.4734, 1033.58, LOW
60.98380585, 0.039032257, 16.8344, 44.6158, 2187.76, NORM
55.33771973, 0.038752687, 16.4246, 47.4356, 1002.02, NORM
59.23819199, 0.039032257, 16.258, 47.8894, 2239.76, NORM
64.48992653, 0.039548386, 15.4994, 48.5394, 7859.32, NORM
61.84615377, 0.042150537, 16.9534, 45.2686, 7520.32, NORM
61.1934021, 0.042709679, 17.4912, 43.8568, 6519.1, NORM
69.8247879, 0.058774193, 17.6388, 43.8364, 6205.32, NORM
73.4392573, 0.060408601, 17.9146, 43.1362, 2911.48, NORM
65.23534775, 0.049548386, 18.0858, 42.7158, 1549.16, LOW
65.2603803, 0.041010751, 18.2286, 41.5732, 1976.46, NORM
60.33265877, 0.039225805, 18.1146, 41.6886, 1318.96, NORM
54.64144707, 0.039741935, 17.6004, 42.7554, 1464.04, NORM
62.41025543, 0.041032256, 17.044, 43.4866, 1982.76, NORM
58.18421135, 0.039935484, 16.3536, 45.7498, 2883.1, HIGH
60.62781982, 0.040387096, 16.3296, 45.6208, 4131.86, HIGH
70.97222366, 0.04116129, 17.9098, 42.2034, 4888.72, NORM
63.62969933, 0.041741934, 18.0048, 42.2206, 4822.48, NORM
59.06680183, 0.04363871, 18.6848, 41.766, 5029.06, LOW
65.15018158, 0.134322582, 18.956, 40.0444, 8620.88, LOW
57.52631683, 0.154903227, 19.151, 31.0146, 1397.8, HIGH
57.76315651, 0.121032261, 19.0892, 31.0888, 1468.76, HIGH
60.35762482, 0.091612899, 18.6422, 32.129, 2212.98, NORM
63.06410255, 0.113483869, 17.3724, 34.516, 2299.7, HIGH
59.29532204, 0.159311827, 17.344, 35.0814, 2563.02, HIGH
58.65789604, 0.091419355, 18.3664, 32.9944, 14130.04, LOW
58.75078634, 0.129720426, 16.963, 37.1248, 1140.78, LOW
66.29644928, 0.111741936, 16.7726, 37.7068, 2034.8, LOW
59.47278468, 0.156301077, 16.5202, 37.0538, 1076.14, LOW
57.15789528, 0.101161292, 16.8822, 37.0972, 2164.12, LOW
59.38972473, 0.133741939, 16.9918, 37.0108, 2616.6, HIGH
61.64035149, 0.103806452, 16.63, 37.1426, 1634.28, HIGH
61.3446701, 0.173548386, 16.8106, 36.4738, 2324.94, LOW
58.69803009, 0.099548388, 16.7346, 37.3602, 4945.48, HIGH
53.5, 0.067096772, 16.796, 38.8004, 3915.88, LOW
60.81781311, 0.113935482, 16.9774, 37.2362, 3803.92, LOW
60.66666565, 0.082129034, 16.9774, 37.0938, 6970.04, HIGH
59.71997261, 0.086838711, 17.0202, 37.0204, 7040.98, HIGH
70.08385722, 0.122021504, 17.363, 35.7812, 6418.16, HIGH
58.38731461, 0.14696774, 17.4722, 35.9548, 6213.18, HIGH
67.6532987, 0.07288172, 17.6962, 35.605, 6358.24, HIGH
61.99257812, 0.094451614, 17.8478, 35.0128, 4749.98, HIGH
57.71749929, 0.13870967, 17.8958, 35.1152, 5960.9, HIGH
63.71794853, 0.125096773, 17.9054, 35.5212, 5680.24, LOW
65.13308919, 0.120215058, 17.9382, 35.622, 5590.36, LOW
62.02564011, 0.098709674, 17.6482, 36.2846, 5453.18, HIGH
65.8598896, 0.093741935, 17.5724, 36.4594, 3318.28, LOW
57.26315842, 0.083225804, 17.6674, 35.8306, 5011.68, HIGH
65.17276917, 0.129634404, 17.7814, 36.0958, 12096.06, LOW
58.85150414, 0.138580646, 17.7624, 36.0092, 5705.48, LOW
70.32698288, 0.087010749, 18.1476, 35.4534, 10987.58, HIGH
64.397435, 0.074193545, 18.2424, 34.9326, 11432.26, HIGH
62.97252808, 0.102322577, 19.798, 33.1382, 11528.4, HIGH
51.22527428, 0.040645159, 16.9016, 25.4294, 7327.16, LOW
61.05128098, 0.053161292, 19.0936, 34.7784, 11001.8, NORM
58.13157806, 0.167741933, 19.3176, 35.5804, 10185.02, NORM
62.85897369, 0.04716129, 20.65, 32.2016, 1028.84, NORM
52.96875, 0.045135484, 20.2506, 33.2462, 612.58, NORM
63.94871877, 0.055612903, 20.036, 33.4114, 1918.12, LOW
65.21795044, 0.045741935, 19.8314, 32.7514, 2681.26, NORM
62.53846105, 0.044645162, 19.8884, 32.7762, 1691.04, NORM
59.99595261, 0.045419354, 19.6552, 32.9074, 1207.0, NORM
62.84615479, 0.04516129, 19.503, 33.283, 1161.26, NORM
58.24291407, 0.045273118, 19.4364, 33.3232, 4650.64, NORM
63.5904171, 0.044064517, 19.1938, 34.1572, 3373.46, NORM
61.86774673, 0.046709678, 19.1126, 36.097, 6060.26, NORM
61.12820396, 0.058709679, 19.327, 35.5548, 6383.48, NORM
65.36437302, 0.042838709, 19.4744, 34.0122, 1777.76, NORM
63.36263657, 0.043935485, 19.8362, 33.3996, 8513.66, NORM
66.72619019, 0.059505377, 20.4646, 32.2182, 9525.94, NORM
63.70085449, 0.112688174, 21.2988, 30.933, 1229.08, NORM
67.33333054, 0.044258065, 20.6456, 31.9554, 4267.48, LOW
60.99999924, 0.043741936, 20.5262, 31.8982, 964.18, NORM
62.40000061, 0.042322581, 20.3976, 32.0534, 1758.86, NORM
56.94736888, 0.044645162, 20.5074, 32.7396, 2933.54, NORM
64.48534813, 0.047483869, 22.1396, 29.8186, 8871.58, NORM
64.18589859, 0.055935486, 20.055, 32.3608, 2227.16, LOW
65.45357081, 0.051010751, 19.9742, 32.115, 11003.38, NORM
63.17094065, 0.064946237, 20.5646, 31.2168, 8228.3, NORM
55.42105255, 0.045806451, 21.7432, 29.417, 469.1, NORM
62.41273006, 0.046516129, 21.3896, 29.4686, 570.0, NORM
62.15384483, 0.044709678, 21.2132, 29.8492, 1069.8, NORM
60.25573578, 0.04483871, 20.8506, 30.9148, 2914.64, NORM
61.40688286, 0.045225806, 21.0032, 30.0192, 934.22, NORM
58.84345449, 0.048206451, 20.9176, 30.66, 3621.02, NORM
58.02226791, 0.045806451, 21.2892, 30.6652, 4019.92, NORM
65.7976181, 0.045870967, 20.9412, 30.4284, 4267.46, NORM
64.51667633, 0.044086022, 20.8222, 30.652, 4190.2, NORM
64.59649277, 0.044, 20.6552, 30.6846, 4224.92, NORM
58.68421046, 0.043767743, 20.2978, 32.1572, 4220.16, NORM
63.38461418, 0.049225806, 20.4168, 31.47, 2890.98, NORM
57.34868393, 0.04819355, 20.0074, 31.1484, 6886.46, HIGH
66.51190681, 0.046838708, 20.055, 32.0294, 7304.3, LOW
62.3412707, 0.245677416, 20.2456, 31.9066, 6208.44, LOW
58.10593758, 0.04548387, 20.9364, 31.2154, 7474.58, HIGH
62.69230652, 0.21341934, 21.0842, 30.928, 8262.96, HIGH
56.37911263, 0.044903226, 21.9006, 29.7052, 1771.46, LOW
53.55769231, 0.044301076, 21.8286, 29.76, 1916.54, HIGH
66.68528671, 0.105483873, 21.6904, 30.1304, 13031.08, HIGH
66.4395607, 0.043612902, 21.7622, 29.942, 11468.5, LOW
67.90109889, 0.252645152, 23.5304, 27.447, 5547.82, LOW
58.10526314, 0.041419355, 20.336, 30.9706, 465.94, NORM
67.04761887, 0.044967742, 20.2076, 30.8328, 658.3, NORM
67.2857132, 0.044516129, 20.317, 30.7224, 579.46, NORM
66.42856954, 0.091251609, 20.241, 30.7894, 752.9, NORM
66.67887624, 0.044774194, 20.0358, 30.8712, 962.6, NORM
65.83882751, 0.044129033, 19.1414, 32.55, 1446.68, NORM
58.99595261, 0.043741937, 19.3794, 31.8704, 570.02, NORM
58.71710625, 0.070645158, 19.389, 31.7448, 547.9, NORM
65.0549441, 0.043182797, 19.2034, 32.1922, 704.02, NORM
65.86904678, 0.046903226, 19.1128, 32.7654, 995.72, NORM
64.47985229, 0.044516129, 18.9034, 33.946, 385.52, NORM
67.07234421, 0.043870967, 18.913, 32.906, 2304.44, NORM
66.19841258, 0.047096774, 18.913, 33.005, 1569.64, NORM
67.10317688, 0.044215054, 18.747, 33.3256, 1178.6, NORM
64.97100067, 0.044120431, 18.723, 33.3038, 927.92, NORM
70.19365234, 0.04624516, 18.6894, 34.2606, 927.94, NORM
64.67582474, 0.043548387, 18.628, 33.5192, 636.22, NORM
64.60683695, 0.043870969, 18.604, 33.6812, 443.86, NORM
64.68925629, 0.042096773, 18.604, 34.1082, 401.26, NORM
64.21794891, 0.045058062, 18.604, 33.8782, 380.8, NORM
65.86569061, 0.042881722, 18.533, 33.7336, 663.0, LOW
56.05263138, 0.042903225, 18.533, 33.7666, 511.66, NORM
69.74427134, 0.043139787, 18.58, 33.896, 756.04, NORM
63.62820536, 0.043802152, 18.5944, 33.8312, 825.44, NORM
68.55860672, 0.043122581, 18.747, 33.6876, 863.3, NORM
65.28424957, 0.044451613, 18.723, 33.6988, 771.84, NORM
61.96131465, 0.042666666, 18.723, 33.8562, 770.24, NORM
66.86904678, 0.051548387, 18.8938, 33.662, 1596.46, NORM
57.60526314, 0.044064517, 18.961, 33.0222, 1317.38, NORM
66.55335617, 0.049290322, 18.985, 32.9912, 1713.14, NORM
65.84126892, 0.044602151, 18.985, 33.572, 935.8, NORM
68.05830536, 0.04251613, 13.762, 47.4312, 1331.54, NORM
62.46153908, 0.042903225, 13.3914, 48.6098, 2006.42, NORM
62.05128288, 0.041548387, 13.401, 48.8708, 8740.72, NORM
65.06959712, 0.043827958, 13.6756, 48.1272, 2189.32, NORM
58.36054955, 0.093780648, 13.6132, 48.8058, 1367.82, NORM
60.4139183, 0.077096771, 13.5316, 48.8326, 3554.8, NORM
62.33333282, 0.054322578, 13.5508, 48.1726, 2641.84, NORM
62.82314962, 0.042064516, 13.5316, 48.4616, 1911.84, NORM
61.12415619, 0.040709677, 13.473, 48.3666, 2485.76, NORM
60.13720194, 0.043053763, 13.502, 48.7108, 1303.2, NORM
59.47638232, 0.042709678, 13.4874, 48.8634, 774.98, NORM
52.10227273, 0.042778496, 13.305, 48.2768, 565.28, NORM
66.57142792, 0.042709677, 13.2138, 49.9366, 2597.72, NORM
60.56882591, 0.041032256, 13.209, 48.7276, 910.58, NORM
60.36752192, 0.048774191, 13.4298, 49.1524, 1236.96, LOW
57.44736938, 0.041032257, 13.0544, 49.0532, 1080.84, NORM
63.29303945, 0.045333333, 13.4298, 49.0908, 1071.4, NORM
69.7630427, 0.043139784, 13.522, 48.9482, 3600.52, NORM
64.93131676, 0.045935483, 13.546, 48.4944, 1039.86, NORM
61.50427348, 0.042838709, 13.5508, 48.3834, 1169.18, LOW
64.35531057, 0.041462364, 13.4874, 48.6722, 1218.02, NORM
60.42240257, 0.073032256, 13.4778, 48.7818, 1236.96, NORM
54.60175451, 0.042236558, 13.502, 48.6616, 549.48, LOW
55.40131531, 0.042322581, 13.5412, 48.5246, 536.9, NORM
54.90865402, 0.040322579, 13.546, 48.4882, 554.24, NORM
61.95726547, 0.043225805, 13.522, 48.6888, 3699.86, NORM
61.22051178, 0.042903225, 13.8244, 48.834, 4612.76, NORM
64.66788839, 0.043397851, 13.882, 47.8564, 4713.7, NORM
62.79487279, 0.042107527, 13.978, 47.639, 2916.2, NORM
61.02563985, 0.040301074, 14.1796, 47.1486, 4037.28, HIGH
61.07692299, 0.094258067, 15.9816, 43.6908, 16905.14, NORM
57.95428619, 0.050537632, 16.3392, 42.4062, 16736.42, LOW
53.8125, 0.04467742, 16.5916, 42.0976, 15782.48, LOW
58.5249649, 0.055870966, 16.7916, 42.5346, 15271.62, HIGH
58.07894707, 0.048709676, 17.0964, 41.1836, 15478.16, HIGH
58.55263214, 0.095935486, 17.6434, 39.5932, 16301.24, HIGH
63.40476252, 0.051612903, 18.2662, 38.62, 5818.98, LOW
62.71794688, 0.094752685, 18.2236, 38.0968, 4004.16, LOW
56.76315918, 0.22012904, 17.9428, 39.419, 2785.34, NORM
53.69407845, 0.044645161, 17.5436, 40.547, 2829.48, NORM
62.30769234, 0.046903224, 17.1532, 40.1448, 6519.08, NORM
61.52294273, 0.043870969, 17.1914, 41.1748, 5626.62, NORM
59.44062042, 0.044774195, 17.3864, 41.3826, 4943.9, NORM
63.66666565, 0.04419355, 17.3866, 40.4978, 4146.06, HIGH
62.25168762, 0.044344085, 17.039, 42.2378, 1620.12, NORM
56.13157921, 0.045548387, 17.0772, 41.7316, 2397.46, LOW
59.63157959, 0.051870968, 16.2816, 42.0368, 1358.4, LOW
60.23166911, 0.04283871, 16.5062, 42.3046, 3892.2, HIGH
57.39473839, 0.044774193, 16.5484, 42.1308, 3777.08, HIGH
61.12820511, 0.044225807, 16.9246, 41.4968, 2312.3, HIGH
59.28025157, 0.052043011, 17.0532, 41.16, 2570.9, HIGH
57.81579056, 0.046838708, 17.0294, 41.4512, 3196.88, HIGH
56.61749344, 0.045806452, 16.7202, 41.4164, 2075.8, HIGH
62.897435, 0.043741937, 16.773, 41.0582, 2165.68, LOW
63.70695992, 0.043096775, 16.3392, 41.8458, 1864.5, NORM
67.70541229, 0.043010755, 16.415, 42.2238, 2378.52, NORM
61.12820511, 0.045634408, 16.3536, 42.1594, 2421.1, NORM
61.2435894, 0.046322579, 16.2816, 42.5646, 1695.8, HIGH
61.43792102, 0.044163442, 16.2442, 42.4776, 1243.28, HIGH
63.83882675, 0.045935483, 16.1962, 42.6248, 3575.3, LOW
59.71187706, 0.080451609, 16.5676, 42.6678, 4491.38, HIGH
67.71184336, 0.043225808, 16.525, 41.841, 5981.4, HIGH
64.77197876, 0.053096774, 16.6106, 42.0422, 5855.26, HIGH
64.4194149, 0.045032258, 16.7964, 41.6932, 4507.14, HIGH
57.35537567, 0.044645162, 17.0296, 41.176, 4510.32, HIGH
56.15789452, 0.046516128, 17.2628, 40.6766, 4425.14, HIGH
60.82618088, 0.045290323, 17.3488, 40.6412, 5112.62, HIGH
61.97497101, 0.052129032, 17.4008, 40.5958, 14983.08, LOW
61.44871826, 0.047870967, 17.2628, 41.337, 10595.02, NORM
54.70833333, 0.048301074, 18.024, 39.982, 9822.38, NORM
60.40170949, 0.159569894, 18.4756, 39.4502, 11876.88, NORM
56.44736938, 0.071741931, 18.181, 38.8888, 1563.32, HIGH
60.73182856, 0.050322579, 18.0762, 40.7408, 1385.18, NORM
52.65625, 0.046064515, 17.9954, 40.745, 3395.52, NORM
57.21314049, 0.04676129, 18.4802, 39.2118, 2056.88, NORM
59.20332845, 0.108774188, 18.1712, 39.308, 4907.64, NORM
53.66798248, 0.048997848, 17.7054, 41.732, 2892.56, NORM
61.71794993, 0.054193546, 18.0052, 39.9094, 4697.92, NORM
55.76315804, 0.047870967, 17.8382, 39.988, 1812.48, NORM
56.41447334, 0.044963441, 17.8098, 40.12, 1722.62, NORM
60.78542595, 0.045096774, 17.8052, 40.5178, 1678.46, LOW
58.02631569, 0.048903227, 17.772, 40.4758, 1717.86, LOW
53.77412313, 0.050709677, 17.344, 42.2408, 1121.88, LOW
57.63157806, 0.049225806, 17.368, 42.2052, 1371.0, LOW
61.88461571, 0.047870965, 17.6958, 41.3146, 12192.24, NORM
57.86842041, 0.044903226, 17.5436, 40.8488, 1359.94, LOW
57.91227976, 0.048774192, 17.819, 40.3586, 1930.72, NORM
62.5384613, 0.046774192, 17.3772, 41.4646, 1941.76, LOW
64.67032928, 0.046683871, 17.5772, 41.122, 2604.0, NORM
61.05060806, 0.044903226, 17.7958, 40.6776, 3731.38, LOW
60.60256424, 0.044903226, 18.1808, 40.5144, 3676.2, LOW
59.4331974, 0.046258063, 18.3758, 40.4328, 3862.24, HIGH
72.77760773, 0.044412904, 18.6232, 39.4788, 5025.9, LOW
61.79731496, 0.11148387, 19.1846, 39.293, 5134.7, LOW
55.07456137, 0.050946237, 24.2622, 32.2344, 1872.4, HIGH
55.78947353, 0.048172042, 24.2862, 32.0824, 1929.14, LOW
62.22222392, 0.047225804, 23.7322, 31.6248, 1821.94, LOW
60.96153908, 0.049032257, 22.633, 33.6566, 7439.92, LOW
60.38709017, 0.055569894, 22.657, 34.5684, 9689.94, LOW
59.11361872, 0.074688171, 24.0836, 31.541, 1676.88, NORM
59.41497841, 0.045870968, 23.6554, 32.3414, 2175.12, NORM
63.246064, 0.049634407, 23.497, 32.8358, 2469.98, LOW
58.8933876, 0.047096773, 23.1168, 34.3464, 1445.12, NORM
57.5, 0.046967741, 22.7764, 36.1152, 3695.1, LOW
56.63157857, 0.047655912, 23.0064, 36.2896, 3720.36, LOW
58.85065257, 0.043604302, 22.9728, 34.9166, 2060.04, LOW
60.80769157, 0.044580646, 23.1264, 34.9776, 1101.36, HIGH
55.94869067, 0.046602149, 22.5946, 35.569, 1796.72, HIGH
54.99342117, 0.044000001, 21.8814, 36.7322, 1749.4, HIGH
61.43589757, 0.05256774, 21.8482, 37.2348, 2897.26, HIGH
59.88394089, 0.04335484, 22.4842, 36.232, 1307.94, LOW
58.56635234, 0.055182795, 22.5706, 35.7188, 6654.7, HIGH
57.15789452, 0.050645161, 23.1504, 34.5286, 7890.84, LOW
63.98534889, 0.047612903, 23.4048, 33.9474, 8977.24, HIGH
63.75091705, 0.065247311, 23.5402, 33.8866, 7810.44, HIGH
64.97527466, 0.084258066, 23.8378, 32.6988, 8860.56, HIGH
64.24786326, 0.054365591, 24.026, 33.3242, 2963.52, LOW
63.9871788, 0.080193544, 23.482, 33.5148, 2592.96, LOW
55.96491216, 0.045204301, 23.2848, 34.435, 2678.14, HIGH
62.61025742, 0.043935485, 23.3424, 33.9084, 3032.9, HIGH
59.31241531, 0.045290322, 22.9584, 34.2982, 1743.1, HIGH
62.86909523, 0.048838708, 22.9728, 34.2664, 3578.44, HIGH
66.62911987, 0.048129034, 22.9728, 33.8208, 6304.64, LOW
63.30677795, 0.047032256, 23.328, 33.8138, 5850.52, HIGH
65.40567932, 0.046516128, 23.3808, 33.559, 5724.4, HIGH
64.95112762, 0.047741936, 23.4822, 33.4084, 5637.68, HIGH
61.11538544, 0.048387095, 24.537, 32.1982, 5707.06, HIGH
61.07692312, 0.051956989, 24.5518, 30.7542, 2761.66, LOW
60.5998661, 0.090193548, 24.1268, 31.8606, 8132.1, NORM
53.16776314, 0.087612901, 24.6338, 31.239, 9497.56, NORM
60.52271678, 0.052688172, 24.9678, 31.0456, 3384.48, NORM
57.94061966, 0.050129032, 25.108, 30.2948, 1574.38, NORM
53.375, 0.049354837, 24.8902, 30.6814, 1394.62, NORM
57.97301025, 0.082064512, 24.939, 30.7666, 1407.24, NORM
57.63157857, 0.06873118, 24.161, 31.9776, 2466.8, NORM
55.41052597, 0.051225804, 24.2286, 32.0106, 2253.96, LOW
57.52631607, 0.058387097, 24.2718, 31.5308, 2734.9, NORM
57.10954463, 0.048731182, 24.4408, 32.1096, 4226.48, NORM
54.375, 0.059419355, 24.5666, 32.8044, 4324.24, NORM
59.1538456, 0.055096774, 24.929, 30.9478, 2309.14, LOW
59.57624817, 0.081419351, 24.939, 30.9352, 2386.4, NORM
59.04183578, 0.046532257, 24.8374, 30.9602, 2517.28, NORM
60.89203873, 0.055548386, 24.7984, 31.3072, 2416.36, LOW
58.25910873, 0.048451611, 24.6724, 30.8452, 4116.1, LOW
57.21052666, 0.049096774, 24.7068, 30.7468, 4496.14, LOW
57.41776314, 0.049870966, 25.1668, 30.8938, 4491.36, LOW
60.66987076, 0.058580644, 25.162, 30.7922, 4210.72, LOW
64.71756287, 0.070451611, 25.016, 30.3884, 8754.92, HIGH
69.43174744, 0.067290321, 24.6722, 30.818, 8578.32, NORM
67.34022522, 0.06045161, 24.7162, 30.9366, 8262.96, LOW
66.8791214, 0.050516128, 25.4914, 30.6306, 6604.22, LOW
61.38461456, 0.054967743, 26.2896, 28.8386, 5426.4, NORM
63.61538467, 0.066838711, 26.2264, 28.8066, 6503.32, LOW
61.53351339, 0.048602149, 24.5516, 31.3194, 2693.86, LOW
65.92857285, 0.105032258, 25.1568, 30.4136, 4163.4, LOW
64.78663127, 0.051118279, 25.147, 30.7976, 9015.06, LOW
63.70563965, 0.083161289, 25.3118, 29.9804, 4655.34, LOW
69.47659887, 0.049032255, 25.54, 29.8434, 7958.66, HIGH
66.10714416, 0.052645162, 25.9092, 29.2974, 6388.22, HIGH
64.42490845, 0.054387095, 26.0216, 29.089, 5880.5, HIGH
62.19230766, 0.051999998, 26.085, 29.3322, 5040.08, LOW
65.32722855, 0.05236129, 15.9864, 34.006, 16588.24, HIGH
65.61111043, 0.063096773, 16.2392, 33.847, 16299.68, NORM
63.56410141, 0.081161289, 18.8182, 28.7704, 7357.92, NORM
62.13675079, 0.068473119, 19.4408, 28.2994, 3515.36, NORM
60.73684158, 0.067096772, 19.484, 28.3692, 3072.3, NORM
55.63508789, 0.057204299, 19.5838, 28.6986, 2902.02, NORM
58.52243525, 0.058038709, 17.7006, 31.867, 3501.18, NORM
61.15384636, 0.054322578, 17.8382, 31.3774, 6419.74, NORM
60.00269814, 0.228903225, 17.7624, 30.6034, 7258.58, NORM
61.6324791, 0.049419353, 17.9908, 30.3182, 7507.68, LOW
63.95421333, 0.046258063, 18.0238, 30.162, 7638.58, LOW
60.02249247, 0.047268817, 18.1284, 29.513, 3263.1, NORM
54.33552704, 0.050387097, 18.105, 30.7854, 2577.18, NORM
59.06477687, 0.128516127, 18.1286, 29.5732, 2006.42, NORM
53.275, 0.054387096, 17.9908, 29.6814, 1782.54, NORM
54.37828941, 0.052903223, 17.9146, 29.5684, 1771.48, NORM
55.57894669, 0.066838709, 17.6818, 29.6224, 1858.22, NORM
60.0467837, 0.060129031, 16.8726, 32.2606, 1711.56, NORM
60.58974304, 0.063827959, 16.8726, 32.0762, 2279.18, NORM
57.80701803, 0.055311827, 17.5196, 30.3114, 1293.72, NORM
58.78947411, 0.062516128, 17.0962, 31.53, 1265.32, NORM
63.68331172, 0.050623654, 16.8058, 32.0244, 4872.98, NORM
62.03205261, 0.10283871, 16.887, 32.0382, 3015.52, NORM
62.02564087, 0.117935483, 16.9678, 32.0454, 2447.92, NORM
55.68421173, 0.103806443, 17.1012, 31.4116, 6918.02, NORM
62.87179489, 0.060709679, 15.8576, 31.1776, 6995.26, LOW
63.70879211, 0.170000001, 15.7576, 32.1408, 15005.14, NORM
60.9187397, 0.098258066, 17.1346, 30.8542, 2786.9, NORM
62.8076931, 0.073677418, 17.153, 30.1146, 3502.76, NORM
56.42105306, 0.084430107, 16.2106, 31.7018, 2146.74, NORM
59.35222677, 0.07023656, 16.3344, 31.851, 5962.5, NORM
63.75274582, 0.121419351, 16.2582, 32.7692, 6635.74, NORM
64.4103054, 0.234516132, 16.177, 32.3422, 6645.2, NORM
64.56140518, 0.121032256, 16.201, 32.364, 7383.1, NORM
61.70512772, 0.054193546, 16.201, 32.364, 7383.1, NORM
62.48717957, 0.096387094, 16.201, 32.364, 7383.1, NORM
63.12637329, 0.103096774, 16.201, 32.364, 7383.1, NORM
61.39333878, 0.121096776, 16.201, 32.364, 7383.1, NORM
53.95, 0.06348387, 22.5274, 22.3968, 1650.06, HIGH
60.57085152, 0.09045161, 22.7622, 22.2606, 1654.8, HIGH
59.78744926, 0.127548382, 20.7172, 24.7356, 13207.66, NORM
61.602565, 0.063741934, 20.7124, 24.681, 12107.1, HIGH
60.41498032, 0.054677416, 17.9478, 26.8096, 1344.2, NORM
58.76248169, 0.085892474, 16.8632, 29.819, 883.74, HIGH
60.24595165, 0.074632257, 18.5186, 27.9582, 1435.64, HIGH
64.31472855, 0.063096772, 18.6706, 27.7092, 2436.86, LOW
62.51098938, 0.063741935, 18.747, 26.6228, 6128.04, NORM
62.96394844, 0.079870965, 18.8084, 26.654, 2329.66, NORM
61.08723907, 0.059032257, 19.0608, 27.311, 3825.98, NORM
54.41118393, 0.105225806, 19.0846, 27.2388, 2083.68, HIGH
62.11538506, 0.101096776, 18.371, 28.6408, 2796.34, LOW
61.60974541, 0.066129031, 19.1082, 27.053, 3715.6, NORM
56.05263112, 0.06516129, 19.2366, 27.2372, 9871.26, NORM
58.18420982, 0.071677423, 19.3224, 27.3112, 9896.48, NORM
60.38731461, 0.074580645, 19.7172, 26.1844, 11681.38, LOW
63.73901138, 0.20090323, 19.7604, 25.8372, 9384.06, HIGH
59.21052704, 0.060709677, 19.1558, 27.3852, 2042.68, NORM
64.59981842, 0.05780645, 18.5568, 28.1284, 7227.04, NORM
60.49865036, 0.055032257, 18.6896, 28.0252, 4579.7, NORM
76.3262942, 0.071182796, 19.1846, 27.4682, 4316.36, HIGH
64.30494347, 0.082838711, 19.8932, 26.4466, 5579.34, NORM
61.57692184, 0.074645158, 21.2892, 25.245, 5304.98, LOW
58.42712517, 0.116709675, 20.3266, 25.96, 9029.26, NORM
