@relation .a/eda_raw_ml/eda_raw_ml
@attribute Sound real [46.22267342, 79.2527832]
@attribute Dust real [0.02916129, 0.39787096]
@attribute TempEN real [10.521, 26.891]
@attribute RH real [17.24, 60.8856]
@attribute Light real [287.76, 32280.1]
@attribute EDA_level {HIGH, NORM, LOW}
@inputs Sound, Dust, TempEN, RH, Light
@outputs EDA_level
@data
61.21997261, 0.044064515, 18.7278, 33.449, 2736.44, NORM
58.82456207, 0.041290323, 18.252, 34.0424, 3261.52, NORM
58.90643222, 0.051053761, 17.5008, 35.9248, 3218.94, NORM
59.5492588, 0.043999999, 17.0724, 37.2976, 3468.06, NORM
63.90598272, 0.043526881, 14.0932, 45.6958, 1836.12, NORM
57.81511574, 0.038580645, 14.697, 43.4124, 2064.76, NORM
56.23026257, 0.038709676, 14.4858, 42.1802, 3838.6, NORM
57.5, 0.061032258, 14.457, 41.879, 1815.64, LOW
57.26315842, 0.039548388, 14.29, 43.4278, 1240.1, NORM
57.89473686, 0.04767742, 14.1412, 43.24, 3753.46, LOW
57.63990097, 0.052292472, 13.9684, 43.6982, 1743.08, NORM
60.28789764, 0.040172043, 13.9396, 44.0342, 1750.98, NORM
61.39743525, 0.073053762, 13.3818, 45.0138, 1779.38, NORM
61.6093118, 0.042989246, 12.8424, 45.8274, 1602.78, NORM
60.67235362, 0.043612904, 12.8374, 46.0386, 3502.74, NORM
63.79487419, 0.037741935, 12.992, 45.7896, 2793.2, NORM
56.03407516, 0.118387095, 13.137, 45.7456, 2963.5, NORM
60.57692413, 0.041225806, 12.9488, 46.345, 2708.08, NORM
63.21385345, 0.051161291, 13.016, 46.2538, 1616.94, NORM
59.68151194, 0.0472, 13.0112, 46.228, 1653.2, NORM
54.64144745, 0.041870967, 12.968, 45.9674, 2014.3, NORM
58.62550545, 0.04948387, 12.6108, 46.7372, 1719.44, NORM
61.2564106, 0.045419354, 12.63, 46.2488, 803.34, NORM
59.31578903, 0.057290324, 12.582, 47.428, 1446.66, NORM
60.42442513, 0.040000001, 12.582, 47.2544, 1768.32, NORM
58.88933907, 0.057725805, 12.606, 47.4496, 2026.92, NORM
61.32051239, 0.046580645, 12.654, 47.6664, 1300.02, NORM
61.27350438, 0.043827957, 12.678, 46.82, 494.32, NORM
60.9615387, 0.065096775, 12.6204, 46.9802, 1273.22, NORM
66.99999924, 0.04251613, 12.6444, 46.946, 1885.0, NORM
60.45748978, 0.038064516, 12.654, 46.8666, 1755.72, NORM
57.7887989, 0.043354837, 12.678, 47.3532, 1271.66, LOW
62.4615392, 0.040860214, 19.798, 29.0634, 532.16, LOW
61.13675257, 0.036989248, 18.2854, 31.5556, 640.96, HIGH
58.07759705, 0.041032258, 17.0156, 33.3696, 633.06, HIGH
62.03846245, 0.039741934, 16.101, 36.0526, 371.34, HIGH
61.94871635, 0.040645161, 15.127, 37.8332, 366.6, LOW
56.8939785, 0.040361289, 15.0076, 37.731, 751.32, HIGH
61.25641022, 0.039612903, 14.8496, 37.9908, 732.4, HIGH
62.3076917, 0.092688171, 14.7306, 38.6072, 722.94, HIGH
62.29914449, 0.055311828, 14.0596, 40.482, 470.68, HIGH
61.84615402, 0.039225807, 14.026, 40.701, 563.7, LOW
61.37179604, 0.044387095, 14.0164, 40.7822, 538.48, NORM
61.92307625, 0.043419354, 13.93, 40.8294, 536.88, HIGH
53.375, 0.03432258, 13.7668, 41.6356, 533.74, HIGH
62.43101336, 0.054408602, 13.1946, 43.2288, 659.86, HIGH
56.15519524, 0.053548386, 13.1024, 43.13, 670.9, LOW
61.98875453, 0.050451613, 12.8518, 44.0354, 633.06, HIGH
63.85897522, 0.073677421, 12.8662, 43.987, 625.18, LOW
60.62820358, 0.038645162, 12.871, 44.2946, 820.7, HIGH
61.03846054, 0.04116129, 12.8518, 44.267, 767.08, HIGH
64.84249115, 0.044645161, 12.896, 43.9154, 445.4, LOW
62.32051201, 0.082903223, 15.7144, 40.78, 2755.38, HIGH
64.69444567, 0.079612901, 14.3422, 44.5918, 3491.74, NORM
58.18286057, 0.046258064, 13.8196, 45.7994, 3439.68, NORM
59.00219231, 0.033612905, 13.3578, 47.4098, 2591.4, NORM
57.56140264, 0.037763441, 13.1898, 47.7352, 1992.24, NORM
73.68871841, 0.072258066, 13.0976, 47.3082, 2116.82, NORM
60.75393524, 0.038408601, 12.606, 49.8114, 4352.62, NORM
60.43679682, 0.049849461, 12.606, 49.2212, 4869.8, NORM
60.2550602, 0.033161292, 12.582, 49.1994, 4368.4, NORM
58.21052666, 0.038864514, 12.4754, 50.2478, 4152.36, NORM
61.0445343, 0.031741935, 12.258, 50.8794, 2484.16, NORM
54.60526314, 0.053870969, 12.132, 50.8192, 4213.86, NORM
57.47166061, 0.03232258, 12.025, 50.627, 4127.18, NORM
61.44871788, 0.032741935, 11.832, 52.0818, 3318.28, NORM
61.1936573, 0.044430107, 11.394, 53.6128, 4024.68, NORM
59.01349513, 0.037161289, 11.399, 53.692, 3729.8, NORM
59.63787715, 0.031741935, 11.346, 53.0376, 3695.12, NORM
59.28340034, 0.037225806, 11.0582, 54.8404, 3170.06, NORM
57.93859749, 0.049376343, 10.834, 55.497, 2466.8, LOW
59.56248377, 0.033591397, 10.8244, 55.5314, 2599.26, LOW
62.44039536, 0.03427957, 10.81, 55.541, 3586.32, NORM
55.21491292, 0.030967741, 10.81, 55.7028, 3313.54, NORM
57.13157997, 0.033870968, 10.81, 55.762, 3360.86, NORM
61.52564049, 0.036580645, 10.785, 55.8246, 2689.16, LOW
56.01762848, 0.032387096, 10.6726, 56.56, 3807.06, NORM
63.11538429, 0.056516128, 10.761, 55.9282, 3597.36, NORM
59.50877151, 0.040064516, 10.761, 55.9166, 3740.84, LOW
60.57759666, 0.034529033, 10.736, 56.158, 1509.76, NORM
60.09986496, 0.031612903, 10.6678, 56.4876, 2318.6, NORM
65.0222229, 0.056258065, 10.687, 56.9196, 2301.28, LOW
62.47008349, 0.159290322, 10.643, 56.746, 1987.48, NORM
58.83400803, 0.03683871, 10.702, 56.1164, 2261.84, LOW
62.56410268, 0.047311827, 10.541, 57.052, 1773.06, LOW
64.99084244, 0.052025805, 10.521, 56.9534, 2608.72, NORM
63.80000153, 0.036860215, 17.4388, 38.623, 3231.56, NORM
60.68870977, 0.038967741, 17.2488, 38.9128, 3261.5, NORM
59.25505943, 0.037935484, 17.2106, 39.0438, 3278.86, NORM
56.1578949, 0.037792869, 17.082, 39.1336, 4425.14, NORM
56.71052717, 0.038215053, 16.301, 40.5704, 5308.14, NORM
62.42307663, 0.088387096, 15.9768, 42.021, 4101.92, NORM
63.15384445, 0.040258063, 15.6096, 42.1188, 3286.74, LOW
61.02429214, 0.051548385, 14.821, 43.0604, 4407.8, LOW
63.51587385, 0.039612902, 15.017, 44.8686, 4040.42, LOW
65.46886597, 0.038279569, 15.1414, 44.8714, 4081.42, HIGH
65.86117897, 0.048064516, 15.1558, 44.1358, 4341.56, NORM
59.5121465, 0.038688171, 14.6922, 45.093, 6012.94, NORM
62.65381597, 0.035010753, 14.6874, 45.0924, 5412.18, NORM
61.37179565, 0.037290323, 14.146, 44.8818, 4166.58, NORM
60.447369, 0.04367742, 13.714, 47.5988, 3133.78, NORM
57.94736824, 0.033161292, 12.7462, 47.8886, 6194.28, NORM
65.51025696, 0.041548387, 18.3664, 33.8626, 1766.76, NORM
53.875, 0.062838708, 14.8688, 40.9472, 3225.26, NORM
59.25438614, 0.070774191, 14.553, 42.2324, 2000.12, NORM
57.34210561, 0.051827955, 14.553, 41.744, 2247.66, NORM
52.7375, 0.059225804, 14.481, 41.7678, 2663.92, LOW
60.39451294, 0.049268815, 13.57, 45.4684, 5011.7, NORM
60.6963562, 0.050580644, 13.69, 45.327, 5152.04, NORM
61.39316228, 0.047526882, 13.834, 44.2098, 4492.96, NORM
56.92763214, 0.044774195, 13.8292, 44.3916, 2105.72, HIGH
54.06052628, 0.042580645, 13.666, 44.4348, 3524.82, NORM
60.26518326, 0.060580643, 13.642, 45.3774, 4579.7, NORM
60.90170937, 0.077182794, 13.5168, 44.9428, 3171.64, LOW
60.27665253, 0.039870967, 13.497, 45.247, 2466.82, LOW
61.86307144, 0.079870968, 13.4634, 45.1678, 3684.12, HIGH
57.92105331, 0.03967742, 13.473, 45.094, 3200.0, HIGH
58.50067406, 0.058774193, 13.401, 44.916, 3439.7, NORM
55.4070714, 0.090129034, 13.353, 45.079, 4059.32, NORM
55.87499924, 0.034709678, 13.353, 45.1916, 2894.16, NORM
56.86752167, 0.050989246, 13.329, 45.0258, 2758.52, HIGH
57.49662704, 0.051870966, 12.992, 45.927, 2772.72, NORM
58.55263176, 0.058903226, 13.016, 46.366, 2559.84, LOW
61.5519577, 0.05083871, 13.0064, 46.0722, 1793.58, HIGH
60.25101369, 0.035526882, 12.9872, 45.5028, 1725.76, HIGH
57.71052666, 0.039806451, 12.944, 45.5718, 2727.0, LOW
58.52631658, 0.041892472, 12.9392, 45.6212, 2853.12, NORM
60.65519562, 0.059032258, 12.7702, 46.664, 2804.24, NORM
56.3947361, 0.077419352, 12.775, 46.2792, 2534.62, NORM
59.10188828, 0.042838708, 12.514, 47.0662, 2933.54, NORM
60.90215836, 0.047677418, 12.509, 47.1276, 2722.24, NORM
58.68016205, 0.060258064, 12.5484, 47.213, 855.38, NORM
61.79487152, 0.068709677, 12.413, 47.7274, 1158.12, LOW
56.37171021, 0.043161289, 15.4186, 39.174, 3633.62, NORM
58.94197006, 0.039354838, 15.1078, 40.3874, 3827.56, NORM
57.92982534, 0.041075268, 15.0218, 40.544, 2790.08, NORM
60.30229416, 0.056722583, 14.409, 42.1016, 1967.0, NORM
57.42982368, 0.046778495, 14.3852, 42.694, 1905.5, NORM
59.66868973, 0.038903227, 14.2996, 42.9428, 2518.86, NORM
57.88866539, 0.114129035, 13.6804, 44.9376, 1397.78, NORM
55.4495608, 0.042193548, 13.6468, 45.04, 1416.7, NORM
53.20833333, 0.033720431, 13.3626, 45.6738, 3584.72, NORM
57.66441803, 0.043483871, 12.876, 46.8828, 2348.58, NORM
59.59941495, 0.063333333, 12.896, 46.6304, 2345.44, NORM
62.70378024, 0.037204301, 12.799, 46.1892, 4133.46, NORM
62.07692362, 0.045548386, 12.799, 46.046, 3786.56, NORM
63.16003291, 0.035053764, 12.799, 46.4692, 1870.82, NORM
55.97368584, 0.040774191, 12.606, 47.028, 2239.76, NORM
60.33535728, 0.044838708, 12.509, 47.6474, 3390.8, NORM
60.59941406, 0.079053764, 12.3208, 48.3946, 2135.7, NORM
61.97840767, 0.038645161, 12.369, 47.6352, 2845.26, NORM
60.81196493, 0.151870967, 12.4466, 47.3854, 3557.94, NORM
60.94871826, 0.036387097, 12.364, 47.8076, 2569.32, NORM
56.61853282, 0.088774193, 12.389, 47.4774, 3751.86, NORM
58.51619492, 0.033741935, 12.437, 47.0122, 1200.7, NORM
61.82051277, 0.069225807, 12.4514, 47.2682, 2041.1, NORM
61.3461525, 0.034129033, 12.413, 46.8914, 3412.88, NORM
60.76923116, 0.039311827, 12.2334, 45.714, 4064.04, NORM
64.38339488, 0.033548386, 12.171, 46.445, 1503.44, NORM
60.70445366, 0.148903232, 12.171, 46.6258, 1560.18, NORM
58.60863647, 0.04251613, 17.0296, 55.7002, 32280.1, HIGH
61.2435894, 0.063870965, 17.5052, 53.2852, 32280.1, LOW
61.87692261, 0.064580644, 17.7576, 53.5616, 32280.1, LOW
65.56501846, 0.048580645, 18.2614, 49.9648, 19182.0, LOW
61.71794815, 0.11864516, 18.39, 49.1936, 5046.4, HIGH
60.57175039, 0.042279569, 18.2856, 49.1674, 12649.48, HIGH
58.95914749, 0.040516128, 17.6004, 52.3726, 4451.96, LOW
60.45029297, 0.05311828, 17.5866, 53.161, 2942.98, LOW
62.26068166, 0.042709678, 17.5244, 53.4728, 3971.04, LOW
52.24964107, 0.03683871, 17.368, 54.1392, 3789.72, LOW
53.05833333, 0.043483871, 17.344, 54.3996, 3613.12, HIGH
59.54453468, 0.048580644, 17.0388, 54.1898, 5617.18, HIGH
59.78002701, 0.039462365, 17.0294, 54.4764, 4753.1, LOW
60.69095891, 0.037053764, 16.9104, 55.0954, 3188.98, NORM
55.5087719, 0.037483871, 16.8248, 57.9722, 2556.7, HIGH
58.53792084, 0.037419355, 16.82, 58.2802, 2563.0, LOW
61.30769068, 0.038795699, 16.9246, 55.2264, 5517.84, LOW
61.00000076, 0.040387097, 16.8344, 56.2436, 3182.68, HIGH
58.74342155, 0.042129031, 16.7154, 56.305, 2164.1, HIGH
59.15519485, 0.041548386, 16.5248, 55.4418, 2704.92, HIGH
62.87179527, 0.055225807, 15.8814, 55.9482, 2171.96, LOW
61.47908173, 0.043225806, 16.3104, 55.9092, 14379.2, LOW
61.62393188, 0.042064516, 16.6396, 54.193, 3299.36, HIGH
61.65384534, 0.038279569, 16.725, 53.5182, 5446.88, HIGH
60.41655375, 0.042580644, 16.4822, 55.4296, 3810.2, LOW
63.80769234, 0.038387096, 16.4486, 54.7468, 3190.56, LOW
59.64035034, 0.035870968, 16.392, 53.9, 2690.74, HIGH
63.01880407, 0.036129033, 16.2536, 54.4428, 4868.24, LOW
63.47863185, 0.035698925, 16.272, 54.501, 4368.4, LOW
63.38461494, 0.035483872, 16.2486, 54.4484, 5525.72, HIGH
64.07509193, 0.035612904, 16.5106, 54.0336, 6199.0, HIGH
64.9624527, 0.037935484, 16.4486, 54.0734, 6995.26, HIGH
62.85897484, 0.035935484, 16.582, 53.6878, 5224.56, LOW
60.58299484, 0.052258063, 16.8296, 53.7114, 4784.64, HIGH
67.533579, 0.092473114, 16.9294, 52.4762, 4839.84, LOW
60.10188942, 0.036387097, 17.0534, 52.956, 32280.1, HIGH
52.890625, 0.065741934, 22.6378, 31.2892, 1323.68, HIGH
62.875457, 0.053612901, 21.6808, 33.0314, 1337.88, HIGH
54.41666667, 0.059612901, 21.0936, 34.428, 719.78, HIGH
62.53722471, 0.14204301, 21.0032, 35.0796, 1752.56, LOW
61.52798704, 0.051096774, 21.0032, 35.1588, 1487.66, LOW
62.24359055, 0.064774192, 21.0272, 35.1476, 2154.62, HIGH
61.86707191, 0.050516128, 20.746, 35.6996, 1221.2, HIGH
62.79487152, 0.064322579, 21.0652, 35.0392, 1099.78, HIGH
63.19658025, 0.041118279, 20.984, 35.0908, 924.78, HIGH
63.05128326, 0.038408601, 20.9364, 35.1784, 770.24, HIGH
61.46356277, 0.048709677, 20.9316, 34.9274, 1030.42, HIGH
54.625, 0.044838708, 20.9696, 36.359, 1476.62, HIGH
58.43184929, 0.038258064, 20.9888, 36.0326, 1680.02, HIGH
61.70085373, 0.079569891, 21.056, 35.6378, 1533.42, LOW
59.24493942, 0.074387099, 21.3084, 34.8046, 2211.4, LOW
60.45074158, 0.042193549, 21.2748, 32.603, 1604.34, HIGH
57.36842041, 0.048193546, 21.0982, 33.3036, 1946.5, HIGH
62.15384521, 0.041225807, 21.3276, 34.741, 1289.0, HIGH
58.68016103, 0.054752687, 21.2226, 34.4138, 2222.44, HIGH
60.90225512, 0.048172043, 21.3564, 35.9828, 2599.3, HIGH
56.98947403, 0.04948387, 21.4706, 35.434, 2640.28, HIGH
62.98474884, 0.058645159, 21.533, 35.7958, 2744.36, HIGH
60.61457458, 0.10393548, 21.5666, 34.8952, 2616.62, HIGH
65.33211365, 0.050365591, 22.106, 33.0166, 9015.1, HIGH
62.70329742, 0.04348387, 22.2308, 32.0954, 3114.88, HIGH
65.92478867, 0.068645158, 22.4986, 32.319, 1323.66, HIGH
66.12911987, 0.071096774, 22.4074, 33.2036, 3078.62, HIGH
62.0384613, 0.04980645, 22.6618, 32.707, 2077.36, HIGH
61.76923065, 0.041870967, 17.691, 41.8394, 965.74, NORM
54.0625, 0.04148387, 17.2674, 42.207, 1180.2, NORM
57.78947334, 0.041225805, 16.9108, 42.962, 1233.82, NORM
57.43859698, 0.039720429, 16.3488, 44.5888, 1161.28, NORM
60.01416931, 0.054354835, 16.5062, 44.1206, 1352.06, NORM
57.28947334, 0.039612902, 16.4438, 43.8848, 1084.02, NORM
60.58974342, 0.057032257, 16.4582, 45.1132, 10536.66, LOW
52.32916667, 0.058486021, 16.844, 44.3824, 8915.76, NORM
54.25, 0.045419353, 17.2676, 44.0272, 8824.3, NORM
55.36904755, 0.045677419, 17.4626, 43.7202, 9265.76, LOW
61.84615326, 0.042838709, 17.7148, 42.1236, 1323.7, LOW
53.16666667, 0.042365591, 17.629, 42.7204, 628.34, NORM
53.375, 0.039870966, 17.7194, 41.8942, 612.58, NORM
63.60683848, 0.042864515, 17.7008, 41.751, 894.82, NORM
59.0506073, 0.039483869, 17.3536, 42.108, 1188.08, NORM
60.38349063, 0.055827957, 16.682, 44.4834, 4313.18, NORM
63.12409236, 0.090021498, 16.868, 43.7958, 4664.82, LOW
61.82051239, 0.040451613, 16.8728, 44.107, 1888.16, NORM
63.03846321, 0.038387096, 16.8962, 44.2748, 2053.72, NORM
57.38301277, 0.040580644, 16.7962, 44.5732, 1371.0, LOW
52.9, 0.037225807, 16.4058, 47.8712, 1016.2, NORM
57.86841965, 0.039419354, 15.3852, 48.1882, 7061.48, LOW
62.82051392, 0.040580644, 15.8478, 48.1738, 7551.86, NORM
62.26831512, 0.083419356, 17.7338, 43.6822, 6481.26, NORM
61.05921936, 0.040387095, 18.224, 41.714, 1719.44, NORM
65.64468918, 0.04264516, 18.176, 41.548, 1599.62, LOW
64.93132019, 0.042, 17.2582, 43.0726, 1769.92, NORM
58.77273972, 0.038967741, 17.32, 43.175, 1862.94, NORM
61.67460327, 0.039174192, 16.3584, 45.1518, 5221.42, NORM
67.35158768, 0.040838708, 16.9822, 43.3392, 5662.9, NORM
65.2283254, 0.043397849, 18.1902, 42.2866, 6005.08, LOW
58.94736786, 0.107870968, 20.3026, 29.4462, 1795.14, HIGH
58.24561462, 0.135913981, 18.9846, 31.1596, 2026.92, HIGH
58.68353539, 0.117419356, 18.2094, 32.9672, 3751.88, LOW
62.9487175, 0.108645163, 18.1192, 33.5044, 2127.84, HIGH
60.59417953, 0.133058059, 17.4864, 35.5912, 1268.5, NORM
57.68713366, 0.117612904, 17.629, 35.6636, 1736.78, LOW
57.8421051, 0.114774191, 17.6242, 35.5266, 1301.6, LOW
59.62752991, 0.12012903, 17.5436, 37.132, 1102.92, HIGH
59.26450704, 0.119268817, 16.6536, 38.2826, 1139.2, LOW
57.24561539, 0.0664086, 16.7962, 37.2176, 2611.92, NORM
56.50877177, 0.096559135, 16.8776, 37.2454, 2539.36, NORM
59.04588369, 0.155677417, 16.506, 37.227, 1434.04, LOW
65.54548238, 0.107763435, 16.8106, 36.6036, 6236.86, LOW
62.28205147, 0.172645155, 16.7682, 36.8586, 2572.46, LOW
60.25371208, 0.100322585, 16.7346, 37.179, 1221.2, LOW
54.9682869, 0.113096778, 16.8914, 38.5912, 3835.44, HIGH
52.96875, 0.12270968, 16.82, 38.6544, 3903.24, LOW
57.44399414, 0.111612905, 16.939, 37.0446, 4103.5, NORM
61.34419301, 0.099483874, 17.6578, 35.5036, 5590.36, HIGH
65.24381638, 0.128387096, 17.8192, 35.4866, 1837.72, LOW
61.73846146, 0.106645161, 17.867, 35.237, 1166.0, LOW
61.11623851, 0.113161291, 17.8478, 35.0256, 1709.98, HIGH
64.99487305, 0.127741938, 17.867, 35.3088, 5085.8, LOW
61.81704356, 0.104774191, 17.8766, 36.2354, 5316.02, HIGH
62.69005814, 0.077268817, 17.5772, 36.4142, 5809.56, LOW
61.5512825, 0.091419355, 17.7194, 35.8096, 5013.28, HIGH
57.70723712, 0.113913979, 17.7912, 35.81, 5161.54, LOW
62.65924339, 0.090064512, 18.6042, 34.3972, 15653.2, HIGH
63.30769234, 0.095032256, 19.0322, 34.017, 16296.54, HIGH
60.50427373, 0.074064514, 20.055, 32.3742, 11244.62, LOW
61.10256348, 0.078838708, 20.2124, 31.3392, 16154.62, HIGH
54.61842117, 0.04516129, 20.3458, 32.5262, 1093.46, NORM
52.3125, 0.045892472, 20.4074, 32.3792, 1090.32, NORM
62.0358963, 0.047612903, 19.603, 33.6356, 1328.42, NORM
62.06837718, 0.063139786, 19.0228, 34.7192, 9683.62, NORM
62.93162359, 0.045247312, 19.7838, 32.8266, 1377.28, NORM
60.32928429, 0.044193549, 19.765, 32.9042, 1044.6, LOW
63.11268539, 0.045741935, 19.3126, 33.081, 3975.78, LOW
65.01282043, 0.049032257, 19.2748, 34.1848, 3392.4, NORM
61.69770508, 0.04348387, 19.1798, 35.4948, 4038.86, NORM
63.25519104, 0.045849462, 19.2796, 35.7536, 5248.2, NORM
63.32991562, 0.047741935, 19.4936, 34.0204, 1782.54, NORM
64.43247894, 0.043974194, 19.1318, 34.5132, 1232.24, LOW
59.83805847, 0.043548388, 18.985, 34.8204, 1000.44, NORM
56.62719307, 0.041612902, 18.8132, 35.4266, 1071.42, LOW
60.27350413, 0.05539785, 18.3522, 37.6364, 1400.94, NORM
58.40913175, 0.042589246, 18.3284, 36.0848, 2745.92, NORM
65.73260117, 0.042193547, 19.1176, 33.913, 8945.68, NORM
62.01281929, 0.046709678, 19.3936, 33.8268, 9447.1, LOW
63.11355133, 0.047741936, 19.9216, 32.9778, 8450.62, LOW
63.85073013, 0.045612903, 20.1406, 32.8388, 10935.56, NORM
58.56590182, 0.044713979, 21.0176, 30.9958, 3304.1, LOW
60.50202408, 0.050193548, 21.1558, 31.0544, 3788.12, LOW
63.90206184, 0.045935483, 21.1558, 30.9878, 6550.62, LOW
62.27350489, 0.046451611, 20.951, 30.9632, 1607.5, NORM
59.70917625, 0.046064515, 20.5646, 31.9816, 1709.98, NORM
60.33041051, 0.042043009, 20.1836, 31.868, 2279.2, LOW
63.29243011, 0.043612905, 20.4456, 32.1306, 4690.04, NORM
66.05555776, 0.043440862, 20.3788, 32.3696, 4592.28, NORM
60.59649162, 0.045419354, 20.7744, 32.5912, 3223.68, NORM
63.77533722, 0.052774194, 21.1078, 31.7434, 4813.04, NORM
62.41025696, 0.046516128, 22.1828, 30.252, 5593.54, NORM
60.8137661, 0.045858064, 22.326, 29.9352, 5584.06, NORM
69.11746292, 0.045741933, 22.513, 29.2716, 5724.4, NORM
64.54700724, 0.049849462, 22.0532, 29.731, 8616.14, NORM
65.43040504, 0.04780645, 21.7814, 30.1312, 8833.74, NORM
66.09157639, 0.047225804, 21.6952, 30.1576, 7126.14, LOW
61.6538456, 0.04552258, 23.0976, 26.5182, 1186.5, NORM
60.93589783, 0.043483872, 21.3516, 29.7804, 1386.76, NORM
63.88461685, 0.043935485, 19.8268, 32.0754, 2078.96, NORM
62.24359093, 0.044193549, 19.7174, 31.9862, 2326.52, NORM
62.01282158, 0.111974194, 19.5318, 32.4332, 1661.1, NORM
63.81135712, 0.062967743, 20.9412, 30.6688, 9685.2, NORM
68.35902405, 0.049032257, 21.0032, 30.514, 9801.88, NORM
62.35306829, 0.048795698, 20.5218, 30.4598, 7268.04, NORM
58.14844742, 0.051419354, 21.0412, 30.27, 7280.68, NORM
58.50652262, 0.047096772, 20.9652, 31.0446, 7283.78, NORM
64.61538315, 0.04780645, 21.7048, 30.6402, 7711.1, NORM
56.3598175, 0.045, 21.3848, 29.9708, 472.24, NORM
57.01754303, 0.045505376, 21.6376, 29.5564, 473.84, NORM
55.40131493, 0.045729032, 21.7336, 29.3222, 459.62, NORM
62.74359105, 0.044301076, 20.5074, 30.4118, 1298.46, NORM
58.94669431, 0.04367312, 20.6596, 30.3512, 890.08, NORM
61.70715179, 0.044688172, 20.3598, 32.01, 3755.02, NORM
62.13630244, 0.045634408, 20.4696, 32.9548, 2556.7, NORM
68.01482925, 0.059935483, 20.5742, 31.124, 4075.12, NORM
60.89743652, 0.04548387, 21.0984, 29.9268, 1017.8, NORM
60.27867775, 0.049483871, 20.9316, 30.1738, 1837.68, NORM
57.44736938, 0.046709677, 21.232, 30.6604, 3278.86, NORM
53.64144707, 0.044645162, 21.4466, 30.451, 1197.56, NORM
56.05263138, 0.060645161, 21.4182, 30.4488, 1164.42, NORM
60.88461456, 0.046258064, 21.3036, 30.7198, 2602.46, NORM
58.70040398, 0.044903226, 20.3598, 30.9458, 4224.88, NORM
58.86842181, 0.044877419, 20.3836, 32.2244, 5404.32, NORM
59.05263285, 0.043509679, 20.46, 32.0918, 4412.54, NORM
60.69230652, 0.043870969, 19.8646, 32.496, 7178.16, LOW
61.97098541, 0.054903226, 20.5502, 30.6824, 7799.4, HIGH
66.18542786, 0.046812901, 21.8142, 30.315, 5014.86, HIGH
62.91025696, 0.04696774, 21.867, 30.0044, 5336.52, HIGH
61.66666565, 0.045505376, 22.1156, 28.8356, 2722.28, LOW
60.75641136, 0.045935483, 22.1636, 28.8392, 2622.92, NORM
62.04700915, 0.043591399, 21.4562, 30.3118, 3841.76, LOW
65.46428528, 0.04483871, 21.3708, 30.3448, 2982.44, HIGH
61.22132339, 0.044000001, 21.032, 30.6832, 2809.0, HIGH
59.76428223, 0.045427957, 20.8936, 30.8848, 2905.16, LOW
65.75915642, 0.046387096, 22.0062, 29.7542, 13283.36, HIGH
64.36813126, 0.047870965, 22.633, 29.5304, 10773.14, LOW
63.97985153, 0.04832258, 22.7194, 29.8606, 9335.16, LOW
62.90750961, 0.048322579, 23.4676, 27.4696, 13830.48, HIGH
65.62393112, 0.047365589, 23.376, 27.1096, 6457.6, HIGH
54.96710472, 0.043419356, 20.269, 30.725, 483.32, NORM
67.03968353, 0.044602151, 20.3314, 30.8302, 786.02, NORM
65.61721725, 0.045548387, 20.1692, 30.723, 1013.08, LOW
56.12885221, 0.065032258, 19.698, 31.2744, 596.78, NORM
65.02655792, 0.312774203, 18.9226, 33.6978, 1025.68, NORM
60.81092224, 0.045419354, 18.8324, 33.5508, 7584.98, NORM
75.51111069, 0.04348387, 18.9178, 33.743, 1281.12, NORM
61.102565, 0.042903228, 18.913, 33.6308, 582.62, NORM
55.69298197, 0.043698926, 18.8228, 33.7082, 555.82, HIGH
62.01282005, 0.044387097, 18.723, 33.9026, 792.34, NORM
62.56410217, 0.043225808, 18.723, 33.6592, 771.82, NORM
64.21672872, 0.043913979, 18.6942, 34.5828, 582.62, NORM
65.40476176, 0.043118281, 18.675, 34.6334, 622.02, NORM
55.58991292, 0.041591396, 18.6658, 33.9042, 478.58, NORM
65.05097631, 0.042612905, 18.604, 33.9374, 432.82, NORM
64.68681221, 0.041741936, 18.604, 33.7734, 412.3, NORM
63.99816818, 0.041806451, 18.604, 33.8122, 573.16, NORM
61.31620801, 0.042064517, 18.5282, 33.7794, 525.84, NORM
67.85079193, 0.070322582, 18.557, 33.8674, 612.58, NORM
66.76190491, 0.043032257, 18.9942, 33.4276, 1536.54, NORM
63.64578247, 0.043311829, 18.9942, 33.0976, 1300.02, NORM
66.28693657, 0.073419354, 18.961, 33.273, 886.94, NORM
62.84102493, 0.042645162, 18.9988, 32.9864, 965.76, NORM
64.18595917, 0.042451613, 19.008, 32.994, 1095.06, NORM
46.62179565, 0.033909678, 11.264, 37.175, 1193.6, HIGH
60.68218689, 0.08219355, 13.7092, 47.5176, 1438.78, NORM
65.0402916, 0.042580645, 13.786, 47.4342, 1143.92, NORM
63.181928, 0.043268816, 13.3818, 48.2932, 1653.2, NORM
57.89473673, 0.057247312, 13.4154, 49.0704, 2566.16, NORM
52.44473679, 0.041763441, 13.7236, 47.9472, 951.58, NORM
61.70512695, 0.041806451, 13.6324, 48.2516, 1359.96, NORM
60.5991909, 0.13716129, 13.546, 48.7228, 4543.4, NORM
60.9871788, 0.042903225, 13.5316, 48.133, 2257.12, NORM
63.03418872, 0.041935484, 13.522, 48.448, 2298.12, NORM
60.65587006, 0.042193549, 13.497, 48.6424, 710.36, LOW
52.07386364, 0.042554838, 13.1946, 48.6456, 563.7, NORM
55.12236786, 0.056516128, 13.1802, 49.7044, 740.3, NORM
58.83130798, 0.042387097, 12.9824, 49.7024, 1153.4, NORM
58.79811, 0.041333332, 13.122, 50.0224, 3241.04, NORM
57.38124123, 0.044258065, 13.425, 48.9048, 1098.2, NORM
57.82658424, 0.042064516, 13.1174, 49.7082, 1350.48, NORM
61.02564087, 0.048193548, 13.5508, 48.3524, 612.58, NORM
62.19230919, 0.042903228, 13.5796, 48.3002, 631.48, NORM
62.82967072, 0.043225805, 13.522, 48.5156, 1285.84, LOW
64.22832642, 0.040860213, 13.8772, 48.2278, 4059.36, NORM
61.07692413, 0.043096774, 13.9492, 47.6292, 3051.8, NORM
60.11268578, 0.129548381, 18.0476, 38.8228, 16955.62, HIGH
63.21679344, 0.053225804, 18.2568, 38.068, 9942.22, NORM
62.34359111, 0.061161288, 17.7672, 38.929, 3474.36, LOW
55.98836021, 0.044193549, 17.9006, 39.466, 2621.36, LOW
61.29532051, 0.053440859, 17.5724, 40.1324, 2501.52, NORM
62.29487114, 0.043225808, 17.2868, 40.0564, 6556.94, NORM
51.64772727, 0.04371613, 17.2058, 40.978, 1968.58, LOW
64.84981766, 0.043467743, 17.3676, 40.3738, 4131.88, HIGH
64.71062469, 0.055677421, 17.4198, 40.3152, 4254.86, HIGH
55.01973686, 0.045419354, 16.6962, 40.8124, 2179.88, HIGH
57.28947372, 0.055612905, 16.768, 42.1622, 2626.08, HIGH
58.98920492, 0.044817204, 17.0628, 41.8258, 1355.22, LOW
63.31495819, 0.045806451, 17.1626, 42.0284, 6708.3, NORM
58.94916776, 0.045096774, 17.0062, 42.0298, 1254.3, LOW
53.3498807, 0.044258065, 16.9726, 41.8154, 1385.18, HIGH
54.29234085, 0.044903226, 16.8104, 42.4414, 4595.44, LOW
60.72807121, 0.043806453, 16.5964, 42.0216, 3906.42, LOW
65.25152588, 0.053187095, 16.682, 41.2398, 2599.28, HIGH
56.48976568, 0.06860215, 16.7058, 41.6576, 3258.38, HIGH
64.04029083, 0.046064516, 16.725, 41.5066, 8914.16, HIGH
60.48313141, 0.043483871, 16.796, 41.5658, 2224.0, HIGH
64.80769196, 0.04483871, 16.415, 42.1286, 2454.22, NORM
64.42612851, 0.044322579, 16.3152, 42.2186, 2487.34, LOW
63.96886482, 0.047935483, 16.177, 42.5212, 4649.06, LOW
58.92982407, 0.052129033, 16.12, 43.0608, 7310.62, HIGH
61.09284912, 0.043806453, 16.5628, 41.7752, 5338.1, HIGH
62.17948723, 0.136903223, 17.4626, 40.172, 2288.68, HIGH
51.85347862, 0.039419355, 13.756, 33.048, 6403.18, LOW
61.24358864, 0.051290323, 18.8892, 38.6072, 11301.36, NORM
64.89010887, 0.052012901, 19.4888, 36.6442, 2684.44, NORM
60.45546494, 0.048774192, 17.891, 40.6944, 2416.38, NORM
62.39468842, 0.046580645, 18.5138, 39.2024, 1921.26, NORM
61.62280744, 0.064722579, 18.2426, 39.4318, 4753.12, NORM
56.97885615, 0.046107526, 18.3382, 39.4742, 4907.62, NORM
61.39406204, 0.046774192, 18.2332, 39.4952, 4034.12, NORM
55.36842194, 0.047161291, 17.8382, 40.8942, 2886.24, NORM
54.74013138, 0.045741935, 17.9764, 40.2412, 3017.12, NORM
58.94736862, 0.045870967, 18.1808, 39.6832, 4589.14, NORM
55.19298197, 0.043526881, 17.6196, 40.369, 1722.62, NORM
58.79757156, 0.155225806, 17.7864, 40.503, 2473.14, LOW
60.99999924, 0.044580645, 17.6292, 40.7556, 5137.86, NORM
53.8125, 0.043870969, 17.2914, 41.2244, 845.92, NORM
60.48762919, 0.055286023, 17.0532, 42.788, 1505.0, NORM
57.26315842, 0.043741937, 17.106, 42.4052, 1465.6, NORM
62.99999987, 0.044064517, 17.3344, 41.7988, 5377.5, NORM
63.15384598, 0.116903218, 17.6102, 41.4972, 11924.18, NORM
57.37134425, 0.049075269, 17.824, 40.6808, 1872.38, NORM
55.15789439, 0.048301075, 17.7956, 40.35, 1359.94, NORM
55.25787175, 0.045247312, 17.5628, 40.9922, 1523.96, LOW
65.78479843, 0.044645162, 17.7816, 40.6438, 5834.76, NORM
59.4619887, 0.047548385, 17.8006, 40.3248, 1921.28, NORM
55.80701803, 0.046709678, 16.7964, 42.3696, 1866.1, LOW
55.92532654, 0.055225806, 16.5296, 43.1656, 1959.12, LOW
61.83333321, 0.049999999, 16.6822, 43.4248, 2156.24, LOW
66.23809586, 0.046516128, 17.1438, 42.601, 5737.0, NORM
62.19230766, 0.042451612, 17.3248, 41.7788, 1927.58, LOW
63.39560547, 0.047638708, 17.5484, 41.2276, 2611.9, LOW
63.64346873, 0.047913976, 18.5186, 39.8616, 3775.52, LOW
61.59941533, 0.05096774, 18.5896, 39.7016, 4805.16, LOW
60.2654068, 0.050408601, 18.5706, 39.4994, 6028.72, LOW
66.53663254, 0.052064516, 18.7134, 39.3012, 7104.08, LOW
67.24247233, 0.053763438, 18.9514, 39.2878, 4046.74, LOW
65.13095207, 0.057290321, 18.9802, 39.2066, 4470.86, LOW
66.31746063, 0.054795696, 19.2316, 39.0066, 5300.28, LOW
57.28890953, 0.060150536, 19.9504, 37.1348, 6367.7, NORM
65.19864655, 0.049763438, 19.993, 37.0414, 8843.22, NORM
60.82051392, 0.048129031, 24.2622, 31.852, 1673.72, HIGH
60.75303726, 0.047354836, 24.315, 31.736, 2184.6, LOW
62.24359144, 0.069978493, 23.4868, 31.992, 1924.42, HIGH
56.42105217, 0.046903224, 23.112, 34.7708, 8001.22, LOW
55.16447357, 0.048180642, 23.1984, 34.7988, 8455.34, LOW
58.08771922, 0.046451611, 23.6314, 34.4476, 8203.06, HIGH
54.375, 0.067741935, 24.0452, 32.376, 1137.64, HIGH
54.5, 0.046129031, 24.122, 32.0612, 1181.76, HIGH
59.50265381, 0.048838709, 23.4578, 32.772, 2250.84, LOW
59.42105286, 0.04483871, 23.0256, 34.5836, 1424.6, LOW
63.57692413, 0.048516129, 23.2848, 35.6754, 6487.56, HIGH
62.13675232, 0.056602148, 23.2272, 34.7154, 4638.0, HIGH
60.96558723, 0.045419354, 23.3712, 34.2304, 2124.7, HIGH
63.42852249, 0.047870967, 23.1696, 34.5238, 2159.36, HIGH
61.01282043, 0.046258063, 22.92, 35.0178, 2575.64, HIGH
59.7456131, 0.044322581, 23.1648, 34.7824, 1296.9, HIGH
60.88933983, 0.047225805, 22.9104, 34.7118, 1993.8, LOW
63.5338829, 0.045354838, 22.657, 35.3436, 8537.32, LOW
62.8782052, 0.049935482, 22.6234, 35.2278, 7375.26, LOW
58.58012848, 0.043483872, 23.3952, 34.239, 8573.58, HIGH
65.21978149, 0.047548387, 23.833, 33.7136, 6987.4, HIGH
63.8376063, 0.060774193, 24.0212, 33.2304, 5175.7, HIGH
61.21025752, 0.051698923, 23.0784, 33.9108, 2693.88, HIGH
62.15262451, 0.045827957, 22.8288, 34.2462, 2807.4, LOW
65.26556664, 0.044774193, 22.9632, 34.5644, 2988.72, LOW
60.28452644, 0.064387096, 22.9776, 34.4198, 1620.14, LOW
62.84615211, 0.050322579, 22.9872, 34.248, 3685.66, HIGH
61.66666794, 0.049591398, 23.04, 33.6478, 3575.32, HIGH
58.5484553, 0.046021506, 23.7562, 32.9192, 5945.14, HIGH
65.0066658, 0.068107526, 23.833, 33.22, 6698.84, HIGH
59.69230843, 0.045903225, 24.32, 33.2174, 5636.1, HIGH
64.841576, 0.051225805, 24.5322, 32.01, 7731.6, HIGH
61.2865509, 0.0747957, 26.0994, 28.9186, 1284.24, NORM
54.375, 0.048361289, 25.6904, 29.2862, 1735.22, HIGH
62.99780273, 0.051290323, 24.1462, 31.8822, 7086.7, NORM
60.94070511, 0.054064517, 24.9094, 30.4874, 1260.58, NORM
63.42673836, 0.08980645, 24.3392, 30.7966, 5437.42, NORM
59.86437187, 0.05032258, 24.156, 31.2452, 2864.16, NORM
57.07894821, 0.073999999, 24.4264, 31.2886, 1963.82, HIGH
59.80229378, 0.072129031, 24.339, 31.4424, 2170.4, NORM
55.21381569, 0.052387097, 24.1174, 31.987, 3154.3, NORM
57.22807007, 0.049109675, 24.4984, 32.698, 4202.84, NORM
60.45748901, 0.050387094, 24.9824, 31.013, 6801.32, LOW
64.78846245, 0.05148387, 24.5808, 31.2482, 4232.8, NORM
57.23144455, 0.046693548, 24.8518, 31.0218, 2526.74, NORM
57.9210537, 0.049032256, 24.9194, 31.5396, 5459.5, LOW
56.40896647, 0.053849461, 25.0842, 30.1714, 9254.74, LOW
57.54880981, 0.063483872, 24.8322, 30.9732, 7706.38, LOW
66.16269989, 0.099892473, 25.4428, 30.14, 6132.78, NORM
69.39572754, 0.059483871, 25.8754, 29.2674, 3759.78, LOW
61.48717995, 0.074258065, 26.3338, 28.692, 3676.2, NORM
63.38461634, 0.053634407, 26.1338, 29.0574, 3400.26, HIGH
58.85290146, 0.074709675, 24.842, 30.61, 2843.68, LOW
63.50000114, 0.064258064, 24.6872, 31.21, 1962.28, HIGH
63.102565, 0.053999999, 25.186, 30.3148, 7684.32, LOW
63.93955841, 0.074580646, 25.1374, 30.176, 7214.42, LOW
66.17124405, 0.103548389, 25.5106, 29.692, 9292.6, HIGH
66.79670181, 0.085483867, 25.8122, 29.4186, 6230.54, LOW
63.04395676, 0.10322581, 18.3758, 30.2248, 17203.12, NORM
55.26315727, 0.058774192, 19.436, 28.4128, 2835.8, NORM
55.85964966, 0.069161288, 19.4696, 28.5286, 2861.0, NORM
54.79934235, 0.06116129, 17.4534, 31.1062, 3267.82, NORM
58.25910912, 0.047741935, 18.1002, 29.8698, 5219.84, NORM
59.17881241, 0.053806453, 18.1522, 29.7212, 5396.42, NORM
56.13157845, 0.057677419, 18.0004, 29.622, 2641.84, NORM
64.02197838, 0.058516128, 18.2332, 29.688, 3023.42, NORM
63.34935856, 0.061419355, 17.1724, 31.886, 2042.7, NORM
62.19524841, 0.092967742, 17.4102, 31.036, 4562.32, NORM
60.7179493, 0.069870967, 17.534, 30.5444, 1897.64, NORM
57.02631569, 0.045741935, 17.158, 31.5158, 1276.36, NORM
57.42105255, 0.059999999, 16.9536, 31.6494, 1266.9, NORM
62.56410332, 0.080903223, 16.8536, 32.1664, 2463.7, NORM
62.4221138, 0.105290325, 16.8632, 31.7666, 3498.02, NORM
60.292173, 0.074774192, 17.1486, 30.8816, 6913.26, NORM
57.13157959, 0.050451611, 16.9392, 31.3648, 2971.4, NORM
59.73909225, 0.078301072, 17.1438, 30.6296, 2902.0, NORM
56.42982559, 0.059483868, 17.1868, 30.5474, 2873.62, NORM
67.71709518, 0.074064515, 17.1962, 30.0918, 7118.24, NORM
61.73931516, 0.080172041, 17.0724, 30.1078, 2031.66, NORM
68.19169464, 0.080215052, 15.867, 32.7532, 2722.28, NORM
62.54700979, 0.050468817, 15.7288, 32.7208, 3151.14, NORM
56.09978078, 0.080236559, 15.7384, 33.428, 3226.82, NORM
65.04578552, 0.05864516, 16.1962, 32.875, 5445.34, NORM
63.65567894, 0.072645161, 16.201, 32.364, 7383.1, NORM
64.14835281, 0.067612904, 16.201, 32.364, 7383.1, NORM
62.98332443, 0.070258063, 16.201, 32.364, 7383.1, NORM
59.78812447, 0.074709678, 16.201, 32.364, 7383.1, NORM
65.7417923, 0.126322576, 16.201, 32.364, 7383.1, NORM
62.34628448, 0.182193534, 16.201, 32.364, 7383.1, NORM
60.01147118, 0.123655916, 16.201, 32.364, 7383.1, NORM
64.75274506, 0.064645161, 23.352, 21.5972, 1377.28, HIGH
63.79487, 0.095806451, 23.2224, 21.4516, 1546.02, HIGH
64.20513, 0.080451612, 21.8002, 22.315, 2132.54, LOW
61.62820473, 0.057290322, 21.4326, 22.7078, 1817.24, HIGH
60.2836249, 0.101290323, 20.8508, 24.521, 10684.84, HIGH
59.32726021, 0.064322579, 20.6884, 24.7946, 12348.32, LOW
54.0625, 0.061161289, 21.0416, 24.3378, 9152.24, HIGH
52.75, 0.066580647, 21.318, 24.3094, 8718.64, HIGH
65.82539698, 0.084602149, 21.2798, 23.762, 9320.98, LOW
61.06641769, 0.080387096, 16.3628, 30.8794, 1314.22, NORM
59.80977275, 0.079268813, 16.7248, 30.8844, 1462.44, NORM
61.82860985, 0.05812903, 17.8242, 29.6274, 4948.62, NORM
60.22435856, 0.066709675, 18.5614, 28.0486, 1481.34, HIGH
58.20580254, 0.08012903, 18.547, 28.4146, 1555.48, HIGH
54.0625, 0.050322578, 18.7326, 27.0308, 3028.14, NORM
62.12820435, 0.058064515, 18.6422, 26.5208, 6186.36, NORM
63.64224726, 0.095268818, 19.0464, 28.0334, 5486.3, LOW
61.71435165, 0.069032256, 19.108, 26.9188, 2482.6, HIGH
61.46153793, 0.056129031, 18.704, 27.2364, 3026.56, NORM
61.79487305, 0.146451614, 18.233, 28.8096, 3171.64, HIGH
53.77692307, 0.067161291, 19.2412, 27.1704, 2602.44, HIGH
63.91523565, 0.046451612, 18.9988, 27.3398, 4559.18, NORM
59.81488965, 0.063591397, 18.5424, 27.2708, 5837.92, LOW
57.88461494, 0.093096774, 18.6896, 27.4966, 6741.4, HIGH
60.6106617, 0.102838708, 19.0272, 26.9862, 8855.82, NORM
62.43589783, 0.172387096, 19.7652, 25.824, 9417.16, HIGH
67.77378693, 0.063419356, 19.779, 26.0542, 2908.32, NORM
59.27125626, 0.083354837, 19.1606, 27.2718, 2061.62, LOW
61.30769119, 0.051096773, 18.428, 27.8306, 2362.76, NORM
64.96886559, 0.076064512, 18.4332, 27.8042, 6750.86, NORM
70.39841232, 0.1216129, 18.4092, 27.9226, 6824.96, NORM
62.89743576, 0.073741938, 19.408, 27.0826, 8720.22, NORM
66.63370132, 0.087741937, 19.3746, 26.7844, 8579.9, NORM
65.52472382, 0.10664516, 19.3556, 26.6822, 8540.48, NORM
62.74359016, 0.078064517, 19.86, 26.5924, 9180.66, NORM
58.68286107, 0.103870968, 20.9936, 25.393, 5290.8, NORM
62.53643646, 0.05348387, 21.5424, 25.0254, 5357.02, HIGH
61.97855377, 0.101806454, 21.6904, 25.0294, 8896.84, HIGH
62.48717918, 0.073870964, 20.3834, 25.3556, 9046.62, NORM
