@relation .a/eda_raw_ml/eda_raw_ml
@attribute Sound real [46.22267342, 79.2527832]
@attribute Dust real [0.02916129, 0.39787096]
@attribute TempEN real [10.521, 26.891]
@attribute RH real [17.24, 60.8856]
@attribute Light real [287.76, 32280.1]
@attribute EDA_level {HIGH, NORM, LOW}
@inputs Sound, Dust, TempEN, RH, Light
@outputs EDA_level
@data
61.23076935, 0.051380644, 19.8552, 31.4808, 1563.34, LOW
55.73026326, 0.039870967, 19.4936, 32.0988, 2080.54, NORM
59.49325333, 0.086387095, 19.0176, 32.9554, 2457.36, NORM
57.0526329, 0.05088172, 17.344, 36.2542, 3116.46, NORM
63.11795013, 0.128430105, 17.0774, 37.1232, 2687.58, NORM
58.70175323, 0.096860211, 16.5062, 38.3572, 3717.18, NORM
59.68286171, 0.075870967, 14.601, 44.101, 1907.08, NORM
62.0614048, 0.058645161, 14.6778, 42.9366, 3136.94, NORM
56.71929881, 0.04292473, 14.5674, 42.4174, 4303.74, NORM
56.64035174, 0.039053763, 14.5626, 42.3284, 4057.74, NORM
56.77543971, 0.045118279, 14.3232, 43.4504, 1251.16, NORM
56.6491244, 0.04595699, 14.3232, 43.564, 1263.78, NORM
59.00809822, 0.052903224, 14.194, 43.4288, 2280.78, NORM
54.42763138, 0.047935484, 14.146, 43.247, 3638.36, LOW
61.13765182, 0.059677421, 13.834, 43.506, 3991.54, NORM
59.05263252, 0.073032254, 13.522, 44.5488, 2777.46, NORM
62.00000076, 0.03683871, 13.2858, 45.0648, 2184.58, NORM
60.93589783, 0.04148387, 13.1466, 45.2912, 1686.36, NORM
59.80611801, 0.067870966, 12.7702, 46.1296, 1976.48, NORM
59.51484566, 0.059935485, 12.8182, 46.2412, 2277.64, NORM
58.6572197, 0.064967739, 12.727, 46.3982, 2813.72, NORM
59.34817734, 0.076064519, 12.8278, 46.0624, 2905.16, NORM
61.2624855, 0.059483872, 12.896, 46.1454, 3103.82, NORM
57.91919607, 0.061419357, 13.132, 45.7822, 4336.86, NORM
61.34523811, 0.050451613, 12.654, 46.2952, 834.88, NORM
61.71794891, 0.078580644, 12.534, 47.2298, 1809.3, NORM
60.94062004, 0.100451612, 12.558, 47.425, 956.3, NORM
60.24693044, 0.048361289, 12.5868, 47.379, 1355.22, NORM
63.48718185, 0.064258062, 12.654, 46.9472, 2009.54, NORM
61.03418859, 0.092623654, 12.6686, 47.2714, 1172.3, NORM
59.08411967, 0.046193549, 12.678, 47.2912, 1143.92, NORM
62.92307549, 0.075419355, 19.4318, 29.3208, 546.32, HIGH
56.68606567, 0.048903224, 19.232, 29.6182, 569.98, HIGH
53.0625, 0.045161291, 18.98, 30.3026, 588.9, LOW
54.79605306, 0.034580646, 18.937, 30.4916, 693.0, LOW
62.43589783, 0.055161288, 18.647, 30.7854, 650.42, HIGH
60.40755692, 0.053935483, 18.5522, 31.0424, 614.14, LOW
61.74358902, 0.050967743, 17.4054, 33.0972, 647.28, HIGH
60.66666603, 0.075161289, 17.377, 33.2718, 686.66, LOW
57.91784744, 0.037806451, 15.9486, 36.4328, 704.02, LOW
61.6538475, 0.085870966, 15.8336, 36.5118, 803.36, LOW
61.5384613, 0.054193548, 15.3612, 37.6964, 338.22, HIGH
53.475, 0.03823656, 14.888, 38.0588, 778.14, LOW
61.68376109, 0.048688172, 14.3706, 39.3494, 555.8, HIGH
57.8866394, 0.03483871, 14.1604, 39.748, 404.44, HIGH
61.09401627, 0.060860215, 14.1028, 40.302, 454.9, HIGH
63.12820702, 0.055935481, 14.0404, 40.6578, 491.18, HIGH
52.875, 0.048258064, 13.81, 41.4504, 625.2, HIGH
64.09401754, 0.044043011, 13.5556, 41.5672, 533.76, LOW
60.19770508, 0.038580645, 13.3866, 42.2052, 530.58, HIGH
60.94196968, 0.067290321, 13.281, 42.8488, 527.42, HIGH
63.78204918, 0.038322581, 13.1706, 43.1696, 689.82, HIGH
63.45299225, 0.069419352, 13.127, 42.7552, 716.62, LOW
63.70512962, 0.075548389, 12.8086, 44.6124, 434.4, LOW
63.18119527, 0.039655913, 12.8038, 44.7434, 420.2, LOW
60.08187129, 0.036559141, 12.8518, 44.2484, 499.04, LOW
63.88827744, 0.037780646, 17.2154, 37.9208, 2454.22, NORM
54.78289528, 0.057225805, 16.344, 39.241, 2974.54, NORM
63.10256373, 0.041806451, 15.022, 42.7866, 3018.68, NORM
63.37179604, 0.069935482, 14.7114, 43.566, 4125.54, NORM
61.8461525, 0.035483871, 14.0932, 45.2954, 3334.04, NORM
53.3125, 0.042709676, 13.5508, 46.2588, 2525.16, NORM
60.1587944, 0.035870968, 12.34, 50.3152, 2514.12, NORM
54.99013176, 0.034580645, 12.243, 50.8404, 2506.24, NORM
62.44444555, 0.053892473, 11.8416, 51.9068, 3023.42, NORM
62.9734436, 0.038348387, 11.783, 52.0082, 2974.56, NORM
64.05735626, 0.035161291, 11.7686, 52.097, 2898.86, NORM
59.87719421, 0.032064515, 11.734, 52.1894, 2663.92, NORM
66.59096527, 0.031440859, 11.5112, 54.0704, 3419.2, NORM
60.41295624, 0.03548387, 11.263, 53.189, 2733.28, NORM
59.90283394, 0.056387095, 11.253, 53.1876, 2574.08, NORM
62.96947467, 0.046021505, 10.79, 56.1418, 2742.76, LOW
57.01754303, 0.030661289, 10.7312, 56.0312, 3633.64, LOW
63.58547007, 0.03608602, 10.736, 56.158, 3852.8, NORM
60.81308937, 0.032129033, 10.741, 56.0148, 1465.6, LOW
57.04228388, 0.034064518, 10.7312, 56.0552, 2471.56, LOW
57.44129537, 0.032150536, 10.687, 56.598, 2370.64, LOW
56.07017543, 0.033978495, 10.712, 56.661, 2916.22, NORM
61.35897446, 0.061367741, 10.736, 56.522, 2578.8, LOW
62.38461456, 0.037729031, 10.736, 56.588, 2395.88, HIGH
63.11538429, 0.045032257, 17.51, 38.482, 3367.16, NORM
55.14524307, 0.043548387, 15.2658, 44.395, 4264.34, NORM
57.20512772, 0.048172041, 15.1654, 43.9478, 3784.98, NORM
55.4078949, 0.036464516, 13.8148, 46.236, 4106.64, NORM
55.57456131, 0.039931183, 13.8484, 46.4398, 3241.02, NORM
57.62483215, 0.062399999, 13.714, 47.3748, 3190.58, NORM
59.65452042, 0.03567742, 13.6804, 46.767, 3103.84, NORM
61.80769196, 0.035483872, 12.9008, 47.9886, 6451.28, NORM
61.6437252, 0.034451613, 12.606, 49.75, 3056.54, NORM
54.85526326, 0.048258063, 16.9058, 35.7816, 2455.78, NORM
60.61538391, 0.057935483, 16.501, 37.343, 3051.84, NORM
61.62145729, 0.055290321, 16.4822, 37.7614, 2659.2, NORM
57.94421921, 0.094064516, 16.5154, 37.7388, 2600.86, NORM
60.50000038, 0.045806451, 16.401, 37.4622, 2906.76, NORM
61.41767998, 0.059935485, 15.8578, 38.2184, 3441.26, NORM
59.37651863, 0.052258061, 15.581, 38.7292, 3955.3, NORM
55.87061564, 0.046150537, 15.3948, 39.5496, 3001.34, LOW
58.81039085, 0.042967741, 15.2086, 40.0282, 2615.06, NORM
56.26315842, 0.052903224, 14.8256, 40.9108, 2395.88, LOW
53.12719294, 0.060903222, 14.5194, 41.7024, 2402.18, NORM
56.04385974, 0.074946234, 14.002, 43.4504, 5180.42, NORM
61.20512772, 0.047096775, 13.7476, 44.921, 4833.52, NORM
59.58231964, 0.048967743, 13.8196, 44.3088, 4794.1, NORM
55.22039413, 0.043741935, 13.8388, 44.399, 2105.76, HIGH
56.26315816, 0.049462366, 13.7956, 44.337, 2140.46, LOW
54.91754328, 0.038666668, 13.6564, 44.7094, 3419.2, NORM
56.53913727, 0.039870967, 13.502, 44.96, 3113.28, HIGH
56.33333435, 0.039354839, 13.425, 45.7754, 2097.86, NORM
58.13157883, 0.112000002, 13.3866, 45.2956, 3512.2, NORM
56.69652405, 0.05380645, 13.401, 44.9976, 3460.18, NORM
57.86842041, 0.039225805, 13.3722, 44.756, 4541.82, NORM
63.35897293, 0.041677421, 12.968, 46.5522, 2078.92, HIGH
64.62637367, 0.044, 12.968, 46.484, 2118.36, LOW
56.99999962, 0.038451613, 12.992, 45.9518, 2766.42, NORM
56.49473846, 0.034967742, 12.881, 46.156, 2026.9, NORM
61.93589745, 0.038645162, 12.881, 46.1622, 1921.26, NORM
65.4706955, 0.057032258, 12.775, 46.5654, 1385.18, LOW
60.26990547, 0.109032258, 12.7126, 46.601, 3040.74, NORM
63.14102478, 0.039913979, 12.519, 47.2528, 2559.86, NORM
57.62033323, 0.033978494, 12.529, 47.1114, 1506.58, NORM
58.43274829, 0.037096774, 12.514, 47.3258, 946.84, NORM
61.11111018, 0.051698925, 12.413, 47.7584, 1664.28, NORM
61.49572703, 0.228903226, 12.4178, 47.6536, 918.44, NORM
64.95148239, 0.037741936, 17.3058, 35.8664, 2493.64, NORM
58.71929906, 0.056817206, 16.8488, 36.6526, 2834.24, NORM
56.79166679, 0.037913978, 16.5582, 37.1998, 2406.92, NORM
56.34008102, 0.043974194, 15.8336, 39.6868, 3837.02, NORM
57.12982432, 0.038984947, 15.5714, 38.8888, 3248.92, NORM
57.28947334, 0.037225807, 15.304, 39.45, 3835.46, NORM
60.82051353, 0.036193549, 14.8544, 41.0158, 2714.38, NORM
64.90659294, 0.036709677, 14.2132, 43.248, 2033.24, NORM
52.2, 0.043354837, 13.4538, 45.5916, 2216.1, LOW
52.55, 0.039741936, 13.401, 45.7098, 2121.52, LOW
59.44736824, 0.068924731, 13.257, 45.9352, 4757.82, NORM
56.49999924, 0.034064517, 12.9152, 46.6144, 2867.32, NORM
64.21621284, 0.040322579, 12.799, 46.0334, 2813.7, NORM
59.18623403, 0.039053763, 12.7798, 46.4668, 1921.26, NORM
55.63157959, 0.03716129, 12.727, 46.018, 2066.32, NORM
57.41115697, 0.036301076, 12.727, 46.0372, 1716.3, NORM
53.75219371, 0.035698925, 12.5484, 47.708, 3580.0, NORM
56.84210548, 0.035354839, 12.5042, 47.6592, 3319.88, NORM
60.79082197, 0.073225803, 12.2578, 48.7624, 3135.38, NORM
61.48717957, 0.054838711, 12.413, 47.7088, 2080.52, NORM
62.07692337, 0.036903225, 12.4226, 47.5434, 2648.18, NORM
60.42307663, 0.042129032, 12.4178, 47.5366, 2479.44, NORM
57.08070119, 0.03836559, 12.384, 47.699, 2520.44, LOW
62.28205185, 0.038709677, 12.3496, 47.6824, 4001.02, NORM
58.81511434, 0.041505376, 12.384, 47.7734, 2414.8, NORM
59.94804306, 0.034064517, 12.379, 47.686, 2465.24, NORM
58.73517049, 0.052215053, 12.4514, 46.872, 3241.04, NORM
64.23107376, 0.03608602, 12.34, 47.829, 2406.92, NORM
60.75641098, 0.035290321, 12.4322, 46.5838, 3192.12, NORM
59.8182635, 0.032774192, 12.4274, 46.4468, 2206.66, NORM
62.8004158, 0.03632258, 12.364, 46.625, 2178.28, NORM
61.11782633, 0.077204299, 12.379, 46.6454, 2247.66, LOW
67.24114838, 0.107139784, 12.379, 46.4284, 1355.2, LOW
64.92124685, 0.034107528, 12.4082, 46.0904, 1400.96, NORM
63.38864578, 0.036129034, 12.34, 45.4968, 1424.6, LOW
65.05662568, 0.038795698, 12.147, 46.3986, 1536.56, NORM
64.7793045, 0.053419357, 15.1414, 60.738, 32280.1, LOW
61.91025505, 0.060129033, 15.2892, 60.8156, 32280.1, LOW
62.87863846, 0.065741935, 16.606, 57.8236, 28371.32, HIGH
60.64867401, 0.072559136, 17.3296, 53.5924, 28264.1, LOW
58.54453468, 0.042903226, 18.033, 51.596, 3673.04, HIGH
59.19551392, 0.036387097, 17.344, 53.8592, 3535.86, LOW
61.06747589, 0.046451613, 17.3104, 53.9402, 3132.24, LOW
60.79082413, 0.037032259, 17.1106, 54.7944, 6112.26, HIGH
62.19230843, 0.046258065, 17.0486, 55.3424, 5415.36, LOW
65.2962532, 0.070451614, 16.9246, 54.9268, 4813.02, NORM
54.4703949, 0.036387097, 16.8296, 57.5796, 2574.04, LOW
62.92731781, 0.078516129, 16.8488, 56.7204, 3140.1, NORM
61.2941967, 0.040516128, 16.8536, 56.1674, 4418.84, HIGH
62.83882828, 0.039225807, 16.9058, 54.997, 4188.64, LOW
63.59706841, 0.060967745, 16.8536, 55.893, 3818.1, LOW
62.897435, 0.043290322, 16.82, 56.3816, 2807.42, HIGH
62.15384445, 0.045548387, 16.82, 55.8212, 3535.88, HIGH
60.70287819, 0.121204299, 16.7634, 56.3608, 5101.58, NORM
62.64957263, 0.038494624, 16.2582, 56.6732, 4070.4, LOW
62.29487114, 0.038645161, 16.701, 53.416, 5033.78, HIGH
62.48718135, 0.045806451, 16.677, 53.4626, 2592.96, HIGH
59.32051315, 0.060516131, 16.5772, 55.669, 2933.54, LOW
55.57894745, 0.042645161, 16.582, 55.2734, 2919.32, LOW
55.44736786, 0.058129033, 16.558, 55.172, 2954.06, LOW
64.6007309, 0.048602149, 16.534, 55.437, 5516.28, LOW
61.65384636, 0.056387094, 16.487, 54.7398, 3277.28, HIGH
58.99729958, 0.037651613, 16.344, 54.1682, 4743.64, LOW
61.88034007, 0.0387957, 16.4918, 53.9818, 4759.44, HIGH
64.46428566, 0.039290324, 16.5156, 54.0278, 7834.08, HIGH
63.68955994, 0.037741934, 16.5248, 54.023, 6880.18, HIGH
62.11794881, 0.05572043, 22.465, 31.3944, 957.88, HIGH
60.9846167, 0.047440859, 22.2928, 31.6202, 1061.96, HIGH
63.47863134, 0.047182795, 21.8862, 32.6844, 8415.9, HIGH
62.41025658, 0.040258064, 21.9678, 32.0188, 2154.62, LOW
61.89136314, 0.041548387, 21.0746, 34.4658, 850.66, HIGH
61.23366013, 0.049677418, 20.984, 34.4044, 923.2, HIGH
59.39473686, 0.092774195, 20.9222, 34.2468, 1553.88, HIGH
53.92763138, 0.061032259, 20.9888, 35.1572, 1259.06, HIGH
63.26617978, 0.042602151, 20.9078, 35.4852, 1653.22, LOW
58.86234856, 0.053032259, 20.936, 35.1192, 732.38, HIGH
62.28362668, 0.063741934, 20.936, 35.1584, 1550.74, LOW
60.8888883, 0.057935484, 20.96, 35.9706, 1339.46, LOW
58.07894783, 0.038516128, 20.984, 36.0188, 1197.54, LOW
60.69658152, 0.04492473, 20.9552, 36.7382, 1886.6, HIGH
60.72649511, 0.048817203, 20.9744, 36.2218, 1721.02, HIGH
62.60683848, 0.048215054, 21.1414, 35.5278, 5092.12, HIGH
59.41781347, 0.045591396, 21.5902, 34.1504, 2570.88, HIGH
61.01349602, 0.066735482, 21.7096, 34.0556, 2605.6, HIGH
64.61538277, 0.058580645, 22.465, 32.3028, 1153.42, HIGH
66.08718109, 0.055548388, 22.4506, 32.8484, 3378.18, HIGH
72.2479365, 0.105720426, 22.2976, 32.894, 3223.66, HIGH
63.10073242, 0.073677419, 22.4506, 32.9884, 3031.32, HIGH
63.79914716, 0.050602148, 22.5322, 32.8756, 2231.9, LOW
67.50061213, 0.100967742, 22.5658, 33.0786, 2080.54, HIGH
64.82295354, 0.044946236, 17.6386, 43.3972, 1545.98, LOW
61.2825002, 0.041591398, 17.701, 42.3772, 913.72, LOW
54.72697334, 0.04116129, 17.258, 42.1352, 1200.7, NORM
54.26973724, 0.043548386, 17.2628, 42.2762, 1166.0, NORM
55.24561361, 0.048688169, 17.2768, 42.0802, 1192.8, NORM
58.89473572, 0.040180644, 17.0532, 42.5714, 1216.46, NORM
58.70175552, 0.03948387, 16.3776, 44.63, 1142.36, NORM
59.43724594, 0.043483869, 16.511, 43.8804, 1211.72, NORM
59.91093101, 0.064387095, 16.1916, 44.6518, 8447.44, NORM
53.25, 0.04348387, 17.0392, 44.1778, 8821.16, NORM
60.54791005, 0.040215052, 17.4628, 41.6022, 1411.98, NORM
57.89473801, 0.040451612, 17.2912, 42.7324, 990.98, NORM
61.86289001, 0.043440859, 16.8726, 43.5934, 4377.86, NORM
61.26383362, 0.038258064, 16.7154, 44.3228, 1954.38, LOW
61.48717842, 0.041548386, 16.7538, 45.7804, 4075.12, NORM
58.9433197, 0.038451613, 16.8632, 44.8024, 4092.46, NORM
58.76833127, 0.039462365, 16.7106, 44.86, 1773.06, NORM
60.6564093, 0.039483869, 16.8632, 44.891, 1725.76, NORM
62.94322357, 0.039664516, 16.8584, 44.251, 2097.88, NORM
60.4979744, 0.03980645, 16.892, 44.4644, 1131.3, NORM
57.46963539, 0.038645161, 16.8584, 44.5106, 1834.56, NORM
61.76068242, 0.042322581, 16.6396, 45.5772, 1113.96, NORM
58.38349024, 0.069763441, 16.034, 47.4102, 2020.62, NORM
62.19230843, 0.042193549, 15.5282, 47.2272, 7078.86, NORM
61.9871788, 0.038451612, 15.39, 48.494, 7678.0, NORM
64.31807251, 0.03888172, 15.7908, 48.185, 7118.24, NORM
54.53289452, 0.041935484, 16.2298, 47.4542, 7952.36, NORM
64.23992793, 0.04660215, 17.144, 44.8996, 7145.06, NORM
63.22527542, 0.045161289, 18.2048, 41.8908, 1333.14, NORM
63.32051392, 0.049096774, 17.344, 43.2292, 2875.2, NORM
60.36797155, 0.040430106, 16.277, 44.8008, 1104.52, NORM
64.0512825, 0.076129032, 16.3868, 45.3254, 3111.7, NORM
67.13540726, 0.040967741, 17.082, 43.4464, 6399.24, NORM
65.7857132, 0.041548388, 17.1962, 43.5232, 7018.92, NORM
63.42423363, 0.042451613, 17.8194, 42.5254, 4608.04, LOW
62.10487747, 0.079290322, 19.6508, 39.2516, 7115.1, HIGH
59.42105255, 0.102129032, 20.6648, 29.2148, 1577.54, LOW
59.62078247, 0.127161291, 20.222, 29.767, 1686.34, HIGH
60.37516848, 0.260666667, 19.1558, 30.5566, 1937.04, LOW
60.83333282, 0.121548388, 18.3614, 32.7766, 3078.62, LOW
58.52884674, 0.074903223, 18.2712, 33.2226, 2851.58, LOW
62.05982768, 0.191139781, 17.9666, 33.7728, 1424.58, HIGH
54.01315765, 0.119612904, 17.7148, 34.8688, 694.54, LOW
56.75263031, 0.110064513, 17.4106, 35.6098, 1030.38, LOW
56.49910037, 0.147806451, 16.806, 37.872, 1153.42, LOW
55.62243652, 0.11496774, 16.7012, 37.5962, 1967.02, HIGH
60.78812523, 0.115483868, 16.9106, 37.0676, 3387.66, LOW
62.30769196, 0.104387095, 16.844, 36.9314, 3381.34, HIGH
66.43406754, 0.09722581, 16.7964, 36.745, 2230.32, LOW
66.53907115, 0.094365589, 16.7632, 36.6898, 2692.3, LOW
65.07519035, 0.116580646, 16.9486, 36.5788, 1289.0, LOW
58.15789604, 0.120666665, 16.8536, 38.6002, 3584.76, HIGH
59.38596471, 0.073935485, 16.9198, 38.4072, 3764.48, HIGH
56.70377808, 0.093703225, 16.9774, 37.3464, 3882.74, HIGH
60.32478612, 0.13176344, 16.92, 36.8222, 3518.52, HIGH
62.31959724, 0.141870967, 17.3536, 35.9754, 1877.14, HIGH
60.6457489, 0.192580641, 17.5676, 35.8924, 6063.38, LOW
60.08636894, 0.126064518, 17.6146, 35.7534, 6016.1, LOW
66.50643311, 0.175741931, 17.772, 35.5018, 2416.38, HIGH
60.56477737, 0.145161286, 17.9668, 35.7686, 4800.44, HIGH
56.16447334, 0.109483872, 17.9476, 35.93, 4723.16, HIGH
62.02564125, 0.086967741, 17.7528, 36.5356, 5379.08, HIGH
60.56140366, 0.079440862, 17.6194, 36.0862, 4913.98, HIGH
58.59109319, 0.051827956, 17.7912, 35.7902, 4978.58, HIGH
61.15593465, 0.139376343, 19.6174, 32.7516, 14456.44, LOW
62.88740997, 0.192838709, 19.9504, 32.7288, 12561.22, HIGH
63.58794581, 0.050494624, 20.1548, 31.507, 10803.1, HIGH
63.97161407, 0.065032257, 20.2504, 31.0094, 10885.12, HIGH
64.37271144, 0.074279569, 20.317, 31.6274, 15963.84, HIGH
64.03312378, 0.107741935, 20.536, 31.7396, 8873.18, LOW
60.75897446, 0.04980645, 19.6506, 33.7388, 897.94, NORM
60.24966329, 0.06356989, 19.2082, 34.395, 8811.66, LOW
59.85380084, 0.071161287, 19.2364, 34.608, 10688.02, LOW
52.8125, 0.050580646, 20.1264, 33.763, 8803.78, LOW
54.44736786, 0.052064516, 20.2314, 33.634, 8791.2, LOW
54.88486786, 0.047677417, 20.3218, 33.3448, 8792.74, LOW
55.59539413, 0.045032258, 20.2218, 32.9524, 615.74, LOW
53.15, 0.045677419, 20.1644, 33.1522, 623.64, NORM
66.82142944, 0.055741933, 19.7934, 32.953, 2449.48, NORM
58.81578979, 0.044541936, 19.722, 32.847, 1260.62, NORM
64.08767242, 0.044322581, 19.2796, 33.3876, 1356.8, NORM
58.49932518, 0.056129031, 19.0702, 33.3424, 4100.36, LOW
60.23549194, 0.043096776, 19.246, 34.1686, 3311.96, NORM
58.35087674, 0.044537635, 18.9702, 35.4024, 3398.66, NORM
63.41025772, 0.044064517, 19.3554, 35.0658, 4480.34, NORM
61.95726446, 0.055311828, 19.2222, 34.4556, 2466.82, NORM
54.70175476, 0.042080645, 18.7562, 35.2572, 1106.1, LOW
55.97368469, 0.04116129, 18.4616, 35.3924, 1110.86, LOW
60.2264946, 0.044679572, 18.3568, 37.1102, 2318.62, LOW
60.32321167, 0.041161289, 18.39, 35.9994, 2375.36, NORM
60.48538157, 0.044172041, 18.4188, 35.9108, 6534.86, NORM
61.94871826, 0.047999998, 18.7278, 34.691, 6910.12, NORM
68.61904755, 0.044193549, 18.9704, 34.1952, 8376.48, NORM
64.55555394, 0.043655915, 19.5602, 33.2554, 8078.48, NORM
61.08164635, 0.046612902, 20.9316, 31.4616, 8162.04, LOW
62.80701701, 0.045408602, 20.9648, 31.1648, 3573.7, LOW
63.44444529, 0.044473119, 20.5838, 31.9964, 1484.48, NORM
62.39743614, 0.048967742, 20.2978, 32.144, 1695.8, NORM
62.93589668, 0.046193548, 20.3314, 32.1138, 1711.58, NORM
70.85158615, 0.080709674, 20.4026, 32.3856, 3427.08, NORM
65.69597168, 0.045548387, 20.6742, 32.5754, 6895.92, NORM
63.07692108, 0.045741935, 21.0744, 32.0, 5576.18, NORM
65.67582728, 0.079526882, 21.1798, 31.4696, 4798.84, NORM
66.0384613, 0.047225805, 21.2796, 31.565, 4686.9, NORM
66.08516312, 0.045870968, 21.4802, 31.4826, 5714.92, NORM
67.88400497, 0.0448, 21.7954, 31.0828, 5733.86, NORM
60.03785197, 0.050666666, 22.307, 29.1336, 10107.8, NORM
63.43589668, 0.053999997, 22.0868, 29.8412, 8887.36, NORM
63.99886068, 0.044172044, 21.4086, 29.5976, 1230.66, NORM
63.21794891, 0.045548387, 20.6172, 30.8812, 1605.92, NORM
63.9523819, 0.096516129, 20.1262, 32.248, 5423.24, LOW
62.41025543, 0.04483871, 19.7364, 32.3324, 1098.2, NORM
61.65452118, 0.045599999, 19.9882, 32.2686, 1575.96, NORM
60.20300713, 0.183290322, 19.5648, 32.5688, 5021.18, NORM
65.50091553, 0.090258063, 20.1548, 31.7528, 8534.18, NORM
63.34798393, 0.099999998, 20.3598, 31.445, 7763.14, NORM
57.96491241, 0.050838708, 20.8458, 30.387, 7233.34, NORM
53.9254392, 0.045677419, 21.6328, 29.777, 453.3, NORM
55.60526352, 0.045109677, 21.7, 29.487, 464.36, NORM
60.41160596, 0.045677419, 20.3882, 32.9276, 3885.9, NORM
63.96153768, 0.051836558, 20.9364, 30.1944, 5470.56, NORM
58.92037735, 0.044774194, 21.2892, 30.6786, 2783.76, NORM
60.28520101, 0.046193547, 20.7792, 30.7684, 4280.08, NORM
61.4615387, 0.044516129, 20.0552, 31.3452, 4265.92, NORM
60.81954918, 0.10193548, 20.1456, 32.2166, 3619.44, NORM
58.28947411, 0.044580646, 20.555, 31.8812, 4374.7, NORM
63.42307625, 0.046774194, 20.4264, 31.936, 3498.02, NORM
55.98684235, 0.064903228, 19.8648, 31.5746, 7350.04, HIGH
60.95726458, 0.045397849, 19.8314, 32.0624, 7364.22, LOW
59.24493904, 0.044645162, 19.9788, 32.4604, 7184.46, HIGH
65.11355362, 0.078408601, 20.1548, 31.9122, 6514.38, LOW
67.58425064, 0.045419354, 20.5168, 31.5652, 8045.36, LOW
58.39811249, 0.046580644, 20.7982, 31.2298, 7484.06, HIGH
69.28832067, 0.045230107, 21.7384, 30.7566, 4822.5, HIGH
60.25640945, 0.045109677, 22.2212, 28.8038, 3039.18, LOW
53.0, 0.045225806, 21.867, 29.4878, 1795.16, HIGH
57.0240387, 0.043870969, 21.8814, 29.7708, 1910.24, LOW
53.38461538, 0.045634408, 21.8574, 29.8964, 1896.06, LOW
59.65587006, 0.051870967, 21.6046, 30.5514, 4239.1, HIGH
60.56410294, 0.044193549, 21.413, 30.4016, 4556.02, HIGH
60.22222188, 0.044817204, 21.4226, 30.3154, 6181.66, HIGH
60.66666527, 0.046048386, 21.2892, 30.5784, 2556.72, HIGH
62.51281993, 0.044929032, 21.1558, 30.7136, 2808.96, HIGH
65.70879059, 0.048774192, 22.5466, 29.4294, 11083.8, HIGH
66.41849747, 0.046903224, 23.1792, 28.962, 7152.92, LOW
63.38461533, 0.048064516, 23.3472, 28.3606, 5543.06, HIGH
67.43253886, 0.044924731, 21.2606, 28.0, 547.92, NORM
67.17674026, 0.229096774, 20.3978, 30.1758, 456.46, NORM
57.52631632, 0.043148388, 20.2172, 30.9736, 469.1, NORM
67.50793762, 0.044576344, 20.1836, 30.7976, 642.52, NORM
65.07783864, 0.045505376, 20.079, 30.8218, 724.5, NORM
62.93724937, 0.170387095, 20.126, 30.513, 620.42, NORM
57.42105255, 0.042580645, 19.3178, 32.2024, 306.68, NORM
71.63047562, 0.042387097, 19.1798, 32.177, 950.02, NORM
65.43650792, 0.045806451, 18.8516, 33.6646, 838.04, NORM
67.08302561, 0.045387096, 18.8706, 34.0872, 5571.44, NORM
62.9791139, 0.043161292, 18.889, 32.97, 1102.96, NORM
58.82995949, 0.043677419, 18.794, 33.2976, 401.28, HIGH
66.83333054, 0.051419354, 18.747, 33.2794, 1087.16, NORM
67.42063649, 0.062559142, 18.747, 33.543, 1036.72, NORM
68.95238113, 0.045006452, 18.699, 34.071, 1074.56, NORM
64.16025391, 0.045612903, 18.6328, 33.631, 606.28, NORM
62.67307739, 0.042016129, 18.604, 33.6548, 948.4, NORM
67.82142792, 0.045806451, 18.5616, 34.2356, 413.9, NORM
65.01464996, 0.042822583, 18.747, 33.6282, 800.2, NORM
65.20842621, 0.042580645, 18.723, 33.8036, 814.42, NORM
66.18681183, 0.042580645, 18.723, 33.8628, 680.38, NORM
66.59523849, 0.044000001, 18.9658, 33.563, 1664.26, NORM
66.80158742, 0.043344087, 18.9942, 33.0712, 1552.32, NORM
65.16483688, 0.042903228, 18.961, 33.2334, 779.72, NORM
63.51281967, 0.053677418, 18.9988, 33.0458, 987.82, NORM
62.64102592, 0.045612903, 18.9942, 33.0386, 967.34, NORM
69.17857056, 0.04251613, 13.8148, 47.3012, 1787.22, NORM
66.61843796, 0.04612903, 13.4586, 47.9752, 1582.3, NORM
63.8369976, 0.042709678, 13.5892, 48.5308, 2230.34, NORM
58.75033722, 0.116344088, 13.6132, 48.4036, 2078.96, NORM
63.77472534, 0.044967743, 13.7092, 47.9516, 1539.7, NORM
58.91902771, 0.071870967, 13.7332, 47.7624, 1359.94, NORM
60.11066246, 0.049354839, 13.738, 47.763, 1438.78, NORM
56.38398458, 0.041462364, 13.738, 48.0234, 1244.86, NORM
54.0625, 0.039096773, 13.6468, 48.0368, 959.48, NORM
60.75528564, 0.153445167, 13.5312, 48.8816, 1900.78, NORM
59.52968979, 0.042322579, 13.377, 48.7996, 2298.14, LOW
52.5, 0.039935483, 13.3818, 49.1152, 1708.42, NORM
56.10985819, 0.045892472, 13.5748, 48.4236, 1259.02, NORM
62.40192261, 0.041999999, 13.5364, 48.6968, 2928.82, NORM
62.35897369, 0.045290322, 13.5268, 48.1262, 3200.02, NORM
64.47985268, 0.042387097, 13.497, 48.7416, 973.66, HIGH
56.44315033, 0.041290321, 13.497, 48.6672, 601.54, HIGH
54.90789413, 0.040335483, 13.522, 48.262, 570.02, LOW
56.26315804, 0.04548387, 13.2426, 48.9176, 1169.16, NORM
62.79487101, 0.0412043, 13.2282, 48.6812, 2238.2, NORM
63.43931618, 0.051806451, 13.2378, 48.7934, 7230.22, NORM
52.5625, 0.048564518, 13.2378, 49.441, 505.36, NORM
57.28947411, 0.042064515, 13.1706, 49.7892, 825.4, NORM
58.78947372, 0.043870966, 13.1658, 50.1698, 1095.04, NORM
61.48718033, 0.043290322, 13.0208, 49.7568, 694.54, NORM
61.11965739, 0.041720429, 13.1802, 49.8952, 1517.62, NORM
65.15476074, 0.042064516, 13.522, 48.8558, 1230.66, NORM
65.41208954, 0.044516127, 13.522, 48.417, 1274.8, LOW
60.53643532, 0.043096775, 13.4778, 48.7942, 1098.18, NORM
61.56949997, 0.056774191, 13.512, 48.7248, 569.98, LOW
60.5717509, 0.041677419, 13.546, 48.5804, 2829.46, NORM
60.76518148, 0.041591397, 13.6756, 49.3456, 1224.36, LOW
63.6678889, 0.041225806, 13.882, 48.0114, 4123.98, NORM
63.85367126, 0.044129033, 13.882, 47.7572, 4902.92, NORM
63.15384521, 0.044580644, 14.0356, 47.7392, 3865.4, HIGH
61.9948703, 0.04064516, 14.074, 47.371, 3904.84, HIGH
55.33333435, 0.047225807, 16.5058, 41.9792, 15902.32, LOW
60.67273941, 0.047161288, 16.9964, 41.7094, 17926.88, HIGH
61.94444466, 0.047591396, 17.2154, 40.389, 16183.0, HIGH
59.75506058, 0.047741935, 17.3914, 40.9346, 18844.54, HIGH
58.57827148, 0.12987097, 17.7148, 39.2396, 18619.08, HIGH
63.15206375, 0.249935482, 18.1048, 38.188, 3092.8, NORM
63.29743622, 0.06264516, 17.6722, 39.1576, 3315.12, LOW
54.96710459, 0.043931184, 17.8242, 39.4578, 2638.7, HIGH
62.65812022, 0.05367742, 17.0584, 40.237, 6605.8, NORM
59.11426023, 0.197677426, 17.0106, 40.4886, 6580.6, NORM
63.23076935, 0.069612904, 17.4626, 40.2298, 2727.0, NORM
52.2594697, 0.042778497, 17.1818, 40.7192, 1979.62, LOW
61.1923069, 0.04716129, 17.3344, 41.3066, 3586.32, LOW
64.56227188, 0.043612905, 17.4486, 40.106, 3613.12, HIGH
57.79605293, 0.045096774, 16.5488, 41.493, 2370.66, HIGH
57.82456156, 0.044086022, 17.0772, 41.8912, 1161.28, NORM
63.1538475, 0.053096775, 16.3248, 42.3854, 3826.0, HIGH
60.88888855, 0.054580644, 16.9012, 41.7242, 2269.74, HIGH
56.59986572, 0.044032259, 16.8822, 41.2426, 2124.66, HIGH
61.41970367, 0.046193548, 16.8962, 41.187, 3797.62, HIGH
63.46153755, 0.046774193, 16.7726, 41.0386, 3698.3, HIGH
62.23076884, 0.043784947, 16.7106, 40.9038, 2272.88, LOW
68.40201683, 0.044580645, 16.3104, 41.6766, 1878.72, NORM
63.78571548, 0.053225807, 16.2106, 42.8936, 9486.54, HIGH
59.90103493, 0.042064516, 16.3822, 42.6334, 3702.98, HIGH
63.64642258, 0.093225806, 16.606, 41.8122, 5514.68, HIGH
60.4343221, 0.108817206, 17.4198, 41.4184, 10514.58, NORM
59.41745249, 0.058924732, 17.5006, 41.2928, 10747.92, NORM
53.80592155, 0.051225806, 17.5958, 40.8418, 10041.54, NORM
61.4102562, 0.051741935, 18.9562, 38.4132, 11257.22, NORM
62.89743398, 0.064430105, 19.3462, 37.5302, 11908.4, NORM
64.4908432, 0.056064514, 19.5268, 36.9156, 6465.46, NORM
65.67277095, 0.054946234, 19.5648, 36.5798, 4019.94, NORM
59.90733236, 0.049462364, 19.532, 36.4394, 1937.04, NORM
60.4536335, 0.047354837, 19.5694, 36.5148, 4218.6, NORM
55.68421059, 0.046709677, 18.1856, 39.406, 1553.9, LOW
59.12145831, 0.046537633, 18.0666, 40.7268, 918.46, NORM
53.05625, 0.045505376, 18.0858, 40.684, 3436.52, NORM
59.12190882, 0.048516128, 18.0098, 39.6002, 1886.56, NORM
52.9, 0.045548387, 17.6054, 41.9192, 2892.54, NORM
54.25, 0.045419354, 17.9288, 40.4032, 2958.78, NORM
61.3504275, 0.047053761, 18.0858, 39.4278, 4124.0, NORM
62.9615387, 0.063483868, 17.8478, 40.034, 3818.12, NORM
61.78205223, 0.045548387, 17.8526, 40.131, 3308.84, NORM
63.38461609, 0.047225806, 17.7148, 40.5916, 1166.04, NORM
59.52451655, 0.046193548, 17.1914, 43.1094, 1905.5, NORM
57.81579056, 0.044774194, 17.6576, 40.38, 1421.44, NORM
57.70065727, 0.045870967, 17.5628, 40.9922, 1383.58, LOW
66.48168259, 0.047978494, 17.2864, 42.1578, 4243.82, LOW
55.22177277, 0.044215054, 17.415, 41.2766, 2164.08, LOW
62.09249001, 0.045677419, 18.4472, 40.2088, 3769.22, LOW
73.27555059, 0.071225805, 18.823, 39.2156, 5659.74, LOW
63.63369904, 0.083612904, 22.5898, 34.1044, 3581.58, LOW
56.45919942, 0.050150537, 22.7338, 34.3306, 1475.06, HIGH
58.97368317, 0.049858064, 22.6618, 34.1576, 2257.1, HIGH
62.11538467, 0.057290322, 22.6282, 34.4396, 8023.3, HIGH
58.87179451, 0.089354836, 22.561, 35.308, 10270.18, HIGH
58.4679484, 0.053892473, 22.8336, 34.373, 8234.58, LOW
56.52631645, 0.049032258, 23.5208, 34.3242, 8933.08, HIGH
56.65851364, 0.053913977, 23.713, 34.7212, 8661.88, HIGH
57.58353668, 0.049354837, 23.7706, 33.0272, 1315.8, LOW
57.71052666, 0.048258062, 24.161, 31.877, 1159.7, HIGH
63.08392715, 0.213677414, 23.9538, 31.7852, 1842.44, NORM
59.78569382, 0.046494625, 23.4, 32.8336, 1829.86, NORM
58.28947411, 0.050193547, 23.3088, 33.6392, 1580.7, NORM
61.99981995, 0.051354838, 22.5658, 35.586, 4314.78, LOW
58.10503807, 0.046443009, 22.7576, 35.3134, 2353.3, LOW
61.84615402, 0.052903224, 23.2512, 34.2326, 2056.88, HIGH
57.73684082, 0.045341935, 22.896, 34.7172, 2217.68, LOW
58.3353569, 0.049290322, 22.8576, 35.065, 3092.82, HIGH
55.73684235, 0.044709678, 21.7904, 37.3928, 1754.14, LOW
60.54700877, 0.045462365, 22.1732, 36.7676, 3635.2, LOW
59.3841657, 0.043526883, 22.537, 36.0456, 1341.02, LOW
57.98223101, 0.045741935, 22.537, 36.052, 1620.1, LOW
58.17251371, 0.043290324, 22.5754, 35.9308, 3862.24, HIGH
61.08974457, 0.047870967, 22.4026, 35.4712, 7424.14, HIGH
59.01034609, 0.047010753, 22.872, 34.768, 7826.18, LOW
64.43956146, 0.044709676, 23.5738, 33.2294, 1937.02, HIGH
62.58974304, 0.093935477, 23.4144, 33.7352, 2987.16, HIGH
55.91048139, 0.043892474, 23.1504, 34.2298, 2813.72, LOW
66.49053523, 0.04539785, 22.8192, 34.7564, 5355.44, LOW
60.94871902, 0.04683871, 22.9728, 34.3594, 2753.8, LOW
68.30342026, 0.044322579, 22.9104, 34.493, 1889.74, LOW
61.14350052, 0.042623656, 23.0544, 33.6024, 3561.1, LOW
61.27443581, 0.061870966, 22.9152, 34.0284, 6884.86, LOW
64.94413961, 0.043505378, 23.2704, 34.1678, 5919.9, HIGH
64.10745087, 0.048817204, 23.6026, 33.4592, 4544.98, HIGH
67.28571625, 0.051096774, 23.713, 33.2358, 4450.4, HIGH
68.6071434, 0.045612903, 23.737, 33.2446, 4609.64, HIGH
67.76190414, 0.049483871, 23.713, 33.3626, 5191.44, HIGH
66.63553212, 0.05232258, 23.6074, 33.3262, 6064.98, HIGH
60.57557335, 0.053870966, 26.119, 29.1378, 1314.22, NORM
60.68170497, 0.053763438, 24.8322, 30.3864, 3127.5, NORM
59.81443901, 0.065677418, 24.4696, 31.306, 1503.44, NORM
60.76923116, 0.116215054, 24.547, 31.3528, 1640.62, NORM
53.58771922, 0.050408601, 24.5518, 31.4608, 9555.92, NORM
61.84615402, 0.060903224, 25.162, 30.5828, 1940.2, NORM
61.36630058, 0.077806453, 24.7064, 30.7334, 3274.12, NORM
57.40350749, 0.046881719, 24.388, 31.5944, 2025.36, HIGH
56.13157921, 0.047139783, 24.383, 31.6478, 1825.1, LOW
58.50607376, 0.070064516, 24.3342, 31.4622, 5893.12, NORM
62.87786713, 0.061741935, 24.3294, 31.4552, 6339.34, NORM
58.31713829, 0.053419354, 24.537, 32.7548, 4265.9, NORM
60.24831276, 0.0576129, 24.6726, 31.2626, 4283.24, NORM
61.92307663, 0.051806451, 24.818, 31.0258, 2643.42, HIGH
55.69829597, 0.071935484, 24.813, 30.965, 2334.38, HIGH
59.63967565, 0.047440858, 24.8518, 30.9886, 2392.72, HIGH
60.58839378, 0.052580645, 24.8566, 31.4736, 3242.58, NORM
61.62393265, 0.054516129, 24.6434, 30.6876, 1508.16, HIGH
56.75328827, 0.064258066, 24.6674, 32.1494, 4029.4, NORM
56.63157768, 0.096387094, 24.6968, 32.4072, 3412.88, LOW
57.60526237, 0.094258064, 25.162, 30.8732, 4431.46, LOW
61.24786326, 0.054365589, 25.0208, 30.8746, 4191.8, LOW
59.95681419, 0.049956987, 25.9874, 29.636, 10700.62, HIGH
64.15750961, 0.099741933, 26.241, 29.5276, 11020.72, HIGH
63.78632355, 0.052086022, 26.891, 27.8902, 5566.72, LOW
62.82051277, 0.103935483, 26.49, 28.2618, 4256.44, LOW
59.08097153, 0.075096774, 25.9484, 29.4972, 3876.44, LOW
61.06275368, 0.049303226, 24.9, 31.0732, 2217.68, LOW
66.57965088, 0.060731181, 25.273, 30.1124, 4552.86, LOW
67.28651047, 0.071999999, 25.5496, 29.736, 7518.74, HIGH
69.58888855, 0.065032258, 25.7148, 29.8244, 7102.48, LOW
66.53229599, 0.096064511, 25.768, 29.6318, 6353.52, LOW
69.28888957, 0.048989246, 25.8998, 29.3374, 5522.58, LOW
48.69303055, 0.043354839, 12.7416, 27.1792, 10198.44, LOW
62.96581179, 0.055466665, 16.0724, 33.8642, 14920.02, HIGH
55.51622187, 0.049655914, 16.8584, 32.4956, 14013.36, NORM
53.30208333, 0.046795697, 16.9486, 32.6616, 13940.84, NORM
63.11538467, 0.049419353, 17.5816, 32.0214, 15765.16, LOW
65.91574936, 0.087483869, 19.4936, 28.2294, 13729.58, NORM
59.98987808, 0.063225805, 19.3224, 27.633, 3001.34, NORM
60.69995473, 0.056559141, 19.0608, 27.7266, 1702.1, NORM
58.98088989, 0.047741934, 18.985, 28.2562, 2583.52, NORM
59.50697174, 0.070752688, 17.382, 30.8354, 2980.88, NORM
59.41353531, 0.099096774, 17.0248, 32.8458, 2711.22, NORM
59.49865036, 0.082838708, 17.6864, 30.6234, 6276.26, NORM
64.485348, 0.071827956, 18.0952, 28.6784, 5286.06, NORM
65.29426015, 0.105892474, 18.0906, 28.7914, 5749.62, NORM
62.07962074, 0.070903225, 18.01, 29.809, 2635.56, NORM
61.66666565, 0.059741935, 18.1568, 30.697, 5300.26, NORM
66.70146408, 0.071225806, 18.176, 30.8976, 5705.46, NORM
60.91633034, 0.140516132, 18.1904, 30.2292, 5047.96, NORM
63.01282272, 0.110838709, 18.252, 30.0616, 4904.48, NORM
63.07692184, 0.090645157, 18.271, 29.4318, 6146.96, NORM
67.93635432, 0.096860216, 17.5148, 30.3968, 1799.86, NORM
60.50764771, 0.069462365, 17.5388, 30.3856, 1815.64, NORM
61.24615387, 0.044516129, 17.5724, 30.726, 1605.92, NORM
61.64102554, 0.10845161, 16.9726, 32.059, 1996.96, NORM
61.45299021, 0.051913978, 16.82, 31.9468, 1935.48, NORM
63.39914627, 0.28148386, 16.3964, 32.4212, 17712.46, NORM
60.69230728, 0.169096773, 16.9822, 30.5236, 2898.86, NORM
63.4102562, 0.082580646, 16.2154, 32.0966, 2933.54, NORM
64.79226799, 0.095741932, 16.0864, 31.9602, 3803.92, NORM
61.65292892, 0.055161291, 15.7956, 32.9626, 2673.4, NORM
61.85897408, 0.051638708, 15.6858, 32.7432, 3695.12, NORM
57.43815887, 0.080000002, 16.058, 33.1764, 3945.82, NORM
61.4871788, 0.077612903, 16.201, 32.364, 7383.1, NORM
56.71030019, 0.058451611, 16.201, 32.364, 7383.1, NORM
64.04519234, 0.06972043, 16.201, 32.364, 7383.1, NORM
60.05510457, 0.052709677, 22.7716, 21.8216, 1311.08, HIGH
54.30921059, 0.058258064, 22.7002, 22.346, 1672.14, HIGH
52.99166667, 0.057075267, 22.7146, 22.0244, 1566.5, HIGH
64.18986511, 0.169612899, 22.1108, 22.054, 10386.86, NORM
62.01282082, 0.085741937, 21.0554, 23.4606, 1676.86, LOW
61.13495178, 0.092064514, 20.4456, 24.791, 2613.46, NORM
58.98447914, 0.077935483, 16.7012, 30.0964, 855.38, HIGH
59.88888995, 0.052322579, 18.4946, 27.7758, 1670.56, HIGH
63.3614975, 0.084129032, 18.5138, 27.8778, 3141.68, HIGH
59.61673431, 0.05316129, 18.623, 27.2636, 3390.82, NORM
52.734375, 0.092387098, 19.1318, 27.2158, 2107.34, HIGH
61.60256386, 0.062322581, 18.5994, 27.1076, 1377.3, NORM
61.53296623, 0.108387097, 19.0416, 26.7458, 8720.24, NORM
63.87179642, 0.053870967, 19.7838, 25.8928, 6520.66, HIGH
64.42034963, 0.061978493, 19.8458, 26.0726, 6615.26, NORM
66.82906036, 0.129870968, 19.527, 25.9948, 2088.42, NORM
61.60256233, 0.078903223, 18.366, 27.9528, 2093.14, NORM
64.18922943, 0.053729031, 18.4426, 28.1792, 2149.9, NORM
60.42915039, 0.065612901, 18.6328, 28.0544, 3064.42, HIGH
56.1228068, 0.112903226, 18.699, 27.6312, 3330.9, HIGH
63.05841573, 0.060946238, 19.4696, 26.7584, 7947.64, NORM
62.01282005, 0.162129033, 19.8834, 26.4798, 10271.74, NORM
63.95758514, 0.154258064, 20.3646, 26.489, 8980.42, HIGH
58.64687449, 0.057462365, 20.8554, 25.9042, 5276.6, LOW
60.8011692, 0.086344086, 20.9222, 25.6858, 5281.34, NORM
61.32456169, 0.102193545, 20.4694, 24.7994, 9100.22, NORM
