@relation .a/eda_raw_ml/eda_raw_ml
@attribute Sound real [46.22267342, 79.2527832]
@attribute Dust real [0.02916129, 0.39787096]
@attribute TempEN real [10.521, 26.891]
@attribute RH real [17.24, 60.8856]
@attribute Light real [287.76, 32280.1]
@attribute EDA_level {HIGH, NORM, LOW}
@inputs Sound, Dust, TempEN, RH, Light
@outputs EDA_level
@data
57.01821899, 0.05864516, 20.3602, 30.5192, 2022.16, NORM
59.48583031, 0.061548386, 20.3836, 30.7214, 1563.36, NORM
58.23684235, 0.047638711, 18.452, 34.0414, 2684.42, NORM
57.52631645, 0.048967742, 18.1808, 34.3112, 3933.2, NORM
56.73684158, 0.043354839, 18.1952, 34.3846, 4054.6, NORM
59.21052628, 0.0636129, 17.0154, 37.2466, 3329.32, NORM
59.30566826, 0.056645162, 16.4582, 38.5004, 1621.68, LOW
58.26315867, 0.125161287, 16.5108, 38.5768, 1408.84, LOW
62.42307739, 0.077316127, 16.5062, 38.0798, 2269.72, NORM
61.70512772, 0.049032256, 16.487, 37.9748, 2023.78, NORM
61.76833038, 0.045397849, 14.7828, 40.7844, 1459.3, NORM
59.68826027, 0.052451611, 14.1124, 43.2422, 1388.34, NORM
64.79853363, 0.074709674, 13.9396, 45.5078, 1413.56, NORM
58.61133753, 0.042752688, 14.6154, 42.1, 3978.9, NORM
53.66666667, 0.074838708, 14.17, 43.331, 2720.68, NORM
61.7948719, 0.043548386, 13.4298, 44.7694, 2529.92, NORM
60.04723358, 0.042967743, 13.257, 45.1674, 1686.32, NORM
56.13157921, 0.058451612, 13.0304, 45.464, 1607.5, NORM
58.3421051, 0.040709676, 12.9824, 45.5642, 1552.32, NORM
59.00000076, 0.063999999, 12.8038, 46.196, 2280.78, NORM
57.18421097, 0.076129033, 12.7606, 46.5884, 2381.66, NORM
60.07354813, 0.109419354, 12.7462, 46.3504, 2818.44, NORM
57.84085236, 0.049419354, 13.016, 45.843, 4407.8, NORM
56.21052742, 0.056645158, 13.0304, 45.9132, 4787.8, NORM
55.33333359, 0.054838712, 13.0592, 45.9044, 4474.04, NORM
62.96153717, 0.066967742, 13.1072, 45.7544, 2753.8, LOW
65.04059982, 0.057290323, 13.064, 46.4216, 2835.8, NORM
59.35627518, 0.050709679, 13.0592, 46.11, 1795.14, NORM
60.33040975, 0.041015054, 12.9824, 46.15, 2097.86, NORM
60.57174988, 0.03952688, 12.968, 46.0552, 2354.86, NORM
58.48583069, 0.039741934, 12.5772, 46.888, 1700.54, NORM
60.61538391, 0.043290323, 12.6156, 46.8928, 1804.6, NORM
62.15384636, 0.061354836, 12.534, 47.2484, 1691.06, NORM
59.79419632, 0.044967741, 12.5628, 47.3512, 1883.46, NORM
60.80836678, 0.062516127, 12.5868, 47.4038, 2473.14, NORM
63.06410408, 0.04748387, 12.606, 47.4062, 2154.64, NORM
60.59649124, 0.056279567, 12.6732, 47.1666, 1225.92, NORM
60.58974304, 0.050451611, 12.683, 46.771, 505.34, NORM
61.57264989, 0.059397848, 12.678, 46.6526, 473.84, NORM
59.60323868, 0.038967741, 12.654, 46.8666, 1785.66, NORM
59.965588, 0.051225804, 12.678, 46.9006, 845.94, NORM
59.91632805, 0.041999999, 12.683, 47.3042, 1153.4, NORM
53.9692983, 0.035419355, 18.9466, 30.4588, 722.94, HIGH
61.16666603, 0.059741935, 17.5102, 32.7258, 618.86, LOW
62.85897484, 0.058451613, 17.32, 33.391, 574.74, LOW
59.85829887, 0.105290325, 17.1724, 32.925, 681.94, HIGH
59.68960851, 0.04967742, 16.0388, 36.5324, 421.76, HIGH
54.85526314, 0.051677419, 16.082, 36.1092, 451.74, HIGH
62.16239306, 0.048021504, 14.7018, 38.5848, 686.66, LOW
64.44231033, 0.123483868, 14.3564, 38.9962, 552.64, NORM
62.87179375, 0.050258065, 13.9444, 40.7994, 530.6, LOW
60.62033386, 0.051096773, 13.8772, 40.7222, 592.08, HIGH
54.36513138, 0.05051613, 13.8436, 41.283, 599.96, HIGH
53.86538467, 0.050709677, 13.786, 41.8658, 568.44, HIGH
60.18803329, 0.048516127, 13.6468, 42.052, 558.96, HIGH
62.12820409, 0.09352688, 13.507, 41.7072, 573.14, HIGH
61.23076897, 0.080838709, 13.2186, 42.9296, 412.3, HIGH
64.81135406, 0.05348387, 13.185, 43.1648, 757.64, LOW
62.04273631, 0.071182795, 13.137, 42.7876, 595.22, LOW
57.94534531, 0.040580645, 13.016, 43.3396, 801.8, HIGH
65.0201458, 0.04767742, 12.9344, 43.5812, 795.48, HIGH
66.36263529, 0.067870967, 12.9728, 43.6736, 607.84, HIGH
63.2115387, 0.056258064, 12.9872, 43.6692, 653.54, HIGH
62.10256488, 0.068881723, 12.8518, 44.0106, 669.36, LOW
65.24908524, 0.065870965, 12.8278, 44.5458, 517.96, LOW
63.78143819, 0.037032258, 12.8518, 44.1296, 372.92, HIGH
64.41392136, 0.04883871, 12.896, 43.8402, 451.72, LOW
61.75641022, 0.049483869, 12.896, 43.7838, 462.78, HIGH
59.52766457, 0.038387097, 16.0436, 39.6966, 3696.7, NORM
59.7726059, 0.124903221, 15.8004, 40.2592, 3398.68, LOW
62.96153908, 0.065548388, 14.7496, 43.4438, 4056.2, NORM
63.20512924, 0.038709678, 14.768, 43.2188, 4450.38, NORM
58.46018944, 0.059112905, 13.5988, 46.7816, 3526.42, NORM
59.87179527, 0.035806452, 13.161, 47.7252, 2019.02, NORM
61.54161148, 0.051870969, 12.9968, 47.8034, 2342.28, NORM
61.95726318, 0.038107526, 12.5964, 49.9884, 5273.44, NORM
58.68420944, 0.034258064, 12.5628, 48.9628, 4349.46, NORM
61.94645271, 0.032129032, 12.364, 49.9932, 2526.76, NORM
59.02024422, 0.034451612, 12.268, 50.7644, 2495.2, NORM
56.28070246, 0.066193548, 12.0496, 50.8626, 4606.48, NORM
61.64192581, 0.096129031, 12.0202, 50.5838, 5229.3, NORM
59.0912292, 0.031139784, 11.6956, 52.3842, 1684.78, NORM
60.33535767, 0.046516128, 11.248, 53.5856, 2968.24, NORM
56.17543818, 0.030193548, 10.9752, 55.0082, 4745.22, NORM
63.97893829, 0.042580646, 10.863, 55.4232, 2186.16, NORM
54.73026276, 0.043741936, 10.858, 55.291, 2599.26, NORM
58.59649251, 0.040593547, 10.8388, 55.4258, 1914.96, LOW
59.57354965, 0.035096775, 10.761, 56.042, 2802.68, NORM
61.79891942, 0.035161289, 10.6822, 56.1022, 3956.86, LOW
61.5441597, 0.031935484, 10.751, 56.0944, 3654.14, NORM
67.49419861, 0.031677418, 10.761, 55.958, 3059.68, NORM
59.83265991, 0.031956988, 10.761, 55.9402, 2022.18, LOW
58.9210537, 0.034129032, 10.702, 56.2958, 3023.4, NORM
61.57894669, 0.034903225, 10.712, 56.6494, 2269.72, HIGH
63.57692451, 0.061935485, 10.746, 56.589, 2160.94, HIGH
60.29419607, 0.032946237, 10.6284, 56.5352, 3933.22, NORM
53.58290558, 0.030967742, 14.0748, 30.618, 2387.22, NORM
55.52960548, 0.037524618, 16.7108, 39.7112, 4541.84, NORM
65.55624771, 0.039870967, 15.9722, 41.715, 6621.58, NORM
59.75641022, 0.040000001, 14.7158, 44.1966, 6410.28, HIGH
59.74088974, 0.121677418, 13.666, 46.6536, 3017.1, NORM
52.86363636, 0.036516129, 13.6084, 46.4406, 3081.76, NORM
52.29166667, 0.036086022, 13.594, 46.2828, 3100.7, NORM
59.35695038, 0.03535484, 12.9102, 47.6248, 7143.48, NORM
62.8205129, 0.03363441, 12.8568, 47.5622, 6211.64, NORM
59.7246961, 0.031827955, 12.7462, 47.839, 6700.4, NORM
60.02384135, 0.033935485, 12.683, 48.251, 6443.38, NORM
59.97908363, 0.032541936, 12.6204, 49.1738, 4042.0, NORM
58.57624893, 0.031458064, 12.582, 49.6728, 3337.22, NORM
62.68713226, 0.055053763, 12.606, 49.6272, 3379.74, NORM
56.71435038, 0.035741935, 12.606, 49.6702, 3504.32, NORM
61.93589745, 0.069032259, 18.3426, 34.1296, 1596.46, NORM
60.48448029, 0.074838711, 18.1002, 33.9496, 1814.06, HIGH
61.17543882, 0.043247311, 16.5388, 37.6508, 2624.5, NORM
62.45613937, 0.041677419, 16.058, 37.601, 3300.92, NORM
58.15789528, 0.046645162, 15.1222, 40.2486, 2941.42, NORM
56.54565837, 0.048516128, 15.0408, 40.4952, 3080.2, LOW
56.0, 0.04612903, 14.984, 40.9602, 3042.36, NORM
58.0350886, 0.055483871, 14.5434, 42.1486, 2993.46, NORM
54.0125, 0.062709675, 14.433, 41.8256, 2700.16, LOW
58.45343984, 0.063225805, 13.9876, 43.6628, 5148.88, NORM
54.90131531, 0.092258062, 13.8628, 44.4584, 2916.22, NORM
57.10526352, 0.133935482, 13.858, 44.734, 2315.48, HIGH
58.49999962, 0.039677418, 13.81, 44.4206, 2078.94, HIGH
56.97705866, 0.057268817, 13.377, 45.607, 2030.06, LOW
60.13967705, 0.059548385, 13.473, 45.1192, 3280.44, LOW
62.71762746, 0.038107527, 13.425, 45.2444, 4172.86, NORM
59.09626668, 0.040086023, 13.377, 44.6502, 4410.96, NORM
57.77058182, 0.044709676, 13.377, 45.4636, 3671.5, NORM
56.53289452, 0.068709678, 13.3482, 45.0408, 2820.04, NORM
61.63652725, 0.06989247, 13.329, 45.0196, 2944.6, LOW
67.05860804, 0.042322579, 13.064, 45.0686, 2842.1, NORM
61.32726021, 0.053870968, 13.016, 45.7306, 2600.86, NORM
57.23684158, 0.063548387, 12.9536, 46.4016, 2933.54, HIGH
63.20512924, 0.088838708, 12.8134, 46.2594, 1375.7, HIGH
60.10503947, 0.062688173, 12.7654, 46.7006, 2829.48, NORM
64.8684377, 0.038967742, 12.703, 46.7052, 1973.32, HIGH
61.79487305, 0.048903224, 12.534, 47.2236, 1867.64, NORM
57.47278417, 0.058107526, 12.5532, 47.3004, 921.62, NORM
60.65856934, 0.051419357, 12.4754, 47.3456, 1861.36, NORM
58.86842155, 0.037225806, 12.4274, 47.4078, 2337.54, NORM
61.53846169, 0.040709677, 12.3888, 47.8358, 2149.9, NORM
61.8675223, 0.06868817, 12.437, 47.6686, 942.1, NORM
62.47435913, 0.047419353, 12.4514, 47.677, 1151.82, NORM
58.46963552, 0.077505376, 12.3016, 47.713, 1169.18, LOW
57.92105179, 0.047419353, 12.3496, 48.09, 1415.12, HIGH
48.27180201, 0.031053763, 13.8464, 28.3026, 2023.0, LOW
61.63675283, 0.041978494, 17.3678, 35.9702, 2369.08, NORM
62.73076897, 0.039225807, 15.9768, 39.6188, 2974.54, NORM
58.03576241, 0.044903226, 15.9102, 39.0086, 2883.06, NORM
59.51754265, 0.067870967, 15.891, 38.9486, 2802.66, NORM
61.08951899, 0.038537634, 14.026, 43.8558, 2512.54, NORM
61.03846169, 0.041225807, 13.281, 45.72, 4445.66, NORM
54.71381569, 0.035290323, 12.7462, 46.7664, 3646.24, NORM
61.87179489, 0.032258063, 12.775, 46.273, 1839.28, NORM
64.87750664, 0.031999999, 12.7222, 46.0866, 1522.34, NORM
62.85897522, 0.032064516, 12.6588, 46.333, 3299.36, NORM
62.8461525, 0.054903223, 12.678, 46.354, 2473.12, NORM
63.02564316, 0.035161291, 12.678, 46.3416, 2709.66, NORM
58.91228142, 0.056387096, 12.5628, 46.9668, 3509.06, NORM
53.41666667, 0.032215054, 12.534, 47.5946, 3619.44, NORM
57.1578949, 0.042193549, 12.4754, 47.5748, 2482.58, NORM
55.81403605, 0.039075269, 12.3938, 47.7188, 2424.26, LOW
61.1970314, 0.033354839, 12.389, 47.681, 2794.8, NORM
61.78879967, 0.052129032, 12.437, 46.8324, 3223.66, NORM
61.66540614, 0.05045161, 12.3208, 47.32, 3892.2, NORM
59.6563207, 0.035440861, 12.369, 47.3386, 3762.9, NORM
61.64102554, 0.042451612, 12.369, 46.6628, 2922.52, NORM
60.41970291, 0.051935481, 12.1902, 46.2552, 1773.08, NORM
57.62145767, 0.02916129, 12.1516, 46.517, 2220.84, NORM
51.28205261, 0.035870968, 12.0728, 48.2486, 8992.22, HIGH
66.94349848, 0.03944086, 18.0714, 49.4204, 14631.48, LOW
57.59649099, 0.037376343, 17.9812, 51.3656, 3542.18, HIGH
54.07884598, 0.037032258, 17.344, 53.8526, 3699.84, HIGH
54.37200893, 0.038258064, 17.3818, 53.9506, 3799.16, HIGH
60.67948723, 0.038516128, 17.2912, 53.87, 4051.44, LOW
59.59514046, 0.038903227, 17.0248, 54.5678, 5711.8, LOW
57.4682869, 0.035225807, 16.8488, 55.5386, 3025.0, LOW
59.44230728, 0.038387097, 16.9198, 55.1584, 4925.0, LOW
61.71794802, 0.037612903, 16.915, 55.6278, 5962.48, LOW
65.4496315, 0.084322579, 16.801, 56.1656, 3234.72, HIGH
57.15227178, 0.036774193, 16.725, 56.209, 3969.46, LOW
62.34052938, 0.060129032, 16.7442, 56.899, 2192.46, NORM
63.62820396, 0.036903226, 16.3344, 56.211, 4256.44, LOW
63.0219794, 0.037548388, 16.6156, 54.3242, 4079.86, LOW
62.31908785, 0.03772043, 16.725, 53.512, 4217.04, LOW
61.70085576, 0.040559138, 16.725, 53.5736, 5508.4, HIGH
63.69230804, 0.066838711, 16.677, 54.1496, 3192.16, LOW
63.20512886, 0.067354839, 16.677, 54.156, 3168.48, LOW
64.37912178, 0.048548387, 16.4822, 55.106, 8587.8, HIGH
62.16666565, 0.052967742, 16.3824, 53.9598, 2616.64, LOW
60.15618413, 0.045247311, 16.3392, 54.2534, 2394.28, LOW
61.59828924, 0.036473118, 16.2202, 54.707, 5019.6, HIGH
64.99572601, 0.062494622, 16.511, 54.0148, 8630.36, HIGH
67.20146255, 0.040838709, 16.4198, 54.1062, 7288.54, HIGH
65.93650767, 0.040430108, 16.511, 54.027, 4798.82, LOW
64.45848694, 0.044021506, 16.9486, 52.5528, 4934.44, HIGH
66.60347977, 0.050451611, 16.9438, 52.5028, 7088.28, HIGH
63.75640869, 0.060838708, 22.9488, 30.0676, 1091.92, NORM
62.51281993, 0.042012902, 22.6186, 31.2938, 1104.52, HIGH
60.86167297, 0.043225806, 21.7478, 33.0242, 1307.92, HIGH
64.43955994, 0.158838709, 21.9294, 32.6282, 3786.58, HIGH
66.05586243, 0.042258062, 21.9438, 32.6164, 2861.04, LOW
56.43960876, 0.099225803, 22.0104, 32.0428, 2279.16, HIGH
54.95394707, 0.045999998, 20.5454, 34.6534, 2164.1, HIGH
61.3270668, 0.040559139, 20.8648, 34.677, 2957.2, HIGH
64.93681412, 0.039870966, 21.1988, 34.603, 2165.68, LOW
59.50783234, 0.04335484, 21.0558, 34.3912, 953.14, LOW
59.33063316, 0.049741934, 21.103, 34.5808, 950.0, HIGH
63.40000259, 0.041849462, 21.0224, 34.3024, 3229.98, HIGH
63.71245346, 0.04483871, 20.96, 35.2994, 2592.98, LOW
65.57326152, 0.059010752, 20.9744, 35.1226, 3107.0, LOW
63.30036647, 0.111268817, 20.9648, 35.023, 1102.92, HIGH
58.70400492, 0.039913979, 20.9408, 35.4092, 1273.2, HIGH
59.95681648, 0.044774192, 21.0272, 34.844, 2091.56, LOW
62.3076917, 0.05152688, 20.9174, 35.025, 1982.76, LOW
59.23077011, 0.053806451, 20.7838, 35.8416, 1054.04, HIGH
53.55836694, 0.049053762, 20.9792, 35.4922, 1032.0, HIGH
56.37500162, 0.041290322, 21.056, 35.216, 1009.92, HIGH
54.36842117, 0.047569892, 20.96, 36.3584, 1451.42, HIGH
53.4375, 0.059548386, 20.96, 37.25, 1514.48, HIGH
54.1539473, 0.096387095, 20.9744, 37.33, 1574.4, HIGH
60.67071609, 0.07729032, 20.9936, 36.65, 2030.06, HIGH
61.11111145, 0.049483871, 21.056, 35.348, 1514.48, LOW
61.41925189, 0.065634407, 21.2134, 34.6504, 1500.28, HIGH
58.80701701, 0.055638707, 21.2322, 34.7514, 1486.08, HIGH
61.10256424, 0.046322581, 21.342, 34.438, 1434.06, HIGH
66.55189158, 0.057333331, 22.4314, 32.5934, 2779.02, HIGH
68.47142944, 0.055741933, 22.5178, 32.761, 3225.26, HIGH
62.77228495, 0.065548385, 22.5226, 32.5814, 2116.8, HIGH
66.1611702, 0.08819355, 22.585, 32.16, 2121.54, HIGH
60.78205032, 0.053483872, 22.537, 31.6684, 1388.32, HIGH
63.2692318, 0.038741936, 22.417, 31.7178, 1534.98, HIGH
59.96828613, 0.041935483, 17.1486, 42.3842, 1129.74, NORM
58.32725945, 0.041032258, 16.4726, 43.8316, 1473.48, NORM
60.11111069, 0.039784945, 16.3916, 44.0118, 1657.96, NORM
60.87336922, 0.058322578, 16.582, 44.857, 7846.72, LOW
54.17543894, 0.040946235, 17.5768, 42.8738, 636.22, LOW
64.93101451, 0.050623655, 17.5816, 41.8716, 1303.18, NORM
58.04048653, 0.040709676, 17.4006, 41.7492, 1457.7, NORM
60.95681458, 0.03948387, 17.1204, 43.2472, 5446.9, NORM
69.39589945, 0.066666665, 16.939, 43.3596, 4122.42, LOW
59.85902367, 0.040774193, 16.9486, 43.761, 4333.7, LOW
57.10526199, 0.039870967, 16.9294, 44.2534, 3152.68, NORM
56.3421051, 0.041419355, 16.987, 44.0446, 3129.06, NORM
65.11996307, 0.041548388, 16.887, 44.0454, 3015.54, NORM
58.84075546, 0.040129031, 16.7964, 44.997, 1733.66, NORM
60.09986572, 0.04080645, 16.868, 44.5308, 834.9, LOW
59.23616638, 0.038967741, 16.6108, 46.1214, 1169.16, NORM
60.012146, 0.039677418, 16.5916, 46.3708, 1177.06, NORM
59.66801567, 0.041341937, 16.4822, 47.148, 1172.32, NORM
58.09041748, 0.039112902, 16.3488, 47.7636, 1181.78, NORM
61.7435894, 0.041806451, 16.2202, 48.2408, 2335.96, NORM
58.72379634, 0.039311828, 16.2298, 48.0172, 1965.44, NORM
61.13765221, 0.050425806, 16.0484, 47.4252, 4169.72, LOW
59.42914963, 0.10596129, 16.0628, 47.095, 3029.72, LOW
61.73954124, 0.045290322, 16.0868, 46.8286, 1090.32, LOW
59.95119146, 0.039449461, 15.4188, 47.8314, 7086.7, NORM
56.12280782, 0.048817204, 16.4868, 46.4584, 7942.9, NORM
58.8596494, 0.041892473, 16.5724, 46.1924, 7969.7, NORM
63.51282043, 0.042400001, 16.8392, 45.5324, 7127.68, NORM
62.98717995, 0.045741936, 18.1952, 41.7104, 1312.66, NORM
56.714807, 0.040516128, 17.4722, 43.0084, 1505.0, NORM
60.52564049, 0.041096773, 17.1626, 43.0298, 1454.54, LOW
60.29082298, 0.043225804, 17.0106, 43.3428, 1590.16, NORM
62.29374695, 0.048989245, 16.6868, 43.6092, 1508.14, NORM
60.45951385, 0.045612902, 16.0196, 45.2994, 1903.92, NORM
60.36167374, 0.040064514, 15.972, 46.9956, 2730.14, LOW
68.83333588, 0.041806452, 17.8718, 42.212, 4928.12, LOW
66.19169668, 0.042236559, 18.1522, 42.4164, 5566.72, NORM
64.01439819, 0.050838709, 19.0082, 40.5858, 6358.26, NORM
66.88919678, 0.046, 19.1128, 40.6554, 7711.1, NORM
63.49999962, 0.049419354, 19.208, 40.2786, 8103.72, NORM
64.07784119, 0.044580646, 19.56, 39.6246, 6955.84, LOW
58.89473648, 0.046451614, 19.7458, 39.2232, 7086.72, LOW
56.447369, 0.047870967, 20.0358, 39.4942, 7110.36, HIGH
61.77594503, 0.132623658, 21.1318, 28.333, 1230.64, LOW
59.78609962, 0.181032256, 19.9598, 29.4244, 2137.28, LOW
56.94736811, 0.127311824, 18.9798, 31.7488, 1460.88, NORM
59.47030983, 0.092645159, 18.8704, 31.885, 1922.84, LOW
53.25, 0.11529032, 17.8052, 34.328, 2370.64, LOW
54.41973694, 0.084129031, 17.9716, 33.9046, 2365.92, HIGH
55.21184265, 0.09729032, 18.1048, 33.5098, 2421.1, LOW
53.5, 0.107870967, 18.1284, 33.236, 2408.5, NORM
60.63157768, 0.11032258, 18.4044, 32.978, 11254.06, NORM
53.3125, 0.116193551, 17.496, 35.2268, 694.54, LOW
58.39473724, 0.134967743, 17.1818, 36.7514, 1057.22, LOW
58.1725146, 0.15191398, 16.7154, 38.3664, 1120.3, LOW
61.48718033, 0.119483874, 16.6012, 37.0686, 1457.72, HIGH
52.6875, 0.080193545, 16.8296, 38.7522, 3923.78, LOW
61.34187927, 0.124043006, 16.9294, 36.8102, 3518.52, LOW
60.54116109, 0.137806449, 17.1484, 36.4426, 7193.92, HIGH
68.75238037, 0.11116129, 17.8958, 35.148, 5386.98, LOW
60.46153819, 0.073462367, 17.5244, 36.4674, 6139.1, LOW
72.15634613, 0.102193549, 17.943, 35.962, 10218.16, HIGH
73.58888626, 0.11812903, 17.9906, 35.8364, 15077.7, HIGH
65.9681722, 0.071268815, 18.2048, 35.2038, 10974.98, HIGH
62.96153679, 0.06580645, 20.2028, 31.245, 10431.0, HIGH
59.70917702, 0.073419352, 20.3454, 31.0578, 10971.84, HIGH
55.21077957, 0.061741934, 20.1978, 31.0916, 12879.7, HIGH
67.35488281, 0.084967742, 20.5694, 31.623, 6281.0, LOW
62.33333308, 0.052387095, 20.698, 31.98, 811.24, NORM
63.25213687, 0.046941934, 20.6504, 31.8828, 823.86, NORM
55.78947258, 0.045354838, 20.3978, 32.4514, 1069.82, NORM
57.62820435, 0.044774194, 20.3646, 32.3884, 1251.16, NORM
59.52704706, 0.064344085, 19.898, 33.1344, 5880.5, NORM
60.64102554, 0.045225806, 19.5886, 33.72, 1039.88, NORM
60.74359055, 0.045225806, 19.4936, 33.7704, 1032.0, NORM
60.85469971, 0.046537633, 19.4268, 33.8564, 1087.14, NORM
53.13596497, 0.047483871, 20.2884, 32.7728, 549.5, LOW
63.8840037, 0.054150538, 19.0272, 33.8124, 3110.14, NORM
62.20879059, 0.042752687, 19.0128, 34.0676, 1058.78, NORM
60.08596535, 0.048064516, 19.5412, 34.3346, 1755.72, NORM
60.2896993, 0.044473119, 18.7944, 34.3234, 871.16, NORM
59.21052704, 0.096774196, 18.9658, 34.8844, 856.96, NORM
57.44858459, 0.042967741, 18.9466, 34.83, 1080.84, NORM
55.3368425, 0.044241933, 18.8846, 35.3418, 1055.66, NORM
59.88461533, 0.046322581, 18.2284, 36.1988, 1136.06, NORM
63.7042099, 0.04483871, 20.0312, 32.6436, 8059.56, NORM
66.07142843, 0.04516129, 20.3598, 32.5538, 8614.58, NORM
61.82051163, 0.04548387, 20.7744, 31.8274, 7315.34, LOW
63.97436066, 0.045935483, 20.8554, 31.6746, 9912.24, LOW
65.97435989, 0.046709676, 21.2846, 30.7982, 1323.68, NORM
59.75843353, 0.041720431, 20.4646, 31.8066, 1465.6, LOW
66.72619171, 0.056258066, 20.5026, 31.4108, 5760.66, NORM
62.30036621, 0.045612903, 21.008, 32.2666, 6776.12, NORM
63.69230652, 0.047741935, 21.9246, 29.9086, 8710.76, NORM
64.30769516, 0.048709677, 22.336, 27.6186, 1214.88, NORM
64.14102669, 0.043677421, 21.4278, 29.2102, 1566.52, NORM
61.8376063, 0.043509679, 21.5378, 29.5546, 1334.72, NORM
63.56043854, 0.044989247, 19.8788, 31.9936, 3925.32, LOW
59.41565564, 0.061741934, 21.9822, 31.88, 1845.6, NORM
55.4850882, 0.044451613, 21.5854, 29.5718, 472.26, NORM
55.23853006, 0.044322582, 21.676, 29.3712, 459.62, NORM
63.4102562, 0.045612903, 21.1366, 29.9904, 1847.18, NORM
63.30769119, 0.044000001, 21.07, 29.6432, 1588.56, NORM
62.82051468, 0.044043012, 20.698, 30.074, 1758.86, NORM
63.33882713, 0.04348387, 20.2692, 30.898, 997.28, NORM
59.5985157, 0.043806453, 20.6884, 30.0798, 1892.88, NORM
60.62685623, 0.045058064, 20.5646, 30.9634, 1259.02, NORM
67.88095245, 0.042967744, 20.5358, 31.1742, 3685.68, NORM
57.26315918, 0.044817205, 20.722, 31.097, 3136.94, NORM
56.13157921, 0.044129031, 20.9744, 30.4648, 2979.26, NORM
64.7423701, 0.046141934, 20.8602, 30.168, 6099.66, NORM
59.01147079, 0.047483869, 21.1078, 30.2356, 3652.54, NORM
64.10744832, 0.04540215, 21.2226, 30.8532, 1758.86, NORM
68.09828949, 0.058774195, 21.0652, 30.546, 1456.12, NORM
53.83333333, 0.045419354, 21.3276, 30.4876, 1178.62, NORM
67.98809509, 0.044258065, 20.8314, 30.5928, 4169.74, NORM
60.39145376, 0.043578496, 20.4408, 31.246, 3217.4, NORM
57.59935837, 0.043870969, 20.3506, 31.0848, 6722.46, LOW
58.84817734, 0.048580646, 20.2552, 30.957, 6869.1, LOW
60.39829107, 0.047311829, 19.7412, 32.2072, 7327.96, LOW
67.04212494, 0.046129031, 20.6172, 31.1544, 8737.58, HIGH
60.43859698, 0.049126882, 20.5074, 31.1852, 7450.92, HIGH
59.83805644, 0.048731181, 20.6314, 31.156, 7458.82, HIGH
62.45421219, 0.050322579, 22.0772, 29.8138, 4838.28, HIGH
60.93589821, 0.043935485, 22.2212, 28.7768, 2548.82, LOW
61.42307549, 0.046632257, 22.2164, 28.81, 3349.8, LOW
63.48717804, 0.04683871, 21.4466, 30.2572, 2783.76, HIGH
58.41767807, 0.087948386, 20.9506, 30.883, 2941.42, HIGH
64.75128021, 0.048774192, 21.4084, 30.4082, 5010.14, LOW
70.62275136, 0.048051613, 22.2068, 29.744, 12915.96, HIGH
63.87362518, 0.04784516, 23.4576, 27.6854, 5722.84, LOW
62.23076935, 0.054516128, 23.5114, 27.4052, 14092.22, HIGH
46.49686775, 0.039354838, 17.5416, 22.0018, 778.92, HIGH
66.32539571, 0.044516129, 20.717, 28.8098, 497.48, LOW
66.397435, 0.053741933, 20.4122, 29.629, 454.92, LOW
63.51002731, 0.044274194, 20.5406, 30.4618, 547.92, NORM
66.63491923, 0.049462365, 20.2124, 30.7804, 652.0, NORM
63.86446762, 0.070387095, 20.2978, 30.6074, 1077.72, NORM
64.75458069, 0.063096774, 18.8418, 32.6156, 587.32, NORM
54.27456131, 0.046193549, 19.389, 31.7448, 566.86, NORM
54.86184235, 0.043806453, 19.389, 31.7118, 544.74, NORM
55.35526352, 0.045225805, 19.3746, 31.704, 557.38, NORM
64.38461456, 0.046774194, 19.27, 32.1648, 540.04, NORM
65.24908447, 0.04563441, 18.9706, 33.2604, 1076.12, NORM
64.5927948, 0.04516129, 18.9034, 33.4982, 1055.66, NORM
63.0641037, 0.048967741, 18.913, 32.8334, 1090.32, NORM
60.43454781, 0.042774195, 18.9082, 32.8594, 1054.06, NORM
68.42063293, 0.052516128, 18.7662, 33.3536, 1225.92, NORM
68.83333282, 0.042903226, 18.747, 33.319, 1396.2, NORM
61.32051201, 0.043354838, 18.723, 33.35, 773.42, NORM
66.17765808, 0.043961291, 18.699, 34.1104, 631.52, NORM
53.83333333, 0.041182795, 18.6612, 33.8114, 477.0, NORM
65.22893677, 0.043225808, 18.652, 33.5146, 691.4, NORM
64.60073395, 0.047354838, 18.6376, 33.454, 648.86, NORM
61.25641047, 0.044688172, 18.5848, 33.8832, 669.34, NORM
65.81318385, 0.043010755, 18.58, 33.8168, 667.78, NORM
64.54444542, 0.055741936, 18.5522, 33.7814, 533.72, NORM
68.73809814, 0.044903226, 18.557, 34.2022, 443.86, NORM
65.53937836, 0.041741936, 18.6232, 33.7816, 850.68, NORM
67.99603195, 0.044516129, 18.6942, 33.9132, 1137.62, NORM
59.10526428, 0.042838711, 18.7422, 33.7794, 443.82, LOW
60.22469597, 0.043793548, 18.771, 33.67, 445.4, LOW
66.78571396, 0.042516129, 19.008, 33.3892, 1531.82, NORM
68.81745987, 0.044645162, 18.9706, 33.4718, 1095.06, NORM
64.38827858, 0.042645163, 19.008, 33.047, 1006.78, NORM
62.34358856, 0.042150539, 19.008, 32.9744, 950.0, NORM
63.35897408, 0.042219355, 14.002, 46.5716, 6826.56, LOW
62.16239192, 0.044387098, 13.4538, 48.8406, 2153.06, NORM
66.33333435, 0.041290322, 13.5844, 48.6786, 2745.9, NORM
60.76788216, 0.123096774, 13.7236, 47.848, 1419.84, NORM
59.88394127, 0.044064517, 13.738, 47.763, 1158.1, NORM
58.79960302, 0.041849461, 13.5364, 48.6472, 1706.82, NORM
61.39743462, 0.042193548, 13.4394, 48.2446, 2167.26, NORM
61.02564049, 0.049922579, 13.2138, 49.481, 1788.84, NORM
61.92307688, 0.040516128, 13.329, 49.3608, 3720.34, NORM
67.31623726, 0.074000002, 13.353, 49.204, 3163.74, NORM
60.84229991, 0.179827958, 13.122, 48.8954, 2045.82, NORM
62.70512657, 0.050387094, 13.2186, 48.6862, 1601.18, NORM
52.89583333, 0.042778497, 13.257, 49.4376, 603.1, LOW
57.97368317, 0.041096773, 13.1802, 49.8276, 1115.56, NORM
59.66194344, 0.046774194, 13.57, 48.33, 622.06, NORM
63.94261322, 0.040774194, 13.497, 48.8278, 1158.12, NORM
64.39926643, 0.051290322, 13.5508, 49.1254, 2525.2, NORM
73.60444183, 0.044709678, 13.594, 49.2238, 1210.14, NORM
62.85627632, 0.045354838, 13.8868, 47.7268, 4972.28, NORM
69.35225906, 0.062967741, 14.3092, 46.9344, 3088.08, HIGH
59.28947525, 0.166838711, 17.8814, 38.6956, 19024.3, LOW
65.46703339, 0.059999999, 18.2332, 38.0264, 4168.16, NORM
59.49198647, 0.044490323, 17.5532, 39.6158, 2950.88, HIGH
58.11740926, 0.052559138, 17.9428, 39.4316, 2550.4, LOW
59.68735911, 0.045225807, 17.8052, 39.185, 3294.64, HIGH
52.8, 0.044322581, 17.491, 40.5288, 2846.84, NORM
58.42094065, 0.102365588, 17.5772, 40.1652, 2864.18, NORM
60.20467911, 0.059096775, 17.0916, 40.9588, 6012.94, NORM
64.33333435, 0.056903227, 17.5436, 40.2322, 4100.34, NORM
61.2699056, 0.044344087, 17.3486, 41.167, 1419.9, NORM
65.7506279, 0.05367742, 17.201, 41.0606, 3535.86, NORM
57.15676956, 0.044043012, 17.344, 40.7304, 4133.46, HIGH
61.62820473, 0.043951614, 17.3486, 40.4742, 4120.84, LOW
59.41430435, 0.044193549, 17.3724, 39.7376, 2192.44, LOW
56.68421135, 0.04335484, 17.1344, 39.8726, 2194.06, HIGH
66.85384674, 0.043677421, 17.0964, 41.9954, 2118.36, NORM
59.73009377, 0.044387096, 16.9918, 41.9134, 1342.62, HIGH
52.225, 0.044301076, 16.8202, 41.8492, 1358.36, HIGH
60.42481155, 0.045419354, 16.8392, 42.5782, 2971.38, HIGH
63.7838829, 0.04516129, 16.9058, 42.6242, 2570.9, LOW
62.29914474, 0.044713979, 16.8248, 42.0094, 2272.88, LOW
60.91025658, 0.046967741, 16.4582, 41.738, 1916.56, NORM
62.9871788, 0.045548387, 16.3584, 42.4464, 2454.22, HIGH
54.0, 0.044774194, 16.915, 40.8754, 2149.9, HIGH
56.32236824, 0.045354838, 16.7202, 41.4612, 1471.92, HIGH
64.28205007, 0.044774194, 16.7914, 41.929, 1951.24, LOW
63.0752272, 0.045032258, 16.225, 42.9014, 1202.26, HIGH
63.47008464, 0.086451616, 16.8536, 41.4952, 3302.54, NORM
63.69230881, 0.05051613, 16.8056, 41.4838, 4034.12, LOW
63.02564163, 0.050064516, 16.7106, 41.4792, 4377.86, HIGH
59.49415169, 0.045419354, 17.1058, 40.922, 4444.06, HIGH
67.4649587, 0.045075269, 17.5388, 40.4696, 2987.16, HIGH
54.35526352, 0.04704516, 17.7196, 40.74, 9964.28, NORM
63.1410244, 0.052451611, 19.4744, 36.5772, 4918.7, NORM
60.60569611, 0.047806449, 18.1286, 40.6566, 3707.74, NORM
61.5213679, 0.049419354, 18.5708, 39.3764, 6117.02, NORM
59.35060623, 0.055612904, 17.4056, 40.7628, 1903.94, NORM
60.37786865, 0.044387097, 18.1096, 39.7078, 4716.84, NORM
59.03913727, 0.045096774, 18.2096, 39.564, 4429.88, NORM
61.64102478, 0.04548387, 17.9102, 40.1758, 2216.1, NORM
57.85560099, 0.046666667, 17.748, 40.4218, 899.54, LOW
58.52429123, 0.04664516, 17.724, 40.6442, 1071.4, NORM
60.674764, 0.04576344, 17.7576, 40.9366, 2184.58, NORM
57.98245595, 0.044120431, 17.6626, 41.1186, 2260.26, NORM
66.9276535, 0.045935483, 17.796, 40.7034, 3509.06, NORM
60.92307587, 0.062967742, 17.8006, 40.601, 1561.78, NORM
60.83333321, 0.046, 17.3296, 41.6772, 2137.26, LOW
56.84637884, 0.043849464, 17.4054, 41.3338, 2897.3, LOW
63.3846138, 0.04516129, 17.7336, 41.0434, 4284.82, LOW
63.64102478, 0.068645164, 17.724, 40.8816, 4617.52, NORM
59.3927124, 0.04548387, 18.3142, 40.4388, 3835.46, LOW
62.48717918, 0.063032258, 19.094, 39.1086, 5175.68, HIGH
52.34871826, 0.046021503, 19.65, 25.254, 6716.98, LOW
57.73684196, 0.04864516, 24.3438, 31.987, 1885.0, LOW
60.033962, 0.051204299, 23.1696, 32.4858, 2304.42, HIGH
58.96131312, 0.048516128, 22.7434, 34.3314, 1758.88, HIGH
59.48447952, 0.048980645, 22.6186, 34.2864, 2575.62, HIGH
59.84615402, 0.074838709, 22.7146, 35.534, 8911.0, HIGH
57.49342056, 0.047561288, 23.3232, 34.505, 8726.54, LOW
61.75427144, 0.052215053, 23.7322, 34.3906, 9975.34, LOW
62.74359131, 0.046774194, 23.9924, 32.9204, 1620.12, LOW
56.44503492, 0.047913978, 24.0452, 32.4634, 1085.6, LOW
62.52564125, 0.045677419, 23.4192, 32.8352, 2886.24, NORM
59.99679527, 0.047354838, 22.681, 35.1472, 2537.76, LOW
57.91228053, 0.04792258, 22.7386, 35.5166, 1673.74, LOW
59.03643799, 0.053677417, 22.7526, 35.5908, 3654.12, HIGH
61.29487267, 0.04335484, 23.208, 36.4548, 6648.4, HIGH
60.97435939, 0.053892471, 23.5066, 34.4756, 3393.96, HIGH
59.13562698, 0.045096774, 23.352, 34.3416, 2055.3, HIGH
56.15789363, 0.05535484, 23.208, 34.6204, 2219.28, HIGH
61.22267189, 0.046387095, 22.7668, 34.7912, 2183.0, HIGH
60.74358902, 0.043096776, 23.0016, 34.7006, 2143.58, LOW
60.844804, 0.07348387, 22.8384, 35.4072, 2140.46, LOW
60.85875015, 0.093591391, 22.7718, 35.3942, 1888.14, LOW
57.55263214, 0.04457478, 22.2596, 35.9658, 1769.92, LOW
60.21025635, 0.044193549, 22.4218, 36.3376, 4360.5, LOW
60.74359093, 0.047935484, 22.465, 36.2958, 1687.92, LOW
60.09581757, 0.044645162, 22.441, 35.3688, 7657.5, HIGH
58.68421021, 0.049516128, 22.441, 35.2502, 7703.22, HIGH
64.2902916, 0.04483871, 22.6618, 35.3108, 8031.2, LOW
65.14975128, 0.04516129, 22.6714, 35.1136, 7900.3, LOW
56.9298233, 0.048473117, 22.9824, 34.5128, 7837.24, LOW
64.37484843, 0.070735483, 23.6218, 33.834, 7263.3, HIGH
56.42105255, 0.04443871, 23.4288, 34.156, 2585.08, HIGH
65.63003731, 0.051677418, 22.848, 34.6064, 5125.22, HIGH
62.29914398, 0.148688177, 22.9728, 34.5318, 2083.68, LOW
60.0609539, 0.049978494, 23.0496, 33.622, 3565.82, HIGH
58.86707077, 0.046129031, 23.521, 33.2318, 5677.1, HIGH
64.4523819, 0.044387097, 23.8666, 33.1294, 7122.98, HIGH
65.57234573, 0.0636129, 23.7226, 33.1162, 6140.64, HIGH
64.15384636, 0.047225805, 23.7418, 33.4452, 4552.88, HIGH
62.05128288, 0.045967741, 24.4744, 33.0104, 5716.52, HIGH
63.92307549, 0.05864516, 26.0412, 29.3556, 2449.48, LOW
61.92307663, 0.049741936, 25.8218, 29.059, 1932.32, LOW
59.07827225, 0.056774191, 25.3264, 29.6292, 1754.16, NORM
61.82051353, 0.085600003, 24.1658, 31.9174, 8573.62, NORM
64.30128326, 0.051290321, 24.0884, 31.9042, 7646.44, NORM
64.24541969, 0.049032257, 24.0404, 32.1212, 6952.68, NORM
52.70833333, 0.062107525, 24.8758, 30.4914, 1268.5, NORM
52.25189394, 0.067118278, 24.9192, 30.5358, 1309.5, NORM
56.125, 0.069032257, 24.8806, 30.8022, 1374.14, NORM
60.16599159, 0.055096773, 24.968, 30.6952, 1435.62, NORM
58.29419594, 0.049225805, 24.8758, 30.8488, 1634.3, NORM
55.98947327, 0.050838709, 24.2958, 31.8284, 1995.38, HIGH
56.75641136, 0.051548387, 24.3342, 31.4354, 2689.14, NORM
59.72051315, 0.085483871, 24.808, 31.3618, 6195.84, NORM
54.66351852, 0.052344084, 24.8614, 31.0226, 2460.54, LOW
55.94078929, 0.052107526, 24.1994, 32.1554, 3327.74, LOW
59.7962204, 0.060903225, 24.7886, 32.0998, 4180.76, HIGH
60.92063433, 0.088172039, 25.0208, 30.969, 5442.18, LOW
57.57894783, 0.048645159, 25.0352, 30.2006, 8874.74, LOW
66.15476303, 0.099935484, 24.837, 30.3532, 8374.92, LOW
55.32631607, 0.064129031, 26.2264, 29.0106, 3744.0, LOW
59.30418376, 0.051440858, 26.3336, 28.6648, 3890.62, NORM
63.65384445, 0.049741935, 26.314, 28.738, 5374.34, LOW
66.67795817, 0.055354838, 25.5934, 29.8144, 6694.08, LOW
62.48840154, 0.050666666, 25.9678, 29.207, 4603.34, HIGH
63.39194069, 0.050709675, 26.0706, 29.1134, 5421.68, HIGH
63.878545, 0.05877419, 25.9828, 29.0314, 8857.4, LOW
65.11877085, 0.051440858, 25.9386, 29.1094, 7744.22, LOW
62.63023071, 0.064, 25.9484, 29.2122, 5678.66, HIGH
62.65114746, 0.095419355, 16.6394, 32.6466, 15175.44, NORM
65.07051544, 0.101096777, 18.0144, 31.6572, 17160.58, NORM
64.42033005, 0.098903225, 18.1524, 31.0476, 17832.28, NORM
64.32539749, 0.079397851, 18.6658, 28.958, 17352.94, NORM
62.76922989, 0.071677418, 18.9226, 28.9124, 13103.6, NORM
64.92124634, 0.054645158, 19.0608, 28.7298, 7802.58, NORM
62.37667796, 0.052043009, 19.4648, 28.127, 6706.74, NORM
56.15789413, 0.050903225, 19.5176, 28.4858, 2816.86, NORM
61.17948761, 0.050064516, 17.819, 30.8798, 7048.88, NORM
62.04858398, 0.049419355, 17.71, 30.6982, 7157.68, NORM
61.1538456, 0.058387096, 18.1808, 29.4442, 5549.36, NORM
62.45299072, 0.058924729, 18.1712, 28.9642, 5973.52, NORM
60.02946447, 0.049483869, 18.1336, 29.1208, 2402.18, NORM
60.92307625, 0.077032255, 18.033, 30.2026, 2567.74, NORM
56.44736824, 0.054451611, 17.3582, 29.993, 1695.8, NORM
62.74358864, 0.059483868, 17.0344, 31.9988, 2783.76, NORM
74.22814535, 0.092774193, 17.5244, 30.6098, 4172.86, NORM
62.55555649, 0.079311826, 16.8296, 32.1054, 2238.18, NORM
60.79487267, 0.063935485, 16.844, 31.8304, 1875.56, NORM
65.08889084, 0.063612903, 17.2394, 30.0228, 3770.8, NORM
61.99145126, 0.055397849, 17.0868, 30.109, 2175.12, NORM
63.06140442, 0.071225805, 16.1198, 31.8714, 2023.78, NORM
67.18803329, 0.077354841, 16.2866, 32.0502, 2851.56, NORM
61.42307663, 0.100516128, 16.3104, 31.9208, 2900.44, NORM
63.79487076, 0.074709676, 16.3296, 31.9424, 6143.82, NORM
61.74359055, 0.08825806, 15.4278, 32.1176, 2597.7, NORM
63.09279582, 0.074709675, 15.8054, 32.741, 2140.44, NORM
63.99376068, 0.120344081, 16.1386, 32.2534, 3305.66, NORM
66.61904602, 0.124387093, 16.201, 32.364, 7383.1, NORM
64.21794891, 0.108322576, 16.201, 32.364, 7383.1, NORM
61.26691742, 0.068193548, 16.201, 32.364, 7383.1, NORM
62.02564163, 0.052989246, 16.201, 32.364, 7383.1, NORM
61.5384608, 0.068021503, 16.201, 32.364, 7383.1, NORM
68.26740112, 0.171612892, 16.201, 32.364, 7383.1, NORM
60.37944221, 0.102086021, 16.201, 32.364, 7383.1, NORM
66.88644943, 0.05296774, 23.3712, 21.4814, 5185.14, HIGH
60.304319, 0.170709682, 22.6282, 22.1284, 2028.48, LOW
53.75, 0.085419358, 22.6282, 22.3754, 1650.04, LOW
61.2793541, 0.08980645, 22.5946, 22.0852, 2369.04, HIGH
56.56140404, 0.107935481, 16.9966, 29.4458, 891.68, HIGH
60.84458021, 0.079655913, 17.5102, 30.0058, 1661.12, LOW
60.96851044, 0.228989253, 18.452, 28.1934, 2097.86, HIGH
58.89878464, 0.049612903, 18.818, 26.6614, 3064.42, NORM
59.11808319, 0.065935484, 18.737, 26.8028, 3923.76, NORM
61.38461456, 0.079096771, 19.0368, 26.6646, 3595.78, LOW
63.14473877, 0.072451611, 18.9988, 26.6886, 3551.64, HIGH
63.60256653, 0.063290323, 18.9608, 26.9544, 2126.24, HIGH
62.73324458, 0.071612902, 18.447, 28.5604, 3264.68, NORM
61.46153793, 0.067935483, 18.2902, 28.6876, 3004.5, HIGH
52.19166667, 0.069548389, 18.8656, 28.5336, 2594.52, HIGH
59.97031021, 0.060258063, 19.0842, 26.9572, 3666.72, NORM
60.11943321, 0.102193547, 19.1416, 26.9682, 1273.22, LOW
59.01619441, 0.074473119, 18.5944, 27.0874, 3425.48, LOW
57.10526352, 0.06348387, 19.4032, 27.25, 9912.24, NORM
56.55263252, 0.049548387, 19.4792, 26.9468, 9923.28, NORM
62.48718058, 0.087010753, 19.722, 25.9422, 11783.86, LOW
62.9358963, 0.068129032, 19.2462, 26.7344, 1703.68, NORM
63.63644829, 0.066000001, 19.108, 27.0464, 2679.7, NORM
61.11875839, 0.103161292, 18.918, 27.387, 1933.88, HIGH
61.81376648, 0.083096774, 18.4188, 28.0704, 3587.92, NORM
57.31578903, 0.074709678, 18.675, 27.616, 2995.04, HIGH
60.95739365, 0.122193549, 18.699, 27.6512, 3107.0, HIGH
62.69230843, 0.124258065, 18.5282, 27.7586, 7264.88, NORM
61.55667953, 0.054064517, 20.7504, 26.0046, 5363.32, HIGH
62.77961006, 0.103892472, 21.7286, 24.481, 7988.62, NORM
62.3441288, 0.072967743, 21.786, 24.1992, 10027.32, NORM
